Date,High,Low,Open,Close,Volume,Adj Close
2007-09-04,10.989999771118164,10.550000190734863,10.699999809265137,10.949999809265137,380700.0,9.23216724395752
2007-09-05,10.850000381469727,10.5600004196167,10.850000381469727,10.619999885559082,212800.0,8.953936576843262
2007-09-06,10.600000381469727,10.0,10.529999732971191,10.350000381469727,492200.0,8.72629451751709
2007-09-07,10.199999809265137,9.699999809265137,10.199999809265137,10.050000190734863,293600.0,8.473357200622559
2007-09-10,10.40999984741211,10.050000190734863,10.100000381469727,10.199999809265137,675400.0,8.599827766418457
2007-09-11,10.600000381469727,10.300000190734863,10.399999618530273,10.460000038146973,843900.0,8.819038391113281
2007-09-12,10.800000190734863,10.5,10.5,10.680000305175781,640500.0,9.004526138305664
2007-09-13,11.270000457763672,10.649999618530273,10.75,11.109999656677246,785000.0,9.3670654296875
2007-09-14,11.350000381469727,10.75,10.979999542236328,11.300000190734863,1295500.0,9.52725887298584
2007-09-17,11.479999542236328,10.699999809265137,11.479999542236328,11.1899995803833,438100.0,9.434513092041016
2007-09-18,11.699999809265137,11.010000228881836,11.300000190734863,11.449999809265137,1126900.0,9.653727531433105
2007-09-19,11.649999618530273,11.199999809265137,11.59000015258789,11.479999542236328,698900.0,9.679020881652832
2007-09-20,11.829999923706055,11.470000267028809,11.5,11.640000343322754,1069800.0,9.813920974731445
2007-09-21,12.300000190734863,11.6899995803833,11.6899995803833,12.25,1225500.0,10.328224182128906
2007-09-24,12.699999809265137,12.199999809265137,12.390000343322754,12.399999618530273,1007600.0,10.454690933227539
2007-09-25,12.399999618530273,12.050000190734863,12.34000015258789,12.109999656677246,1065300.0,10.210186004638672
2007-09-26,12.800000190734863,12.25,12.300000190734863,12.569999694824219,1191900.0,10.598023414611816
2007-09-27,13.0,12.550000190734863,12.619999885559082,12.930000305175781,1941000.0,10.901544570922852
2007-09-28,13.300000190734863,12.75,12.979999542236328,12.899999618530273,1034600.0,10.876250267028809
2007-10-01,13.380000114440918,12.850000381469727,13.0,13.279999732971191,890900.0,11.196639060974121
2007-10-02,13.350000381469727,12.25,13.350000381469727,13.029999732971191,1079800.0,10.985856056213379
2007-10-03,13.109999656677246,12.399999618530273,13.029999732971191,12.430000305175781,455100.0,10.479984283447266
2007-10-04,13.09000015258789,12.600000381469727,12.600000381469727,12.949999809265137,852000.0,10.918407440185547
2007-10-05,13.350000381469727,13.0,13.1899995803833,13.239999771118164,354000.0,11.162912368774414
2007-10-08,13.199999809265137,12.880000114440918,13.199999809265137,13.100000381469727,184800.0,11.044875144958496
2007-10-09,13.199999809265137,12.880000114440918,13.100000381469727,13.100000381469727,438300.0,11.044875144958496
2007-10-10,13.100000381469727,12.75,12.949999809265137,12.960000038146973,456000.0,10.926839828491211
2007-10-11,13.149999618530273,12.399999618530273,13.050000190734863,12.40999984741211,340600.0,10.463122367858887
2007-10-12,12.539999961853027,12.149999618530273,12.399999618530273,12.279999732971191,333100.0,10.353516578674316
2007-10-15,12.479999542236328,12.09000015258789,12.4399995803833,12.34000015258789,517400.0,10.404106140136719
2007-10-16,12.34000015258789,10.859999656677246,12.15999984741211,12.199999809265137,498700.0,10.286066055297852
2007-10-17,12.479999542236328,11.989999771118164,12.350000381469727,12.09000015258789,750200.0,10.193324089050293
2007-10-18,12.34000015258789,11.899999618530273,12.180000305175781,12.239999771118164,404400.0,10.319790840148926
2007-10-19,12.699999809265137,11.930000305175781,12.199999809265137,12.0,458700.0,10.117444038391113
2007-10-22,12.109999656677246,11.5,11.720000267028809,12.0,501100.0,10.117444038391113
2007-10-23,12.279999732971191,12.0600004196167,12.149999618530273,12.119999885559082,488800.0,10.218616485595703
2007-10-24,12.25,12.0,12.119999885559082,12.1899995803833,590000.0,10.277636528015137
2007-10-25,12.300000190734863,12.100000381469727,12.239999771118164,12.180000305175781,343900.0,10.269206047058105
2007-10-26,12.399999618530273,12.199999809265137,12.199999809265137,12.390000343322754,461900.0,10.446259498596191
2007-10-29,12.699999809265137,12.289999961853027,12.449999809265137,12.399999618530273,724300.0,10.454690933227539
2007-10-30,12.579999923706055,12.3100004196167,12.34000015258789,12.489999771118164,163700.0,10.530572891235352
2007-10-31,13.0,12.399999618530273,12.5,12.699999809265137,431600.0,10.707626342773438
2007-11-01,12.75,12.300000190734863,12.75,12.609999656677246,358800.0,10.631746292114258
2007-11-02,12.75,12.0,12.5,12.149999618530273,499700.0,10.243911743164062
2007-11-05,12.350000381469727,11.75,12.199999809265137,11.850000381469727,510400.0,9.990976333618164
2007-11-06,12.069999694824219,11.739999771118164,11.739999771118164,11.960000038146973,624600.0,10.083717346191406
2007-11-07,12.0,11.479999542236328,11.979999542236328,11.529999732971191,506300.0,9.721177101135254
2007-11-08,11.869999885559082,10.760000228881836,11.529999732971191,11.270000457763672,588000.0,9.50196647644043
2007-11-09,11.199999809265137,9.529999732971191,11.199999809265137,11.039999961853027,545300.0,9.308048248291016
2007-11-12,10.949999809265137,10.079999923706055,10.949999809265137,10.300000190734863,580900.0,8.684138298034668
2007-11-13,11.079999923706055,10.100000381469727,10.100000381469727,10.800000190734863,1008700.0,9.105700492858887
2007-11-14,11.289999961853027,10.729999542236328,10.729999542236328,11.010000228881836,1264700.0,9.282753944396973
2007-11-15,10.970000267028809,10.479999542236328,10.949999809265137,10.619999885559082,107100.0,8.953936576843262
2007-11-16,11.670000076293945,10.600000381469727,10.600000381469727,11.539999961853027,478800.0,9.729608535766602
2007-11-19,11.399999618530273,10.829999923706055,11.399999618530273,10.920000076293945,655300.0,9.206872940063477
2007-11-20,11.199999809265137,10.75,11.149999618530273,10.800000190734863,498100.0,9.105700492858887
2007-11-21,10.699999809265137,10.100000381469727,10.539999961853027,10.329999923706055,392500.0,8.709431648254395
2007-11-23,10.619999885559082,10.210000038146973,10.5,10.449999809265137,159900.0,8.810606956481934
2007-11-26,10.729999542236328,10.069999694824219,10.699999809265137,10.100000381469727,508400.0,8.515514373779297
2007-11-27,10.569999694824219,9.930000305175781,10.039999961853027,10.0,355000.0,8.43120288848877
2007-11-28,10.710000038146973,10.0,10.0,10.600000381469727,226100.0,8.9370756149292
2007-11-29,11.649999618530273,10.520000457763672,10.600000381469727,11.109999656677246,685200.0,9.3670654296875
2007-11-30,11.279999732971191,10.729999542236328,11.199999809265137,10.850000381469727,182600.0,9.147855758666992
2007-12-03,11.239999771118164,10.75,10.75,10.949999809265137,170700.0,9.23216724395752
2007-12-04,11.100000381469727,10.850000381469727,10.859999656677246,10.869999885559082,131000.0,9.164716720581055
2007-12-05,11.25,10.859999656677246,10.859999656677246,11.029999732971191,186000.0,9.299615859985352
2007-12-06,11.079999923706055,10.800000190734863,11.079999923706055,10.899999618530273,259600.0,9.190009117126465
2007-12-07,11.050000190734863,10.779999732971191,10.850000381469727,10.930000305175781,305400.0,9.21530532836914
2007-12-10,11.069999694824219,10.5,11.069999694824219,10.720000267028809,458600.0,9.038249969482422
2007-12-11,11.050000190734863,10.800000190734863,10.850000381469727,10.899999618530273,450500.0,9.190009117126465
2007-12-12,11.25,10.399999618530273,10.949999809265137,10.630000114440918,471600.0,8.962368965148926
2007-12-13,10.649999618530273,10.220000267028809,10.600000381469727,10.390000343322754,207800.0,8.76002025604248
2007-12-14,10.899999618530273,10.069999694824219,10.399999618530273,10.829999923706055,387500.0,9.130993843078613
2007-12-17,10.699999809265137,10.25,10.699999809265137,10.350000381469727,487200.0,8.72629451751709
2007-12-18,10.970000267028809,10.350000381469727,10.350000381469727,10.869999885559082,508000.0,9.164716720581055
2007-12-19,11.0,10.4399995803833,10.890000343322754,10.800000190734863,512200.0,9.105700492858887
2007-12-20,11.069999694824219,10.699999809265137,10.850000381469727,10.989999771118164,3899800.0,9.265892028808594
2007-12-21,11.300000190734863,11.130000114440918,11.149999618530273,11.229999542236328,431900.0,9.468241691589355
2007-12-24,11.5,11.220000267028809,11.220000267028809,11.479999542236328,124700.0,9.679020881652832
2007-12-26,11.670000076293945,11.40999984741211,11.489999771118164,11.59000015258789,187800.0,9.771763801574707
2007-12-27,11.899999618530273,11.420000076293945,11.5,11.699999809265137,666700.0,9.864508628845215
2007-12-28,12.930000305175781,11.59000015258789,11.760000228881836,12.510000228881836,1379700.0,10.547435760498047
2007-12-31,12.699999809265137,11.869999885559082,12.319999694824219,12.600000381469727,916100.0,10.623315811157227
2008-01-02,12.600000381469727,11.949999809265137,12.350000381469727,12.1899995803833,877400.0,10.277636528015137
2008-01-03,12.510000228881836,12.020000457763672,12.149999618530273,12.279999732971191,461400.0,10.353516578674316
2008-01-04,12.390000343322754,11.930000305175781,12.300000190734863,12.149999618530273,515000.0,10.243911743164062
2008-01-07,12.520000457763672,12.0,12.199999809265137,12.300000190734863,1298100.0,10.370378494262695
2008-01-08,13.25,12.350000381469727,12.350000381469727,12.899999618530273,2100900.0,10.876250267028809
2008-01-09,14.449999809265137,13.0,13.010000228881836,13.9399995803833,3862300.0,11.753097534179688
2008-01-10,14.399999618530273,13.279999732971191,14.140000343322754,13.5,1123900.0,11.382121086120605
2008-01-11,13.90999984741211,13.300000190734863,13.550000190734863,13.59000015258789,716100.0,11.458003044128418
2008-01-14,14.5,13.640000343322754,13.640000343322754,13.880000114440918,2956400.0,11.702509880065918
2008-01-15,13.899999618530273,13.010000228881836,13.899999618530273,13.319999694824219,1514500.0,11.230360984802246
2008-01-16,13.100000381469727,11.199999809265137,13.100000381469727,12.680000305175781,2264300.0,10.690766334533691
2008-01-17,13.170000076293945,12.050000190734863,12.710000038146973,13.170000076293945,2250500.0,11.10389518737793
2008-01-18,13.649999618530273,13.0,13.25,13.59000015258789,1352700.0,11.458003044128418
2008-01-22,13.399999618530273,11.670000076293945,12.800000190734863,12.970000267028809,1055100.0,10.935270309448242
2008-01-23,12.550000190734863,11.649999618530273,12.5,12.479999542236328,1156800.0,10.522141456604004
2008-01-24,12.920000076293945,12.130000114440918,12.600000381469727,12.470000267028809,1006900.0,10.513710975646973
2008-01-25,12.989999771118164,12.479999542236328,12.600000381469727,12.5600004196167,618800.0,10.589591979980469
2008-01-28,13.579999923706055,12.359999656677246,12.40999984741211,13.5600004196167,951500.0,11.432710647583008
2008-01-29,13.6899995803833,13.270000457763672,13.649999618530273,13.569999694824219,1245100.0,11.441141128540039
2008-01-30,14.300000190734863,13.420000076293945,13.65999984741211,13.649999618530273,1366700.0,11.508590698242188
2008-01-31,14.5600004196167,13.380000114440918,13.380000114440918,14.350000381469727,727600.0,12.098775863647461
2008-02-01,15.289999961853027,13.949999809265137,14.510000228881836,14.539999961853027,1515900.0,12.258968353271484
2008-02-04,14.489999771118164,13.970000267028809,14.489999771118164,14.050000190734863,282400.0,11.84583854675293
2008-02-05,14.029999732971191,12.90999984741211,14.0,12.979999542236328,717800.0,10.943700790405273
2008-02-06,13.069999694824219,12.640000343322754,12.979999542236328,12.710000038146973,555100.0,10.716057777404785
2008-02-07,12.789999961853027,12.0,12.489999771118164,12.579999923706055,555200.0,10.606452941894531
2008-02-08,13.25,12.550000190734863,12.65999984741211,12.899999618530273,480500.0,10.876250267028809
2008-02-11,14.170000076293945,12.90999984741211,13.0,13.960000038146973,764600.0,11.76995849609375
2008-02-12,14.25,13.649999618530273,14.180000305175781,13.699999809265137,607200.0,11.550745964050293
2008-02-13,14.010000228881836,13.489999771118164,13.670000076293945,13.899999618530273,319800.0,11.719371795654297
2008-02-14,14.3100004196167,13.75,14.3100004196167,13.880000114440918,258300.0,11.702509880065918
2008-02-15,14.039999961853027,13.449999809265137,13.699999809265137,13.899999618530273,304100.0,11.719371795654297
2008-02-19,14.65999984741211,14.0,14.25,14.069999694824219,499600.0,11.862703323364258
2008-02-20,14.359999656677246,13.3100004196167,14.15999984741211,14.279999732971191,590600.0,12.03975772857666
2008-02-21,15.050000190734863,14.350000381469727,14.350000381469727,14.850000381469727,1228000.0,12.520336151123047
2008-02-22,15.050000190734863,14.34000015258789,14.760000228881836,14.640000343322754,1068300.0,12.343280792236328
2008-02-25,14.779999732971191,14.300000190734863,14.720000267028809,14.5,371400.0,12.225245475769043
2008-02-26,15.0,14.300000190734863,14.5,14.430000305175781,731600.0,12.166224479675293
2008-02-27,14.739999771118164,14.369999885559082,14.5,14.699999809265137,706400.0,12.393866539001465
2008-02-28,15.180000305175781,14.460000038146973,14.460000038146973,14.989999771118164,2379900.0,12.638373374938965
2008-02-29,15.149999618530273,14.75,15.039999961853027,15.0,877500.0,12.64680290222168
2008-03-03,16.190000534057617,14.899999618530273,15.119999885559082,15.75,2731400.0,13.279144287109375
2008-03-04,15.90999984741211,14.609999656677246,15.84000015258789,15.140000343322754,991000.0,12.764841079711914
2008-03-05,15.800000190734863,15.010000228881836,15.199999809265137,15.529999732971191,862400.0,13.093657493591309
2008-03-06,15.739999771118164,14.75,15.739999771118164,15.029999732971191,1378000.0,12.672096252441406
2008-03-07,15.149999618530273,14.220000267028809,15.0,14.649999618530273,840500.0,12.351712226867676
2008-03-10,14.739999771118164,13.329999923706055,14.539999961853027,13.579999923706055,984400.0,11.449573516845703
2008-03-11,14.390000343322754,13.680000305175781,14.1899995803833,14.390000343322754,469400.0,12.132501602172852
2008-03-12,14.359999656677246,13.579999923706055,14.279999732971191,14.0,913500.0,11.803683280944824
2008-03-13,14.25,13.520000457763672,13.890000343322754,14.229999542236328,548600.0,11.997602462768555
2008-03-14,14.390000343322754,13.489999771118164,14.25,13.869999885559082,1023400.0,11.69407844543457
2008-03-17,13.359999656677246,12.109999656677246,13.359999656677246,12.680000305175781,983700.0,10.690766334533691
2008-03-18,13.239999771118164,12.119999885559082,13.15999984741211,12.699999809265137,1067500.0,10.707626342773438
2008-03-19,12.670000076293945,11.489999771118164,12.470000267028809,12.0600004196167,678100.0,10.168030738830566
2008-03-20,12.34000015258789,10.890000343322754,12.0,12.319999694824219,1355000.0,10.38724136352539
2008-03-24,13.680000305175781,12.09000015258789,12.300000190734863,12.729999542236328,774800.0,10.732919692993164
2008-03-25,13.020000457763672,12.640000343322754,12.640000343322754,12.859999656677246,265000.0,10.842525482177734
2008-03-26,13.069999694824219,12.069999694824219,12.710000038146973,12.34000015258789,606900.0,10.404106140136719
2008-03-27,12.84000015258789,11.449999809265137,12.710000038146973,11.850000381469727,1035300.0,9.990976333618164
2008-03-28,12.180000305175781,11.850000381469727,12.010000228881836,12.050000190734863,1423300.0,10.159598350524902
2008-03-31,13.109999656677246,12.100000381469727,12.149999618530273,12.319999694824219,484000.0,10.38724136352539
2008-04-01,12.630000114440918,11.8100004196167,12.630000114440918,11.850000381469727,873200.0,9.990976333618164
2008-04-02,12.380000114440918,11.75,11.899999618530273,12.380000114440918,734300.0,10.437830924987793
2008-04-03,13.050000190734863,12.220000267028809,12.600000381469727,12.649999618530273,625800.0,10.665471076965332
2008-04-04,12.819999694824219,12.5,12.65999984741211,12.5600004196167,530600.0,10.589591979980469
2008-04-07,13.170000076293945,12.789999961853027,12.800000190734863,13.109999656677246,569600.0,11.053306579589844
2008-04-08,13.09000015258789,12.930000305175781,13.0,13.09000015258789,544600.0,11.036445617675781
2008-04-09,13.149999618530273,12.420000076293945,13.149999618530273,12.770000457763672,585200.0,10.766646385192871
2008-04-10,13.0,12.600000381469727,12.6899995803833,12.869999885559082,401000.0,10.850957870483398
2008-04-11,12.9399995803833,12.5,12.899999618530273,12.770000457763672,536800.0,10.766646385192871
2008-04-14,13.5,12.640000343322754,12.789999961853027,13.149999618530273,389600.0,11.087032318115234
2008-04-15,13.800000190734863,13.069999694824219,13.239999771118164,13.640000343322754,573700.0,11.500162124633789
2008-04-16,14.760000228881836,13.8100004196167,13.899999618530273,14.539999961853027,1455100.0,12.258968353271484
2008-04-17,14.829999923706055,14.239999771118164,14.380000114440918,14.800000190734863,1272500.0,12.478179931640625
2008-04-18,15.020000457763672,13.720000267028809,15.020000457763672,13.75,405100.0,11.592903137207031
2008-04-21,13.930000305175781,13.510000228881836,13.520000457763672,13.920000076293945,246200.0,11.736233711242676
2008-04-22,13.9399995803833,13.300000190734863,13.9399995803833,13.4399995803833,430200.0,11.331536293029785
2008-04-23,13.489999771118164,13.029999732971191,13.489999771118164,13.109999656677246,185700.0,11.053306579589844
2008-04-24,13.050000190734863,12.180000305175781,13.0,12.550000190734863,1043900.0,10.581158638000488
2008-04-25,13.079999923706055,12.40999984741211,12.5,13.0,492000.0,10.960563659667969
2008-04-28,13.300000190734863,12.890000343322754,12.930000305175781,13.109999656677246,257800.0,11.053306579589844
2008-04-29,13.149999618530273,12.59000015258789,13.119999885559082,12.770000457763672,275300.0,10.766646385192871
2008-04-30,13.350000381469727,12.600000381469727,12.899999618530273,13.260000228881836,411500.0,11.17977523803711
2008-05-01,13.84000015258789,13.25,13.5,13.3100004196167,502600.0,11.221930503845215
2008-05-02,13.5,13.210000038146973,13.489999771118164,13.390000343322754,1052700.0,11.28938102722168
2008-05-05,13.449999809265137,13.180000305175781,13.449999809265137,13.3100004196167,260200.0,11.221930503845215
2008-05-06,13.520000457763672,12.90999984741211,13.199999809265137,13.449999809265137,327900.0,11.339969635009766
2008-05-07,13.649999618530273,13.100000381469727,13.449999809265137,13.229999542236328,459200.0,11.154481887817383
2008-05-08,13.449999809265137,13.140000343322754,13.25,13.289999961853027,187900.0,11.20506763458252
2008-05-09,13.40999984741211,13.119999885559082,13.34000015258789,13.210000038146973,226800.0,11.137619018554688
2008-05-12,13.720000267028809,13.109999656677246,13.34000015258789,13.6899995803833,176400.0,11.542314529418945
2008-05-13,13.789999961853027,13.369999885559082,13.789999961853027,13.609999656677246,197100.0,11.474865913391113
2008-05-14,13.569999694824219,13.050000190734863,13.550000190734863,13.100000381469727,589200.0,11.044875144958496
2008-05-15,13.4399995803833,13.199999809265137,13.300000190734863,13.359999656677246,180600.0,11.264087677001953
2008-05-16,13.75,13.449999809265137,13.550000190734863,13.59000015258789,664800.0,11.458003044128418
2008-05-19,14.020000457763672,13.329999923706055,13.779999732971191,13.359999656677246,388100.0,11.264087677001953
2008-05-20,13.5600004196167,13.100000381469727,13.15999984741211,13.470000267028809,402500.0,11.356830596923828
2008-05-21,13.470000267028809,13.15999984741211,13.34000015258789,13.239999771118164,293800.0,11.162912368774414
2008-05-22,13.489999771118164,13.029999732971191,13.270000457763672,13.1899995803833,245600.0,11.120756149291992
2008-05-23,13.300000190734863,12.300000190734863,13.300000190734863,12.5,816800.0,10.5390043258667
2008-05-27,12.649999618530273,12.039999961853027,12.5,12.279999732971191,599300.0,10.353516578674316
2008-05-28,12.449999809265137,11.670000076293945,12.279999732971191,12.020000457763672,1661600.0,10.134306907653809
2008-05-29,12.399999618530273,12.0,12.069999694824219,12.25,990900.0,10.328224182128906
2008-05-30,12.170000076293945,11.5,12.130000114440918,11.779999732971191,1147500.0,9.931955337524414
2008-06-02,11.829999923706055,11.460000038146973,11.6899995803833,11.579999923706055,726500.0,9.763333320617676
2008-06-03,11.65999984741211,11.5,11.65999984741211,11.5600004196167,266400.0,9.746471405029297
2008-06-04,11.520000457763672,10.75,11.520000457763672,11.40999984741211,1225200.0,9.620001792907715
2008-06-05,11.539999961853027,10.979999542236328,11.430000305175781,11.430000305175781,1056000.0,9.63686466217041
2008-06-06,11.520000457763672,11.170000076293945,11.5,11.5,1092800.0,9.695884704589844
2008-06-09,11.520000457763672,11.15999984741211,11.520000457763672,11.380000114440918,501500.0,9.594708442687988
2008-06-10,11.449999809265137,10.989999771118164,11.449999809265137,11.029999732971191,492300.0,9.299615859985352
2008-06-11,11.489999771118164,11.010000228881836,11.020000457763672,11.319999694824219,560300.0,9.544119834899902
2008-06-12,11.300000190734863,10.930000305175781,11.300000190734863,11.109999656677246,507200.0,9.3670654296875
2008-06-13,11.449999809265137,11.140000343322754,11.260000228881836,11.270000457763672,495200.0,9.50196647644043
2008-06-16,11.619999885559082,11.279999732971191,11.279999732971191,11.510000228881836,512700.0,9.704314231872559
2008-06-17,12.680000305175781,11.609999656677246,11.640000343322754,12.65999984741211,1235700.0,10.673901557922363
2008-06-18,12.90999984741211,12.0600004196167,12.729999542236328,12.84000015258789,1624300.0,10.825664520263672
2008-06-19,12.890000343322754,12.109999656677246,12.8100004196167,12.319999694824219,821800.0,10.38724136352539
2008-06-20,12.479999542236328,11.9399995803833,12.140000343322754,12.3100004196167,647200.0,10.378811836242676
2008-06-23,12.479999542236328,11.899999618530273,12.3100004196167,12.15999984741211,508400.0,10.252341270446777
2008-06-24,12.699999809265137,12.149999618530273,12.300000190734863,12.569999694824219,460700.0,10.598023414611816
2008-06-25,12.890000343322754,12.609999656677246,12.75,12.789999961853027,563700.0,10.783507347106934
2008-06-26,12.90999984741211,12.369999885559082,12.90999984741211,12.579999923706055,421900.0,10.606452941894531
2008-06-27,12.890000343322754,12.4399995803833,12.4399995803833,12.630000114440918,720800.0,10.648608207702637
2008-06-30,12.850000381469727,12.59000015258789,12.600000381469727,12.649999618530273,530500.0,10.665471076965332
2008-07-01,13.520000457763672,12.630000114440918,12.649999618530273,13.489999771118164,1529200.0,11.37369155883789
2008-07-02,13.960000038146973,13.5,13.720000267028809,13.75,1086100.0,11.592903137207031
2008-07-03,13.989999771118164,13.640000343322754,13.739999771118164,13.989999771118164,574000.0,11.79525089263916
2008-07-07,13.930000305175781,12.699999809265137,13.819999694824219,12.869999885559082,947000.0,10.850957870483398
2008-07-08,13.0,12.600000381469727,12.970000267028809,12.6899995803833,617300.0,10.69919490814209
2008-07-09,13.119999885559082,12.819999694824219,12.859999656677246,12.920000076293945,463800.0,10.893112182617188
2008-07-10,13.09000015258789,12.649999618530273,12.760000228881836,12.970000267028809,429700.0,10.935270309448242
2008-07-11,13.579999923706055,12.869999885559082,13.0,13.239999771118164,754700.0,11.162912368774414
2008-07-14,13.729999542236328,13.319999694824219,13.5600004196167,13.449999809265137,362500.0,11.339969635009766
2008-07-15,13.609999656677246,12.960000038146973,13.4399995803833,13.149999618530273,1154900.0,11.087032318115234
2008-07-16,13.300000190734863,12.859999656677246,13.300000190734863,13.109999656677246,842500.0,11.053306579589844
2008-07-17,13.289999961853027,12.779999732971191,13.149999618530273,12.859999656677246,803900.0,10.842525482177734
2008-07-18,12.850000381469727,12.5600004196167,12.5600004196167,12.770000457763672,342300.0,10.766646385192871
2008-07-21,13.220000267028809,12.569999694824219,12.930000305175781,12.949999809265137,542000.0,10.918407440185547
2008-07-22,13.25,12.789999961853027,12.970000267028809,13.020000457763672,584600.0,10.977426528930664
2008-07-23,13.109999656677246,12.90999984741211,12.90999984741211,12.949999809265137,834800.0,10.918407440185547
2008-07-24,13.5,12.960000038146973,13.079999923706055,13.270000457763672,787100.0,11.188206672668457
2008-07-25,13.899999618530273,13.399999618530273,13.449999809265137,13.449999809265137,788400.0,11.339969635009766
2008-07-28,13.90999984741211,13.359999656677246,13.600000381469727,13.449999809265137,335000.0,11.339969635009766
2008-07-29,13.6899995803833,13.210000038146973,13.600000381469727,13.40999984741211,309000.0,11.306243896484375
2008-07-30,13.949999809265137,13.460000038146973,13.550000190734863,13.800000190734863,483900.0,11.635059356689453
2008-07-31,13.890000343322754,12.90999984741211,13.890000343322754,13.109999656677246,547400.0,11.053306579589844
2008-08-01,13.470000267028809,12.699999809265137,13.300000190734863,13.329999923706055,632500.0,11.23879337310791
2008-08-04,13.579999923706055,12.6899995803833,13.130000114440918,12.760000228881836,715500.0,10.75821590423584
2008-08-05,12.8100004196167,11.869999885559082,12.59000015258789,11.90999984741211,973300.0,10.041563034057617
2008-08-06,12.25,11.800000190734863,11.920000076293945,12.0600004196167,845600.0,10.168030738830566
2008-08-07,12.640000343322754,12.100000381469727,12.1899995803833,12.529999732971191,936800.0,10.564297676086426
2008-08-08,12.649999618530273,12.069999694824219,12.649999618530273,12.130000114440918,374200.0,10.227048873901367
2008-08-11,12.289999961853027,11.6899995803833,12.1899995803833,11.789999961853027,571800.0,9.940387725830078
2008-08-12,12.180000305175781,11.649999618530273,11.829999923706055,11.789999961853027,384700.0,9.940387725830078
2008-08-13,12.029999732971191,11.850000381469727,11.869999885559082,11.949999809265137,248100.0,10.075286865234375
2008-08-14,12.270000457763672,11.989999771118164,12.079999923706055,12.170000076293945,403400.0,10.260773658752441
2008-08-15,12.3100004196167,11.529999732971191,12.3100004196167,11.619999885559082,711700.0,9.797056198120117
2008-08-18,12.220000267028809,11.510000228881836,11.510000228881836,11.829999923706055,315700.0,9.974112510681152
2008-08-19,12.199999809265137,11.75,11.920000076293945,12.079999923706055,367000.0,10.184893608093262
2008-08-20,12.270000457763672,11.979999542236328,12.180000305175781,12.229999542236328,318100.0,10.311360359191895
2008-08-21,12.430000305175781,12.210000038146973,12.3100004196167,12.289999961853027,353000.0,10.36194896697998
2008-08-22,12.390000343322754,12.100000381469727,12.180000305175781,12.119999885559082,191700.0,10.218616485595703
2008-08-25,12.260000228881836,11.890000343322754,12.260000228881836,12.0600004196167,248100.0,10.168030738830566
2008-08-26,12.34000015258789,12.0,12.199999809265137,12.050000190734863,246700.0,10.159598350524902
2008-08-27,12.420000076293945,12.010000228881836,12.069999694824219,12.109999656677246,239600.0,10.210186004638672
2008-08-28,12.279999732971191,11.670000076293945,11.9399995803833,12.1899995803833,392700.0,10.277636528015137
2008-08-29,12.149999618530273,11.880000114440918,12.09000015258789,11.979999542236328,194300.0,10.100581169128418
2008-09-02,11.960000038146973,11.25,11.890000343322754,11.329999923706055,394500.0,9.552553176879883
2008-09-03,11.329999923706055,10.989999771118164,11.260000228881836,11.09000015258789,304700.0,9.350202560424805
2008-09-04,11.069999694824219,10.289999961853027,11.020000457763672,10.420000076293945,499400.0,8.78531265258789
2008-09-05,10.40999984741211,9.869999885559082,10.270000457763672,10.199999809265137,693700.0,8.599827766418457
2008-09-08,10.600000381469727,9.699999809265137,10.229999542236328,9.770000457763672,448600.0,8.237286567687988
2008-09-09,9.84000015258789,8.3100004196167,9.640000343322754,8.5600004196167,944100.0,7.2171101570129395
2008-09-10,8.720000267028809,7.019999980926514,8.420000076293945,8.020000457763672,2760200.0,6.761825084686279
2008-09-11,8.170000076293945,7.679999828338623,7.880000114440918,8.149999618530273,1325800.0,6.871428966522217
2008-09-12,8.6899995803833,8.029999732971191,8.029999732971191,8.270000457763672,1496700.0,6.972604751586914
2008-09-15,8.170000076293945,7.789999961853027,7.96999979019165,8.010000228881836,1151100.0,6.753393650054932
2008-09-16,8.079999923706055,7.75,7.809999942779541,8.010000228881836,507200.0,6.753393650054932
2008-09-17,8.380000114440918,7.449999809265137,8.010000228881836,7.489999771118164,1494300.0,6.314970970153809
2008-09-18,7.820000171661377,7.349999904632568,7.409999847412109,7.739999771118164,1155500.0,6.52575159072876
2008-09-19,10.100000381469727,7.989999771118164,8.15999984741211,9.949999809265137,1496400.0,8.389046669006348
2008-09-22,9.75,8.270000457763672,9.75,8.279999732971191,662600.0,6.9810357093811035
2008-09-23,8.399999618530273,7.5,8.399999618530273,7.650000095367432,876800.0,6.449869632720947
2008-09-24,7.929999828338623,7.369999885559082,7.849999904632568,7.679999828338623,703300.0,6.47516393661499
2008-09-25,7.900000095367432,7.519999980926514,7.670000076293945,7.710000038146973,205100.0,6.500457286834717
2008-09-26,8.779999732971191,7.289999961853027,7.349999904632568,8.119999885559082,785300.0,6.846136569976807
2008-09-29,9.5,7.369999885559082,8.199999809265137,9.5,2033500.0,8.009642601013184
2008-09-30,9.079999923706055,7.960000038146973,9.010000228881836,7.980000019073486,549700.0,6.728099822998047
2008-10-01,8.430000305175781,7.869999885559082,7.980000019073486,8.319999694824219,340300.0,7.0147600173950195
2008-10-02,8.449999809265137,7.340000152587891,8.449999809265137,7.429999828338623,461900.0,6.264383792877197
2008-10-03,7.659999847412109,7.0,7.659999847412109,7.0,872000.0,5.901841640472412
2008-10-06,6.989999771118164,5.119999885559082,6.989999771118164,5.489999771118164,908500.0,4.628729343414307
2008-10-07,5.75,4.679999828338623,5.599999904632568,4.75,569800.0,4.004821300506592
2008-10-08,5.300000190734863,4.019999980926514,4.019999980926514,5.059999942779541,1554900.0,4.266188144683838
2008-10-09,5.25,4.329999923706055,5.039999961853027,4.329999923706055,930100.0,3.6507105827331543
2008-10-10,4.230000019073486,3.5,4.010000228881836,3.7200000286102295,1354200.0,3.1364078521728516
2008-10-13,4.820000171661377,3.7300000190734863,4.019999980926514,3.9000000953674316,2262900.0,3.2881689071655273
2008-10-14,4.110000133514404,3.5,4.050000190734863,3.690000057220459,2597800.0,3.1111133098602295
2008-10-15,3.700000047683716,3.440000057220459,3.690000057220459,3.5,556000.0,2.950920820236206
2008-10-16,3.4600000381469727,3.140000104904175,3.4000000953674316,3.200000047683716,798200.0,2.6979851722717285
2008-10-17,3.359999895095825,3.009999990463257,3.059999942779541,3.0199999809265137,1333800.0,2.5462234020233154
2008-10-20,3.6600000858306885,3.180000066757202,3.200000047683716,3.5799999237060547,1588000.0,3.0183706283569336
2008-10-21,3.619999885559082,3.2100000381469727,3.619999885559082,3.2100000381469727,601800.0,2.706416130065918
2008-10-22,3.109999895095825,2.0299999713897705,3.0299999713897705,2.109999895095825,1553900.0,1.7789835929870605
2008-10-23,2.630000114440918,2.200000047683716,2.299999952316284,2.630000114440918,679300.0,2.2174065113067627
2008-10-24,2.5799999237060547,2.240000009536743,2.450000047683716,2.4800000190734863,701900.0,2.0909383296966553
2008-10-27,2.5,2.069999933242798,2.3499999046325684,2.0999999046325684,326100.0,1.770552635192871
2008-10-28,2.619999885559082,2.0999999046325684,2.0999999046325684,2.549999952316284,930300.0,2.1499569416046143
2008-10-29,2.799999952316284,2.5199999809265137,2.6500000953674316,2.6700000762939453,429400.0,2.251131534576416
2008-10-30,2.9100000858306885,2.630000114440918,2.630000114440918,2.8499999046325684,392500.0,2.402892827987671
2008-10-31,2.990000009536743,2.619999885559082,2.950000047683716,2.680000066757202,315400.0,2.2595624923706055
2008-11-03,3.009999990463257,2.5899999141693115,2.5899999141693115,2.9800000190734863,547600.0,2.512498140335083
2008-11-04,3.549999952316284,2.9800000190734863,3.119999885559082,3.490000009536743,1068900.0,2.9424896240234375
2008-11-05,3.569999933242798,3.259999990463257,3.549999952316284,3.299999952316284,624400.0,2.782296895980835
2008-11-06,3.240000009536743,2.9100000858306885,3.2100000381469727,2.9600000381469727,581800.0,2.495635509490967
2008-11-07,3.1700000762939453,2.9600000381469727,3.0999999046325684,3.0,632900.0,2.5293610095977783
2008-11-10,3.369999885559082,2.9000000953674316,3.25,2.990000009536743,232300.0,2.5209293365478516
2008-11-11,3.009999990463257,2.7799999713897705,3.0,2.950000047683716,331500.0,2.4872047901153564
2008-11-12,2.950000047683716,2.5199999809265137,2.8499999046325684,2.609999895095825,553900.0,2.2005441188812256
2008-11-13,2.950000047683716,2.4200000762939453,2.5299999713897705,2.950000047683716,405700.0,2.4872047901153564
2008-11-14,3.009999990463257,2.7100000381469727,2.9700000286102295,2.7300000190734863,205700.0,2.301718235015869
2008-11-17,2.8299999237060547,2.5299999713897705,2.630000114440918,2.559999942779541,192100.0,2.1583876609802246
2008-11-18,3.190000057220459,2.5899999141693115,2.609999895095825,2.8299999237060547,543700.0,2.3860299587249756
2008-11-19,2.880000114440918,2.5,2.8499999046325684,2.5299999713897705,392400.0,2.133094072341919
2008-11-20,2.9100000858306885,2.0999999046325684,2.559999942779541,2.190000057220459,642300.0,1.846433162689209
2008-11-21,2.5,2.049999952316284,2.299999952316284,2.1700000762939453,451700.0,1.8295711278915405
2008-11-24,2.5899999141693115,2.2100000381469727,2.490000009536743,2.569999933242798,332100.0,2.1668193340301514
2008-11-25,2.75,2.2200000286102295,2.640000104904175,2.680000066757202,264400.0,2.2595624923706055
2008-11-26,2.869999885559082,2.5,2.549999952316284,2.869999885559082,249700.0,2.419755220413208
2008-11-28,3.119999885559082,2.7699999809265137,2.990000009536743,3.069999933242798,176900.0,2.588379144668579
2008-12-01,3.0,2.5199999809265137,3.0,2.619999885559082,355200.0,2.208974838256836
2008-12-02,2.9100000858306885,2.609999895095825,2.869999885559082,2.809999942779541,247000.0,2.3691678047180176
2008-12-03,2.9600000381469727,2.640000104904175,2.8499999046325684,2.950000047683716,287500.0,2.4872047901153564
2008-12-04,3.0299999713897705,2.380000114440918,3.0299999713897705,2.5299999713897705,292000.0,2.133094072341919
2008-12-05,2.640000104904175,2.4000000953674316,2.4700000286102295,2.630000114440918,277400.0,2.2174065113067627
2008-12-08,3.0399999618530273,2.6700000762939453,2.6700000762939453,3.009999990463257,394000.0,2.5377919673919678
2008-12-09,3.059999942779541,2.690000057220459,3.0,2.7300000190734863,474600.0,2.301718235015869
2008-12-10,2.890000104904175,2.619999885559082,2.7899999618530273,2.7300000190734863,201100.0,2.301718235015869
2008-12-11,2.9000000953674316,2.640000104904175,2.700000047683716,2.740000009536743,167800.0,2.3101494312286377
2008-12-12,2.9600000381469727,2.549999952316284,2.5899999141693115,2.890000104904175,139600.0,2.436617851257324
2008-12-15,2.9200000762939453,2.690000057220459,2.8399999141693115,2.7699999809265137,88000.0,2.3354432582855225
2008-12-16,2.9700000286102295,2.619999885559082,2.759999990463257,2.9000000953674316,315600.0,2.4450490474700928
2008-12-17,3.0899999141693115,2.75,2.9700000286102295,3.0199999809265137,621900.0,2.5462234020233154
2008-12-18,3.109999895095825,2.7300000190734863,3.109999895095825,2.819999933242798,559300.0,2.377599000930786
2008-12-19,3.4700000286102295,2.7699999809265137,2.7699999809265137,3.0399999618530273,1028200.0,2.5630853176116943
2008-12-22,3.0899999141693115,2.8499999046325684,3.0,2.8499999046325684,173000.0,2.402892827987671
2008-12-23,2.9800000190734863,2.75,2.9000000953674316,2.7699999809265137,324800.0,2.3354432582855225
2008-12-24,2.950000047683716,2.700000047683716,2.700000047683716,2.819999933242798,236000.0,2.377599000930786
2008-12-26,3.069999933242798,2.7300000190734863,2.799999952316284,3.0,132700.0,2.5293610095977783
2008-12-29,3.890000104904175,2.9000000953674316,3.0799999237060547,3.3499999046325684,2068700.0,2.8244528770446777
2008-12-30,3.809999942779541,3.2300000190734863,3.4600000381469727,3.4600000381469727,2857600.0,2.917196035385132
2008-12-31,3.630000114440918,3.390000104904175,3.430000066757202,3.4600000381469727,398300.0,2.917196035385132
2009-01-02,3.640000104904175,3.119999885559082,3.640000104904175,3.5399999618530273,806000.0,2.9846456050872803
2009-01-05,3.630000114440918,3.180000066757202,3.549999952316284,3.2799999713897705,761900.0,2.7654342651367188
2009-01-06,3.7100000381469727,3.3499999046325684,3.359999895095825,3.7100000381469727,674500.0,3.127976179122925
2009-01-07,3.7200000286102295,3.5,3.549999952316284,3.609999895095825,1148900.0,3.04366397857666
2009-01-08,4.25,3.619999885559082,3.640000104904175,4.170000076293945,1010400.0,3.5158116817474365
2009-01-09,4.340000152587891,3.690000057220459,4.260000228881836,4.179999828338623,970100.0,3.524242639541626
2009-01-12,4.25,3.819999933242798,4.010000228881836,4.050000190734863,945400.0,3.4146370887756348
2009-01-13,4.039999961853027,3.5199999809265137,4.010000228881836,3.619999885559082,624900.0,3.0520951747894287
2009-01-14,3.5999999046325684,3.25,3.4600000381469727,3.450000047683716,437000.0,2.9087648391723633
2009-01-15,3.619999885559082,3.130000114440918,3.5999999046325684,3.309999942779541,496500.0,2.7907280921936035
2009-01-16,3.569999933242798,3.299999952316284,3.309999942779541,3.4100000858306885,406100.0,2.8750405311584473
2009-01-20,3.549999952316284,3.0999999046325684,3.4600000381469727,3.140000104904175,444600.0,2.647397994995117
2009-01-21,3.3499999046325684,2.9600000381469727,3.1700000762939453,3.319999933242798,868900.0,2.7991597652435303
2009-01-22,3.2100000381469727,3.009999990463257,3.0999999046325684,3.069999933242798,274400.0,2.588379144668579
2009-01-23,3.049999952316284,2.869999885559082,2.990000009536743,2.930000066757202,500000.0,2.4703426361083984
2009-01-26,3.109999895095825,2.950000047683716,2.950000047683716,3.109999895095825,189400.0,2.6221039295196533
2009-01-27,3.1600000858306885,2.950000047683716,3.069999933242798,3.0,589500.0,2.5293610095977783
2009-01-28,3.390000104904175,3.0899999141693115,3.119999885559082,3.299999952316284,585700.0,2.782296895980835
2009-01-29,3.380000114440918,3.190000057220459,3.2699999809265137,3.25,250500.0,2.740140914916992
2009-01-30,3.4000000953674316,3.1500000953674316,3.3499999046325684,3.2200000286102295,958500.0,2.7148473262786865
2009-02-02,3.2799999713897705,3.1500000953674316,3.25,3.190000057220459,420700.0,2.68955397605896
2009-02-03,3.4700000286102295,3.2200000286102295,3.259999990463257,3.390000104904175,252600.0,2.858177661895752
2009-02-04,3.4600000381469727,3.3299999237060547,3.4600000381469727,3.4200000762939453,162900.0,2.8834714889526367
2009-02-05,3.619999885559082,3.3499999046325684,3.440000057220459,3.4800000190734863,305900.0,2.934058427810669
2009-02-06,3.8399999141693115,3.4600000381469727,3.5299999713897705,3.799999952316284,489500.0,3.203856945037842
2009-02-09,4.03000020980835,3.75,3.9100000858306885,3.9200000762939453,744200.0,3.3050312995910645
2009-02-10,3.950000047683716,3.549999952316284,3.950000047683716,3.640000104904175,685900.0,3.068958044052124
2009-02-11,3.7799999713897705,3.559999942779541,3.640000104904175,3.5799999237060547,307500.0,3.0183706283569336
2009-02-12,3.9000000953674316,3.549999952316284,3.549999952316284,3.7300000190734863,450400.0,3.144838333129883
2009-02-13,3.8299999237060547,3.640000104904175,3.75,3.7300000190734863,319900.0,3.144838333129883
2009-02-17,3.75,3.380000114440918,3.75,3.430000066757202,359100.0,2.891902446746826
2009-02-18,3.6500000953674316,3.3399999141693115,3.4100000858306885,3.4700000286102295,355900.0,2.9256274700164795
2009-02-19,3.7300000190734863,3.4800000190734863,3.5399999618530273,3.5799999237060547,383600.0,3.0183706283569336
2009-02-20,3.509999990463257,3.319999933242798,3.509999990463257,3.3499999046325684,193300.0,2.8244528770446777
2009-02-23,3.4200000762939453,3.0299999713897705,3.4200000762939453,3.0299999713897705,240300.0,2.554654121398926
2009-02-24,3.25,3.009999990463257,3.0899999141693115,3.25,206900.0,2.740140914916992
2009-02-25,3.6700000762939453,3.130000114440918,3.2100000381469727,3.5799999237060547,252400.0,3.0183706283569336
2009-02-26,3.819999933242798,3.440000057220459,3.569999933242798,3.490000009536743,239000.0,2.9424896240234375
2009-02-27,3.5999999046325684,3.319999933242798,3.490000009536743,3.3499999046325684,130600.0,2.8244528770446777
2009-03-02,3.4100000858306885,2.8499999046325684,3.25,2.9100000858306885,239300.0,2.4534802436828613
2009-03-03,3.0,2.549999952316284,2.940000057220459,2.700000047683716,666400.0,2.2764251232147217
2009-03-04,2.8399999141693115,2.509999990463257,2.690000057220459,2.5899999141693115,505100.0,2.1836814880371094
2009-03-05,2.549999952316284,2.4000000953674316,2.509999990463257,2.5,415400.0,2.1078007221221924
2009-03-06,2.509999990463257,2.4000000953674316,2.4700000286102295,2.440000057220459,254900.0,2.057213544845581
2009-03-09,2.5399999618530273,2.390000104904175,2.4000000953674316,2.5,348700.0,2.1078007221221924
2009-03-10,2.700000047683716,2.4700000286102295,2.5,2.6500000953674316,447100.0,2.2342689037323
2009-03-11,3.0999999046325684,2.700000047683716,2.7200000286102295,2.8399999141693115,389100.0,2.394461154937744
2009-03-12,3.119999885559082,2.7300000190734863,2.880000114440918,3.0199999809265137,326300.0,2.5462234020233154
2009-03-13,3.2100000381469727,2.6700000762939453,3.1700000762939453,2.9000000953674316,303700.0,2.4450490474700928
2009-03-16,2.9800000190734863,2.8499999046325684,2.9800000190734863,2.880000114440918,192500.0,2.4281864166259766
2009-03-17,2.799999952316284,2.5,2.799999952316284,2.609999895095825,680800.0,2.2005441188812256
2009-03-18,2.799999952316284,2.559999942779541,2.680000066757202,2.6500000953674316,663000.0,2.2342689037323
2009-03-19,2.8499999046325684,2.4600000381469727,2.690000057220459,2.4600000381469727,759000.0,2.0740761756896973
2009-03-20,2.630000114440918,2.359999895095825,2.4700000286102295,2.380000114440918,1310300.0,2.0066263675689697
2009-03-23,2.569999933242798,2.390000104904175,2.390000104904175,2.5399999618530273,527000.0,2.1415257453918457
2009-03-24,2.6600000858306885,2.4000000953674316,2.569999933242798,2.5,792500.0,2.1078007221221924
2009-03-25,2.619999885559082,2.2799999713897705,2.5,2.380000114440918,725600.0,2.0066263675689697
2009-03-26,2.5999999046325684,2.299999952316284,2.4000000953674316,2.5299999713897705,920400.0,2.133094072341919
2009-03-27,2.5999999046325684,2.299999952316284,2.569999933242798,2.450000047683716,840600.0,2.0656447410583496
2009-03-30,2.4200000762939453,2.2100000381469727,2.4000000953674316,2.369999885559082,1141400.0,1.9981950521469116
2009-03-31,2.4600000381469727,2.2699999809265137,2.4600000381469727,2.450000047683716,614900.0,2.0656447410583496
2009-04-01,2.4700000286102295,2.2100000381469727,2.4700000286102295,2.4000000953674316,501100.0,2.023488759994507
2009-04-02,2.890000104904175,2.440000057220459,2.4800000190734863,2.8299999237060547,1848600.0,2.3860299587249756
2009-04-03,3.9000000953674316,2.809999942779541,2.8499999046325684,3.5,4694900.0,2.950920820236206
2009-04-06,4.170000076293945,3.4200000762939453,3.509999990463257,4.130000114440918,4228600.0,3.482086658477783
2009-04-07,5.199999809265137,4.050000190734863,4.139999866485596,4.650000095367432,6615800.0,3.9205098152160645
2009-04-08,4.78000020980835,3.950000047683716,4.650000095367432,4.070000171661377,3075200.0,3.431499481201172
2009-04-09,4.449999809265137,4.050000190734863,4.119999885559082,4.449999809265137,1942700.0,3.7518856525421143
2009-04-13,4.820000171661377,4.289999961853027,4.440000057220459,4.789999961853027,2842300.0,4.038546562194824
2009-04-14,4.849999904632568,4.400000095367432,4.849999904632568,4.599999904632568,877800.0,3.8783528804779053
2009-04-15,4.53000020980835,4.010000228881836,4.46999979019165,4.239999771118164,1918400.0,3.574829578399658
2009-04-16,4.349999904632568,4.079999923706055,4.349999904632568,4.25,1053400.0,3.583261013031006
2009-04-17,4.199999809265137,3.4100000858306885,4.199999809265137,3.5,3208000.0,2.950920820236206
2009-04-20,3.5,3.1600000858306885,3.4800000190734863,3.380000114440918,1152900.0,2.8497464656829834
2009-04-21,3.440000057220459,3.109999895095825,3.3299999237060547,3.2300000190734863,1557800.0,2.723278045654297
2009-04-22,3.490000009536743,3.109999895095825,3.240000009536743,3.369999885559082,1821500.0,2.841315269470215
2009-04-23,3.559999942779541,3.25,3.450000047683716,3.2899999618530273,1175400.0,2.7738656997680664
2009-04-24,3.440000057220459,3.240000009536743,3.430000066757202,3.3299999237060547,931700.0,2.8075902462005615
2009-04-27,3.3399999141693115,3.25,3.259999990463257,3.319999933242798,1096100.0,2.7991597652435303
2009-04-28,3.5199999809265137,3.240000009536743,3.259999990463257,3.4100000858306885,1825100.0,2.8750405311584473
2009-04-29,3.640000104904175,3.4200000762939453,3.509999990463257,3.450000047683716,2731400.0,2.9087648391723633
2009-04-30,3.700000047683716,3.4100000858306885,3.5399999618530273,3.5199999809265137,1110300.0,2.967783212661743
2009-05-01,3.8399999141693115,3.5399999618530273,3.559999942779541,3.759999990463257,979500.0,3.1701321601867676
2009-05-04,4.0,3.799999952316284,3.799999952316284,3.990000009536743,938700.0,3.3640499114990234
2009-05-05,4.079999923706055,3.700000047683716,3.9200000762939453,3.890000104904175,897700.0,3.279738187789917
2009-05-06,4.75,3.940000057220459,4.0,4.489999771118164,3738600.0,3.7856101989746094
2009-05-07,4.78000020980835,4.309999942779541,4.730000019073486,4.610000133514404,2985000.0,3.886784076690674
2009-05-08,4.78000020980835,4.420000076293945,4.610000133514404,4.5,1598300.0,3.794041156768799
2009-05-11,4.699999809265137,4.349999904632568,4.480000019073486,4.480000019073486,2501700.0,3.7771787643432617
2009-05-12,5.090000152587891,4.300000190734863,4.760000228881836,4.380000114440918,2313000.0,3.692866325378418
2009-05-13,4.449999809265137,3.859999895095825,4.409999847412109,4.0,1483900.0,3.372480869293213
2009-05-14,4.170000076293945,3.8499999046325684,4.090000152587891,4.099999904632568,1320900.0,3.4567930698394775
2009-05-15,4.199999809265137,3.9700000286102295,4.010000228881836,4.130000114440918,651600.0,3.482086658477783
2009-05-18,4.400000095367432,4.079999923706055,4.110000133514404,4.329999923706055,997400.0,3.6507105827331543
2009-05-19,4.639999866485596,4.369999885559082,4.389999866485596,4.519999980926514,1227200.0,3.810903549194336
2009-05-20,4.869999885559082,4.510000228881836,4.690000057220459,4.809999942779541,1455100.0,4.055408000946045
2009-05-21,4.760000228881836,4.360000133514404,4.710000038146973,4.5,901600.0,3.794041156768799
2009-05-22,4.699999809265137,4.480000019073486,4.599999904632568,4.639999866485596,388300.0,3.9120776653289795
2009-05-26,5.289999961853027,4.550000190734863,4.690000057220459,5.130000114440918,1912600.0,4.325207233428955
2009-05-27,5.699999809265137,5.199999809265137,5.269999980926514,5.480000019073486,2834400.0,4.620298862457275
2009-05-28,5.730000019073486,4.96999979019165,5.480000019073486,5.230000019073486,1372600.0,4.409519195556641
2009-05-29,5.420000076293945,4.96999979019165,5.25,5.110000133514404,1264600.0,4.30834436416626
2009-06-01,5.639999866485596,5.260000228881836,5.369999885559082,5.590000152587891,1359100.0,4.713043212890625
2009-06-02,6.119999885559082,5.550000190734863,5.630000114440918,6.079999923706055,2133800.0,5.126170635223389
2009-06-03,6.039999961853027,5.159999847412109,6.039999961853027,5.269999980926514,2413300.0,4.443243503570557
2009-06-04,5.53000020980835,5.150000095367432,5.320000171661377,5.460000038146973,1098800.0,4.603436470031738
2009-06-05,5.71999979019165,5.170000076293945,5.510000228881836,5.400000095367432,627600.0,4.552850246429443
2009-06-08,5.539999961853027,5.130000114440918,5.539999961853027,5.349999904632568,450700.0,4.510692596435547
2009-06-09,5.769999980926514,5.300000190734863,5.420000076293945,5.679999828338623,1021800.0,4.788922309875488
2009-06-10,5.980000019073486,5.659999847412109,5.699999809265137,5.78000020980835,1702000.0,4.873235702514648
2009-06-11,6.400000095367432,5.840000152587891,5.860000133514404,6.340000152587891,1812900.0,5.345383167266846
2009-06-12,6.820000171661377,6.159999847412109,6.329999923706055,6.670000076293945,1779700.0,5.623612403869629
2009-06-15,6.650000095367432,6.159999847412109,6.650000095367432,6.230000019073486,719000.0,5.252639293670654
2009-06-16,6.309999942779541,5.78000020980835,6.309999942779541,5.840000152587891,1189100.0,4.923822402954102
2009-06-17,5.980000019073486,5.429999828338623,5.980000019073486,5.579999923706055,721000.0,4.704610347747803
2009-06-18,5.639999866485596,5.289999961853027,5.579999923706055,5.360000133514404,934600.0,4.519124984741211
2009-06-19,5.869999885559082,5.449999809265137,5.480000019073486,5.659999847412109,1010200.0,4.772059917449951
2009-06-22,5.71999979019165,5.389999866485596,5.550000190734863,5.389999866485596,738000.0,4.5444183349609375
2009-06-23,5.639999866485596,5.349999904632568,5.349999904632568,5.539999961853027,1151400.0,4.670886516571045
2009-06-24,6.159999847412109,5.650000095367432,5.670000076293945,5.909999847412109,1257000.0,4.982840538024902
2009-06-25,6.329999923706055,5.769999980926514,5.860000133514404,6.239999771118164,1182000.0,5.261070728302002
2009-06-26,6.329999923706055,5.619999885559082,6.300000190734863,5.670000076293945,2326400.0,4.780492305755615
2009-06-29,5.880000114440918,5.050000190734863,5.679999828338623,5.369999885559082,6197300.0,4.5275559425354
2009-06-30,5.53000020980835,5.050000190734863,5.400000095367432,5.179999828338623,2567100.0,4.367362976074219
2009-07-01,5.46999979019165,5.199999809265137,5.199999809265137,5.349999904632568,1079600.0,4.510692596435547
2009-07-02,5.46999979019165,5.110000133514404,5.110000133514404,5.25,1148600.0,4.426381587982178
2009-07-06,5.300000190734863,4.960000038146973,5.300000190734863,5.079999923706055,1080700.0,4.283051490783691
2009-07-07,5.159999847412109,5.0,5.059999942779541,5.070000171661377,787200.0,4.274620056152344
2009-07-08,5.110000133514404,4.670000076293945,5.010000228881836,4.880000114440918,1171600.0,4.114427089691162
2009-07-09,5.010000228881836,4.820000171661377,5.0,4.860000133514404,442000.0,4.097564697265625
2009-07-10,5.03000020980835,4.800000190734863,4.860000133514404,4.980000019073486,861700.0,4.198739051818848
2009-07-13,5.170000076293945,4.809999942779541,5.139999866485596,5.0,896600.0,4.215601444244385
2009-07-14,5.340000152587891,4.960000038146973,5.0,5.190000057220459,999400.0,4.375793933868408
2009-07-15,5.630000114440918,5.210000038146973,5.320000171661377,5.519999980926514,1522600.0,4.654024124145508
2009-07-16,5.599999904632568,5.300000190734863,5.480000019073486,5.429999828338623,633400.0,4.5781426429748535
2009-07-17,5.489999771118164,5.260000228881836,5.489999771118164,5.360000133514404,552200.0,4.519124984741211
2009-07-20,5.739999771118164,5.449999809265137,5.449999809265137,5.630000114440918,1350800.0,4.746767520904541
2009-07-21,5.949999809265137,5.730000019073486,5.800000190734863,5.869999885559082,1469100.0,4.949115753173828
2009-07-22,6.039999961853027,5.75,5.75,6.0,676400.0,5.058722019195557
2009-07-23,6.369999885559082,5.900000095367432,6.019999980926514,6.260000228881836,1290500.0,5.277932643890381
2009-07-24,6.360000133514404,6.019999980926514,6.079999923706055,6.260000228881836,597100.0,5.277932643890381
2009-07-27,6.369999885559082,6.019999980926514,6.170000076293945,6.349999904632568,558500.0,5.353813171386719
2009-07-28,6.340000152587891,6.130000114440918,6.340000152587891,6.320000171661377,446300.0,5.32852029800415
2009-07-29,6.300000190734863,6.019999980926514,6.170000076293945,6.079999923706055,404000.0,5.126170635223389
2009-07-30,6.579999923706055,6.110000133514404,6.159999847412109,6.489999771118164,1407700.0,5.471850395202637
2009-07-31,6.800000190734863,6.460000038146973,6.599999904632568,6.71999979019165,916700.0,5.665768146514893
2009-08-03,7.170000076293945,6.760000228881836,6.760000228881836,7.119999885559082,1393900.0,6.003015995025635
2009-08-04,7.570000171661377,6.980000019073486,6.980000019073486,7.25,1669700.0,6.1126227378845215
2009-08-05,7.260000228881836,6.78000020980835,7.099999904632568,7.170000076293945,758900.0,6.045172691345215
2009-08-06,7.5,7.150000095367432,7.269999980926514,7.340000152587891,1171600.0,6.188503265380859
2009-08-07,7.829999923706055,7.460000038146973,7.5,7.760000228881836,1486900.0,6.5426130294799805
2009-08-10,8.0,7.619999885559082,8.0,7.78000020980835,1259700.0,6.559476375579834
2009-08-11,7.769999980926514,7.28000020980835,7.769999980926514,7.400000095367432,1235100.0,6.2390899658203125
2009-08-12,7.590000152587891,7.099999904632568,7.389999866485596,7.480000019073486,916800.0,6.306539535522461
2009-08-13,8.020000457763672,7.550000190734863,7.599999904632568,7.920000076293945,2318400.0,6.677513122558594
2009-08-14,8.25,7.670000076293945,8.109999656677246,7.840000152587891,1865300.0,6.610062599182129
2009-08-17,7.420000076293945,7.0,7.360000133514404,7.380000114440918,1752200.0,6.222226619720459
2009-08-18,7.659999847412109,7.300000190734863,7.400000095367432,7.579999923706055,924900.0,6.3908514976501465
2009-08-19,7.960000038146973,7.260000228881836,7.429999828338623,7.929999828338623,1011400.0,6.685944080352783
2009-08-20,8.050000190734863,7.730000019073486,8.029999732971191,7.809999942779541,863900.0,6.584768772125244
2009-08-21,8.319999694824219,7.980000019073486,8.319999694824219,7.989999771118164,3169900.0,6.736530780792236
2009-08-24,8.270000457763672,8.0,8.149999618530273,8.180000305175781,1410100.0,6.896723747253418
2009-08-25,8.479999542236328,8.130000114440918,8.289999961853027,8.210000038146973,897100.0,6.922017574310303
2009-08-26,8.260000228881836,8.039999961853027,8.149999618530273,8.109999656677246,465200.0,6.837705135345459
2009-08-27,8.119999885559082,7.869999885559082,8.100000381469727,8.109999656677246,1135600.0,6.837705135345459
2009-08-28,8.529999732971191,8.130000114440918,8.170000076293945,8.430000305175781,1101200.0,7.107504844665527
2009-08-31,8.40999984741211,8.020000457763672,8.40999984741211,8.170000076293945,1030600.0,6.88829231262207
2009-09-01,8.239999771118164,7.650000095367432,8.09000015258789,7.699999809265137,1300300.0,6.492026329040527
2009-09-02,7.880000114440918,7.449999809265137,7.760000228881836,7.650000095367432,972000.0,6.449869632720947
2009-09-03,8.0,7.630000114440918,7.670000076293945,8.0,967600.0,6.744961738586426
2009-09-04,8.039999961853027,7.639999866485596,8.039999961853027,7.869999885559082,1020000.0,6.635356903076172
2009-09-08,8.149999618530273,7.889999866485596,8.039999961853027,8.109999656677246,1138400.0,6.837705135345459
2009-09-09,8.119999885559082,7.840000152587891,8.039999961853027,7.980000019073486,977200.0,6.728099822998047
2009-09-10,8.350000381469727,7.880000114440918,8.0,8.279999732971191,1014700.0,6.9810357093811035
2009-09-11,8.5,8.25,8.390000343322754,8.399999618530273,1061800.0,7.082210540771484
2009-09-14,8.520000457763672,8.109999656677246,8.15999984741211,8.470000267028809,1102900.0,7.141229152679443
2009-09-15,8.609999656677246,8.350000381469727,8.5600004196167,8.40999984741211,609500.0,7.090641975402832
2009-09-16,8.4399995803833,8.25,8.399999618530273,8.319999694824219,1113100.0,7.0147600173950195
2009-09-17,8.260000228881836,7.980000019073486,8.210000038146973,8.029999732971191,1246300.0,6.7702555656433105
2009-09-18,8.220000267028809,8.0600004196167,8.180000305175781,8.149999618530273,1249800.0,6.871428966522217
2009-09-21,8.119999885559082,7.900000095367432,8.119999885559082,8.029999732971191,923900.0,6.7702555656433105
2009-09-22,8.399999618530273,7.960000038146973,8.039999961853027,8.229999542236328,1113600.0,6.938878536224365
2009-09-23,8.279999732971191,7.920000076293945,8.199999809265137,7.980000019073486,692800.0,6.728099822998047
2009-09-24,8.130000114440918,7.510000228881836,8.029999732971191,7.650000095367432,1292000.0,6.449869632720947
2009-09-25,7.849999904632568,7.630000114440918,7.630000114440918,7.789999961853027,591100.0,6.567906856536865
2009-09-28,7.929999828338623,7.559999942779541,7.800000190734863,7.860000133514404,1308600.0,6.626924991607666
2009-09-29,8.100000381469727,7.800000190734863,7.889999866485596,7.829999923706055,1841200.0,6.601631164550781
2009-09-30,8.020000457763672,7.75,7.960000038146973,7.900000095367432,1012100.0,6.660650730133057
2009-10-01,8.0,7.53000020980835,7.929999828338623,7.579999923706055,1265800.0,6.3908514976501465
2009-10-02,7.820000171661377,7.059999942779541,7.460000038146973,7.739999771118164,2271900.0,6.52575159072876
2009-10-05,8.079999923706055,7.630000114440918,7.71999979019165,8.0,667200.0,6.744961738586426
2009-10-06,8.260000228881836,8.039999961853027,8.119999885559082,8.039999961853027,2127300.0,6.778687477111816
2009-10-07,8.100000381469727,7.929999828338623,8.020000457763672,7.980000019073486,638800.0,6.728099822998047
2009-10-08,8.079999923706055,7.809999942779541,8.050000190734863,7.909999847412109,1567400.0,6.669081211090088
2009-10-09,8.050000190734863,7.860000133514404,7.860000133514404,8.0,1378800.0,6.744961738586426
2009-10-12,8.100000381469727,7.949999809265137,8.0,8.010000228881836,445000.0,6.753393650054932
2009-10-13,8.569999694824219,8.0,8.0,8.430000305175781,2629100.0,7.107504844665527
2009-10-14,8.819999694824219,8.5,8.520000457763672,8.619999885559082,2356800.0,7.267695903778076
2009-10-15,8.75,8.520000457763672,8.640000343322754,8.579999923706055,1112100.0,7.233972072601318
2009-10-16,8.569999694824219,8.260000228881836,8.569999694824219,8.470000267028809,684500.0,7.141229152679443
2009-10-19,8.649999618530273,8.420000076293945,8.550000190734863,8.479999542236328,603500.0,7.149659156799316
2009-10-20,8.430000305175781,7.909999847412109,8.399999618530273,7.980000019073486,1859100.0,6.728099822998047
2009-10-21,8.34000015258789,7.840000152587891,7.869999885559082,8.069999694824219,1231700.0,6.803980350494385
2009-10-22,8.180000305175781,7.889999866485596,8.0600004196167,8.15999984741211,513800.0,6.879861354827881
2009-10-23,8.369999885559082,7.900000095367432,8.180000305175781,7.949999809265137,545400.0,6.702805519104004
2009-10-26,8.149999618530273,7.5,7.920000076293945,7.599999904632568,1347900.0,6.407713890075684
2009-10-27,7.630000114440918,7.070000171661377,7.559999942779541,7.210000038146973,1825600.0,6.078896999359131
2009-10-28,7.25,6.590000152587891,7.090000152587891,6.650000095367432,2640600.0,5.606750011444092
2009-10-29,7.159999847412109,6.670000076293945,6.699999809265137,7.090000152587891,2016800.0,5.977723121643066
2009-10-30,7.139999866485596,6.550000190734863,7.0,6.659999847412109,2554100.0,5.615180492401123
2009-11-02,7.03000020980835,6.619999885559082,6.760000228881836,6.829999923706055,2142700.0,5.758511066436768
2009-11-03,7.090000152587891,6.650000095367432,6.670000076293945,7.0,2038200.0,5.901841640472412
2009-11-04,7.380000114440918,7.079999923706055,7.079999923706055,7.090000152587891,2282000.0,5.977723121643066
2009-11-05,7.519999980926514,7.130000114440918,7.21999979019165,7.420000076293945,819300.0,6.25595235824585
2009-11-06,7.71999979019165,7.269999980926514,7.389999866485596,7.610000133514404,1075500.0,6.416144847869873
2009-11-09,7.769999980926514,7.630000114440918,7.71999979019165,7.690000057220459,1472700.0,6.4835944175720215
2009-11-10,7.78000020980835,7.630000114440918,7.690000057220459,7.75,800700.0,6.534182071685791
2009-11-11,7.849999904632568,7.619999885559082,7.809999942779541,7.75,675100.0,6.534182071685791
2009-11-12,7.900000095367432,7.599999904632568,7.840000152587891,7.789999961853027,2296000.0,6.567906856536865
2009-11-13,8.0,7.690000057220459,7.820000171661377,7.849999904632568,1161700.0,6.618493556976318
2009-11-16,8.15999984741211,7.989999771118164,8.0600004196167,8.109999656677246,2342600.0,6.837705135345459
2009-11-17,8.210000038146973,7.980000019073486,8.140000343322754,8.210000038146973,1115100.0,6.922017574310303
2009-11-18,8.210000038146973,8.020000457763672,8.119999885559082,8.140000343322754,919900.0,6.862998962402344
2009-11-19,8.109999656677246,7.710000038146973,8.109999656677246,7.800000190734863,1036400.0,6.576337814331055
2009-11-20,7.760000228881836,7.329999923706055,7.670000076293945,7.75,1123900.0,6.534182071685791
2009-11-23,7.900000095367432,7.329999923706055,7.889999866485596,7.449999809265137,1767300.0,6.281246185302734
2009-11-24,7.480000019073486,6.840000152587891,7.400000095367432,6.989999771118164,5070400.0,5.893410682678223
2009-11-25,7.679999828338623,7.110000133514404,7.190000057220459,7.489999771118164,3880700.0,6.314970970153809
2009-11-27,7.46999979019165,7.119999885559082,7.150000095367432,7.28000020980835,943700.0,6.137916088104248
2009-11-30,7.349999904632568,7.119999885559082,7.329999923706055,7.340000152587891,1171900.0,6.188503265380859
2009-12-01,7.78000020980835,7.5,7.699999809265137,7.539999961853027,1641800.0,6.357126712799072
2009-12-02,7.900000095367432,7.349999904632568,7.75,7.789999961853027,2150000.0,6.567906856536865
2009-12-03,8.050000190734863,7.760000228881836,7.880000114440918,7.889999866485596,2144800.0,6.652219295501709
2009-12-04,8.0600004196167,7.570000171661377,7.929999828338623,7.769999980926514,1223300.0,6.551044464111328
2009-12-07,7.929999828338623,7.650000095367432,7.829999923706055,7.739999771118164,1040900.0,6.52575159072876
2009-12-08,7.699999809265137,7.380000114440918,7.599999904632568,7.579999923706055,1757200.0,6.3908514976501465
2009-12-09,7.610000133514404,7.150000095367432,7.610000133514404,7.420000076293945,1795800.0,6.25595235824585
2009-12-10,7.650000095367432,7.309999942779541,7.550000190734863,7.610000133514404,1076800.0,6.416144847869873
2009-12-11,7.800000190734863,7.449999809265137,7.599999904632568,7.670000076293945,1129600.0,6.466732501983643
2009-12-14,7.900000095367432,7.619999885559082,7.699999809265137,7.829999923706055,1004500.0,6.601631164550781
2009-12-15,8.0,7.630000114440918,7.900000095367432,7.699999809265137,1600900.0,6.492026329040527
2009-12-16,8.180000305175781,7.739999771118164,7.769999980926514,8.020000457763672,2339600.0,6.761825084686279
2009-12-17,8.09000015258789,7.460000038146973,7.869999885559082,7.53000020980835,2085500.0,6.348695755004883
2009-12-18,7.670000076293945,7.349999904632568,7.670000076293945,7.389999866485596,1597000.0,6.230658531188965
2009-12-21,7.579999923706055,7.300000190734863,7.5,7.449999809265137,1879900.0,6.281246185302734
2009-12-22,7.519999980926514,7.260000228881836,7.519999980926514,7.360000133514404,1461100.0,6.205365180969238
2009-12-23,7.889999866485596,7.420000076293945,7.420000076293945,7.880000114440918,2425900.0,6.6437883377075195
2009-12-24,8.010000228881836,7.809999942779541,7.880000114440918,7.989999771118164,705100.0,6.736530780792236
2009-12-28,8.520000457763672,8.0600004196167,8.0600004196167,8.489999771118164,3863400.0,7.158091068267822
2009-12-29,8.970000267028809,8.59000015258789,8.890000343322754,8.6899995803833,3261700.0,7.326715469360352
2009-12-30,8.800000190734863,8.460000038146973,8.710000038146973,8.680000305175781,1588200.0,7.318284511566162
2009-12-31,8.770000457763672,8.670000076293945,8.770000457763672,8.699999809265137,694200.0,7.335144996643066
2010-01-04,8.960000038146973,8.710000038146973,8.800000190734863,8.789999961853027,2638000.0,7.411026954650879
2010-01-05,9.029999732971191,8.699999809265137,8.800000190734863,8.9399995803833,2969000.0,7.53749418258667
2010-01-06,9.270000457763672,8.90999984741211,8.9399995803833,9.239999771118164,3272800.0,7.790430068969727
2010-01-07,9.15999984741211,8.75,9.079999923706055,8.920000076293945,4278100.0,7.520632743835449
2010-01-08,9.109999656677246,8.8100004196167,8.8100004196167,9.010000228881836,3118900.0,7.596513748168945
2010-01-11,9.270000457763672,9.0,9.270000457763672,9.100000381469727,2773800.0,7.6723952293396
2010-01-12,9.079999923706055,8.850000381469727,8.930000305175781,8.979999542236328,1505200.0,7.571220397949219
2010-01-13,9.09000015258789,8.850000381469727,9.010000228881836,9.069999694824219,1023500.0,7.647100448608398
2010-01-14,9.199999809265137,8.930000305175781,9.130000114440918,9.039999961853027,998600.0,7.621807098388672
2010-01-15,9.09000015258789,8.850000381469727,8.989999771118164,8.930000305175781,1456700.0,7.529063701629639
2010-01-19,9.09000015258789,8.649999618530273,9.09000015258789,9.09000015258789,1149000.0,7.663962364196777
2010-01-20,8.989999771118164,8.550000190734863,8.920000076293945,8.699999809265137,1353600.0,7.335144996643066
2010-01-21,8.800000190734863,8.25,8.770000457763672,8.329999923706055,2213800.0,7.023191928863525
2010-01-22,8.399999618530273,7.949999809265137,8.199999809265137,8.270000457763672,2183700.0,6.972604751586914
2010-01-25,8.5,8.260000228881836,8.319999694824219,8.4399995803833,1378400.0,7.115934371948242
2010-01-26,8.5600004196167,8.15999984741211,8.470000267028809,8.199999809265137,824300.0,6.913586139678955
2010-01-27,8.300000190734863,8.0,8.260000228881836,8.15999984741211,811500.0,6.879861354827881
2010-01-28,8.25,7.960000038146973,8.1899995803833,7.96999979019165,1330600.0,6.719668388366699
2010-01-29,8.15999984741211,7.670000076293945,8.15999984741211,7.800000190734863,1393900.0,6.576337814331055
2010-02-01,8.75,8.199999809265137,8.470000267028809,8.600000381469727,2103100.0,7.2508344650268555
2010-02-02,9.0,8.59000015258789,8.989999771118164,8.819999694824219,3168000.0,7.436319828033447
2010-02-03,9.039999961853027,8.6899995803833,8.6899995803833,8.880000114440918,4829500.0,7.486908435821533
2010-02-04,8.9399995803833,8.329999923706055,8.819999694824219,8.350000381469727,1850200.0,7.040054798126221
2010-02-05,8.470000267028809,7.880000114440918,8.359999656677246,8.149999618530273,3012700.0,6.871428966522217
2010-02-08,8.489999771118164,8.220000267028809,8.319999694824219,8.229999542236328,1490400.0,6.938878536224365
2010-02-09,8.770000457763672,8.40999984741211,8.489999771118164,8.600000381469727,3098000.0,7.2508344650268555
2010-02-10,8.729999542236328,8.34000015258789,8.670000076293945,8.59000015258789,2186100.0,7.242403030395508
2010-02-11,8.630000114440918,8.300000190734863,8.5,8.630000114440918,1203800.0,7.276127815246582
2010-02-12,8.649999618530273,8.3100004196167,8.600000381469727,8.529999732971191,393200.0,7.1918158531188965
2010-02-16,8.819999694824219,8.529999732971191,8.670000076293945,8.8100004196167,611900.0,7.427890300750732
2010-02-17,8.90999984741211,8.670000076293945,8.890000343322754,8.760000228881836,1165900.0,7.385732650756836
2010-02-18,8.819999694824219,8.710000038146973,8.739999771118164,8.75,815200.0,7.3773016929626465
2010-02-19,8.880000114440918,8.619999885559082,8.619999885559082,8.869999885559082,574000.0,7.4784770011901855
2010-02-22,8.979999542236328,8.649999618530273,8.979999542236328,8.6899995803833,1098100.0,7.326715469360352
2010-02-23,8.649999618530273,8.399999618530273,8.59000015258789,8.640000343322754,1627200.0,7.28455924987793
2010-02-24,8.720000267028809,8.529999732971191,8.609999656677246,8.550000190734863,707200.0,7.208678722381592
2010-02-25,8.710000038146973,8.220000267028809,8.460000038146973,8.670000076293945,2385700.0,7.309852600097656
2010-02-26,9.15999984741211,8.40999984741211,8.699999809265137,9.069999694824219,2393000.0,7.647100448608398
2010-03-01,9.199999809265137,8.920000076293945,9.09000015258789,8.979999542236328,1119200.0,7.571220397949219
2010-03-02,9.170000076293945,9.050000190734863,9.050000190734863,9.109999656677246,1233000.0,7.680826187133789
2010-03-03,9.399999618530273,9.020000457763672,9.1899995803833,9.050000190734863,1395300.0,7.6302385330200195
2010-03-04,9.25,8.979999542236328,9.010000228881836,9.039999961853027,1063000.0,7.621807098388672
2010-03-05,9.15999984741211,8.989999771118164,9.109999656677246,9.109999656677246,1502700.0,7.680826187133789
2010-03-08,9.550000190734863,9.0,9.0,9.300000190734863,2006400.0,7.841019630432129
2010-03-09,9.760000228881836,9.319999694824219,9.420000076293945,9.380000114440918,1865100.0,7.908468246459961
2010-03-10,9.489999771118164,9.1899995803833,9.420000076293945,9.319999694824219,917000.0,7.857880115509033
2010-03-11,9.34000015258789,8.960000038146973,9.34000015258789,9.109999656677246,1746600.0,7.680826187133789
2010-03-12,9.399999618530273,9.109999656677246,9.109999656677246,9.390000343322754,2017600.0,7.91689920425415
2010-03-15,9.399999618530273,9.1899995803833,9.239999771118164,9.380000114440918,700900.0,7.908468246459961
2010-03-16,9.5600004196167,9.369999885559082,9.550000190734863,9.520000457763672,1826100.0,8.026505470275879
2010-03-17,9.84000015258789,9.609999656677246,9.65999984741211,9.75,4382300.0,8.22042179107666
2010-03-18,9.899999618530273,9.529999732971191,9.829999923706055,9.710000038146973,2397000.0,8.186698913574219
2010-03-19,9.760000228881836,9.329999923706055,9.449999809265137,9.449999809265137,1819600.0,7.967487335205078
2010-03-22,9.449999809265137,9.15999984741211,9.289999961853027,9.399999618530273,1485600.0,7.925329208374023
2010-03-23,9.489999771118164,9.300000190734863,9.479999542236328,9.449999809265137,1016200.0,7.967487335205078
2010-03-24,9.520000457763672,9.199999809265137,9.520000457763672,9.25,1340900.0,7.798861980438232
2010-03-25,9.579999923706055,9.239999771118164,9.350000381469727,9.279999732971191,1513800.0,7.824155330657959
2010-03-26,9.40999984741211,9.149999618530273,9.3100004196167,9.270000457763672,1066900.0,7.815724849700928
2010-03-29,9.619999885559082,9.140000343322754,9.140000343322754,9.5600004196167,1683400.0,8.060229301452637
2010-03-30,9.75,9.380000114440918,9.680000305175781,9.449999809265137,1332800.0,7.967487335205078
2010-03-31,9.59000015258789,9.34000015258789,9.510000228881836,9.430000305175781,1006100.0,7.950623512268066
2010-04-01,9.550000190734863,9.149999618530273,9.479999542236328,9.270000457763672,1199000.0,7.815724849700928
2010-04-05,9.520000457763672,9.289999961853027,9.420000076293945,9.350000381469727,1395000.0,7.883174419403076
2010-04-06,9.449999809265137,9.220000267028809,9.399999618530273,9.369999885559082,2095600.0,7.900036334991455
2010-04-07,9.59000015258789,9.279999732971191,9.279999732971191,9.569999694824219,1605700.0,8.068660736083984
2010-04-08,9.960000038146973,9.279999732971191,9.380000114440918,9.779999732971191,2843600.0,8.245716094970703
2010-04-09,10.149999618530273,9.789999961853027,9.869999885559082,9.899999618530273,2045400.0,8.346891403198242
2010-04-12,10.09000015258789,9.859999656677246,10.0,10.029999732971191,3667800.0,8.456496238708496
2010-04-13,10.34000015258789,10.079999923706055,10.09000015258789,10.25,4535800.0,8.641983032226562
2010-04-14,10.640000343322754,10.3100004196167,10.380000114440918,10.470000267028809,3151400.0,8.827470779418945
2010-04-15,10.729999542236328,10.40999984741211,10.470000267028809,10.619999885559082,2717400.0,8.953936576843262
2010-04-16,10.710000038146973,10.130000114440918,10.609999656677246,10.399999618530273,1476800.0,8.768449783325195
2010-04-19,10.720000267028809,10.239999771118164,10.25,10.699999809265137,2094800.0,9.021385192871094
2010-04-20,10.960000038146973,10.720000267028809,10.720000267028809,10.899999618530273,1935500.0,9.190009117126465
2010-04-21,10.869999885559082,10.670000076293945,10.800000190734863,10.729999542236328,1374000.0,9.046679496765137
2010-04-22,10.699999809265137,10.5,10.59000015258789,10.649999618530273,829600.0,8.979231834411621
2010-04-23,10.779999732971191,10.550000190734863,10.600000381469727,10.760000228881836,758200.0,9.071974754333496
2010-04-26,10.890000343322754,10.600000381469727,10.739999771118164,10.619999885559082,751100.0,8.953936576843262
2010-04-27,10.699999809265137,10.010000228881836,10.699999809265137,10.029999732971191,1416000.0,8.456496238708496
2010-04-28,10.319999694824219,10.079999923706055,10.210000038146973,10.270000457763672,1682700.0,8.658843994140625
2010-04-29,10.670000076293945,10.380000114440918,10.550000190734863,10.579999923706055,1658900.0,8.920212745666504
2010-04-30,10.779999732971191,10.399999618530273,10.670000076293945,10.619999885559082,1672500.0,8.953936576843262
2010-05-03,10.699999809265137,10.319999694824219,10.65999984741211,10.640000343322754,1088200.0,8.970800399780273
2010-05-04,10.529999732971191,10.050000190734863,10.420000076293945,10.149999618530273,2219000.0,8.557669639587402
2010-05-05,9.979999542236328,9.300000190734863,9.869999885559082,9.600000381469727,3984700.0,8.093955039978027
2010-05-06,9.6899995803833,8.0,9.609999656677246,8.9399995803833,3438000.0,7.53749418258667
2010-05-07,9.15999984741211,8.5,8.760000228881836,8.850000381469727,2768700.0,7.461614608764648
2010-05-10,9.789999961853027,9.289999961853027,9.489999771118164,9.510000228881836,995300.0,8.018074989318848
2010-05-11,9.649999618530273,9.15999984741211,9.25,9.40999984741211,999300.0,7.933761119842529
2010-05-12,9.720000267028809,9.329999923706055,9.420000076293945,9.699999809265137,834100.0,8.178266525268555
2010-05-13,9.779999732971191,9.470000267028809,9.699999809265137,9.529999732971191,797500.0,8.03493595123291
2010-05-14,9.350000381469727,8.869999885559082,9.350000381469727,9.119999885559082,1229800.0,7.689256191253662
2010-05-17,9.229999542236328,8.5,9.220000267028809,8.890000343322754,2362600.0,7.4953389167785645
2010-05-18,9.050000190734863,8.529999732971191,8.930000305175781,8.640000343322754,1122200.0,7.28455924987793
2010-05-19,8.579999923706055,8.170000076293945,8.579999923706055,8.449999809265137,1918600.0,7.124366760253906
2010-05-20,8.140000343322754,7.690000057220459,8.109999656677246,7.949999809265137,2546100.0,6.702805519104004
2010-05-21,8.359999656677246,7.360000133514404,7.630000114440918,8.359999656677246,1813800.0,7.048485279083252
2010-05-24,8.5,8.220000267028809,8.319999694824219,8.319999694824219,797600.0,7.0147600173950195
2010-05-25,8.069999694824219,7.340000152587891,7.869999885559082,8.039999961853027,1560200.0,6.778687477111816
2010-05-26,8.579999923706055,8.180000305175781,8.210000038146973,8.329999923706055,1673200.0,7.023191928863525
2010-05-27,8.850000381469727,8.350000381469727,8.630000114440918,8.729999542236328,1239900.0,7.360439300537109
2010-05-28,8.829999923706055,8.529999732971191,8.75,8.630000114440918,686900.0,7.276127815246582
2010-06-01,8.850000381469727,8.5,8.539999961853027,8.520000457763672,1297600.0,7.183384895324707
2010-06-02,8.869999885559082,8.600000381469727,8.640000343322754,8.859999656677246,758200.0,7.470045566558838
2010-06-03,9.069999694824219,8.8100004196167,8.899999618530273,9.069999694824219,680000.0,7.647100448608398
2010-06-04,9.039999961853027,8.619999885559082,8.619999885559082,8.779999732971191,931200.0,7.402595043182373
2010-06-07,8.930000305175781,8.550000190734863,8.739999771118164,8.550000190734863,712000.0,7.208678722381592
2010-06-08,8.800000190734863,8.5,8.5600004196167,8.760000228881836,824000.0,7.385732650756836
2010-06-09,9.170000076293945,8.8100004196167,8.8100004196167,8.90999984741211,1043600.0,7.51220178604126
2010-06-10,9.420000076293945,9.0,9.180000305175781,9.390000343322754,813500.0,7.91689920425415
2010-06-11,9.800000190734863,9.319999694824219,9.319999694824219,9.4399995803833,1131900.0,7.959054470062256
2010-06-14,9.739999771118164,9.239999771118164,9.609999656677246,9.470000267028809,1270100.0,7.984347343444824
2010-06-15,10.050000190734863,9.529999732971191,9.65999984741211,10.050000190734863,1150700.0,8.473357200622559
2010-06-16,10.220000267028809,9.850000381469727,9.899999618530273,10.119999885559082,1248700.0,8.532376289367676
2010-06-17,10.229999542236328,9.850000381469727,10.220000267028809,10.029999732971191,1391400.0,8.456496238708496
2010-06-18,10.100000381469727,9.800000190734863,9.960000038146973,10.029999732971191,675100.0,8.456496238708496
2010-06-21,10.329999923706055,9.850000381469727,10.199999809265137,10.010000228881836,1237200.0,8.439635276794434
2010-06-22,10.180000305175781,9.850000381469727,10.079999923706055,9.850000381469727,570200.0,8.304734230041504
2010-06-23,10.020000457763672,9.680000305175781,9.960000038146973,9.890000343322754,982800.0,8.338459014892578
2010-06-24,9.970000267028809,9.710000038146973,9.829999923706055,9.779999732971191,484000.0,8.245716094970703
2010-06-25,10.239999771118164,9.710000038146973,9.84000015258789,10.149999618530273,698200.0,8.557669639587402
2010-06-28,10.180000305175781,9.899999618530273,10.039999961853027,10.029999732971191,729700.0,8.456496238708496
2010-06-29,9.989999771118164,9.289999961853027,9.989999771118164,9.369999885559082,1462500.0,7.900036334991455
2010-06-30,9.649999618530273,9.289999961853027,9.319999694824219,9.34000015258789,1324700.0,7.874743938446045
2010-07-01,9.869999885559082,9.170000076293945,9.359999656677246,9.819999694824219,1537900.0,8.279441833496094
2010-07-02,9.960000038146973,9.710000038146973,9.930000305175781,9.850000381469727,444400.0,8.304734230041504
2010-07-06,10.199999809265137,9.9399995803833,10.100000381469727,10.029999732971191,1270900.0,8.456496238708496
2010-07-07,10.289999961853027,9.970000267028809,10.039999961853027,10.270000457763672,1110100.0,8.658843994140625
2010-07-08,10.399999618530273,9.979999542236328,10.399999618530273,10.270000457763672,667000.0,8.658843994140625
2010-07-09,10.550000190734863,10.149999618530273,10.25,10.460000038146973,1048200.0,8.819038391113281
2010-07-12,10.529999732971191,10.25,10.399999618530273,10.430000305175781,608300.0,8.793745040893555
2010-07-13,10.649999618530273,10.270000457763672,10.649999618530273,10.489999771118164,845100.0,8.844331741333008
2010-07-14,10.5,10.289999961853027,10.420000076293945,10.390000343322754,318600.0,8.76002025604248
2010-07-15,10.539999961853027,10.289999961853027,10.430000305175781,10.380000114440918,563100.0,8.751587867736816
2010-07-16,10.350000381469727,10.029999732971191,10.350000381469727,10.079999923706055,463500.0,8.498651504516602
2010-07-19,10.220000267028809,9.899999618530273,10.079999923706055,10.170000076293945,467200.0,8.574533462524414
2010-07-20,10.40999984741211,10.0,10.039999961853027,10.359999656677246,360600.0,8.734725952148438
2010-07-21,10.489999771118164,10.350000381469727,10.489999771118164,10.40999984741211,581100.0,8.77688217163086
2010-07-22,10.710000038146973,10.430000305175781,10.529999732971191,10.699999809265137,784800.0,9.021385192871094
2010-07-23,10.789999961853027,10.5,10.699999809265137,10.789999961853027,611100.0,9.097268104553223
2010-07-26,10.890000343322754,10.699999809265137,10.8100004196167,10.739999771118164,492800.0,9.0551118850708
2010-07-27,11.050000190734863,10.630000114440918,10.869999885559082,10.989999771118164,731700.0,9.265892028808594
2010-07-28,11.079999923706055,10.890000343322754,10.960000038146973,11.010000228881836,696200.0,9.282753944396973
2010-07-29,11.210000038146973,10.960000038146973,11.109999656677246,11.170000076293945,455100.0,9.41765308380127
2010-07-30,11.399999618530273,11.109999656677246,11.199999809265137,11.359999656677246,924500.0,9.577844619750977
2010-08-02,11.75,11.460000038146973,11.609999656677246,11.5600004196167,1154200.0,9.746471405029297
2010-08-03,11.600000381469727,11.140000343322754,11.600000381469727,11.180000305175781,723000.0,9.42608642578125
2010-08-04,11.359999656677246,10.960000038146973,11.1899995803833,11.109999656677246,779100.0,9.3670654296875
2010-08-05,11.3100004196167,11.050000190734863,11.069999694824219,11.279999732971191,774600.0,9.510396003723145
2010-08-06,11.5,11.079999923706055,11.180000305175781,11.25,758500.0,9.485103607177734
2010-08-09,11.5,11.260000228881836,11.369999885559082,11.380000114440918,794600.0,9.594708442687988
2010-08-10,11.380000114440918,11.119999885559082,11.210000038146973,11.260000228881836,772300.0,9.493535041809082
2010-08-11,11.050000190734863,10.5,10.979999542236328,10.800000190734863,1331900.0,9.105700492858887
2010-08-12,10.930000305175781,10.550000190734863,10.630000114440918,10.75,583600.0,9.063543319702148
2010-08-13,10.739999771118164,10.229999542236328,10.720000267028809,10.25,1523600.0,8.641983032226562
2010-08-16,10.430000305175781,10.020000457763672,10.109999656677246,10.319999694824219,648200.0,8.701000213623047
2010-08-17,10.850000381469727,10.399999618530273,10.470000267028809,10.710000038146973,616500.0,9.029818534851074
2010-08-18,10.579999923706055,10.1899995803833,10.579999923706055,10.300000190734863,854600.0,8.900312423706055
2010-08-19,10.350000381469727,9.9399995803833,10.220000267028809,10.100000381469727,1206800.0,8.72749137878418
2010-08-20,10.050000190734863,9.90999984741211,9.960000038146973,9.920000076293945,1371400.0,8.571950912475586
2010-08-23,10.279999732971191,10.010000228881836,10.100000381469727,10.079999923706055,790600.0,8.71020793914795
2010-08-24,10.1899995803833,9.779999732971191,9.979999542236328,10.119999885559082,801600.0,8.744772911071777
2010-08-25,10.649999618530273,10.029999732971191,10.029999732971191,10.600000381469727,1563700.0,9.159546852111816
2010-08-26,10.819999694824219,10.5,10.710000038146973,10.5,819500.0,9.073134422302246
2010-08-27,10.800000190734863,10.550000190734863,10.649999618530273,10.75,1000600.0,9.28916072845459
2010-08-30,10.829999923706055,10.529999732971191,10.739999771118164,10.5600004196167,646500.0,9.124981880187988
2010-08-31,10.729999542236328,10.470000267028809,10.5,10.539999961853027,1213400.0,9.107699394226074
2010-09-01,11.289999961853027,10.649999618530273,10.6899995803833,11.0,2107600.0,9.505188941955566
2010-09-02,11.34000015258789,11.020000457763672,11.149999618530273,11.210000038146973,898700.0,9.686650276184082
2010-09-03,11.510000228881836,11.149999618530273,11.510000228881836,11.1899995803833,1121700.0,9.669367790222168
2010-09-07,11.489999771118164,11.029999732971191,11.130000114440918,11.1899995803833,1376100.0,9.669367790222168
2010-09-08,11.279999732971191,11.0,11.199999809265137,11.079999923706055,642600.0,9.57431697845459
2010-09-09,11.449999809265137,11.130000114440918,11.260000228881836,11.25,1010700.0,9.72121524810791
2010-09-10,11.399999618530273,11.180000305175781,11.210000038146973,11.399999618530273,731400.0,9.850831031799316
2010-09-13,11.529999732971191,11.25,11.510000228881836,11.399999618530273,1083300.0,9.850831031799316
2010-09-14,11.5,11.279999732971191,11.399999618530273,11.380000114440918,784200.0,9.833551406860352
2010-09-15,11.449999809265137,11.279999732971191,11.369999885559082,11.3100004196167,1191500.0,9.773062705993652
2010-09-16,11.5,11.239999771118164,11.300000190734863,11.4399995803833,973000.0,9.885396003723145
2010-09-17,11.680000305175781,11.350000381469727,11.4399995803833,11.649999618530273,1005900.0,10.066858291625977
2010-09-20,11.699999809265137,11.4399995803833,11.65999984741211,11.670000076293945,507900.0,10.084141731262207
2010-09-21,11.680000305175781,11.300000190734863,11.630000114440918,11.670000076293945,922900.0,10.084141731262207
2010-09-22,11.949999809265137,11.529999732971191,11.59000015258789,11.600000381469727,883500.0,10.023653984069824
2010-09-23,11.770000457763672,11.430000305175781,11.539999961853027,11.600000381469727,661400.0,10.023653984069824
2010-09-24,12.199999809265137,11.729999542236328,11.8100004196167,12.010000228881836,2116000.0,10.377937316894531
2010-09-27,12.069999694824219,11.729999542236328,12.069999694824219,11.770000457763672,1086400.0,10.170551300048828
2010-09-28,11.8100004196167,11.449999809265137,11.739999771118164,11.59000015258789,818400.0,10.015010833740234
2010-09-29,11.670000076293945,11.390000343322754,11.59000015258789,11.449999809265137,1238700.0,9.894038200378418
2010-09-30,11.640000343322754,11.40999984741211,11.579999923706055,11.59000015258789,1429500.0,10.015010833740234
2010-10-01,11.869999885559082,11.640000343322754,11.720000267028809,11.680000305175781,678900.0,10.092782020568848
2010-10-04,11.680000305175781,11.449999809265137,11.680000305175781,11.569999694824219,456600.0,9.997730255126953
2010-10-05,11.9399995803833,11.59000015258789,11.640000343322754,11.920000076293945,622700.0,10.30016803741455
2010-10-06,12.010000228881836,11.770000457763672,11.960000038146973,11.930000305175781,915400.0,10.308809280395508
2010-10-07,12.020000457763672,11.800000190734863,12.010000228881836,11.960000038146973,301500.0,10.334731101989746
2010-10-08,12.270000457763672,11.9399995803833,12.0,12.25,1442700.0,10.585323333740234
2010-10-11,12.5,12.25,12.270000457763672,12.369999885559082,790400.0,10.689016342163086
2010-10-12,12.399999618530273,12.079999923706055,12.270000457763672,12.399999618530273,502500.0,10.71493911743164
2010-10-13,12.989999771118164,12.5,12.510000228881836,12.899999618530273,2788400.0,11.146992683410645
2010-10-14,12.949999809265137,12.5,12.949999809265137,12.800000190734863,1841800.0,11.060583114624023
2010-10-15,13.029999732971191,12.649999618530273,12.949999809265137,12.680000305175781,604400.0,10.956890106201172
2010-10-18,12.65999984741211,12.430000305175781,12.649999618530273,12.579999923706055,502300.0,10.870479583740234
2010-10-19,12.40999984741211,12.140000343322754,12.40999984741211,12.3100004196167,845500.0,10.63716983795166
2010-10-20,12.850000381469727,12.359999656677246,12.359999656677246,12.539999961853027,1584000.0,10.835914611816406
2010-10-21,12.8100004196167,12.220000267028809,12.550000190734863,12.279999732971191,1178300.0,10.611247062683105
2010-10-22,12.510000228881836,12.25,12.350000381469727,12.289999961853027,439700.0,10.619888305664062
2010-10-25,12.760000228881836,12.5,12.520000457763672,12.699999809265137,1172900.0,10.974172592163086
2010-10-26,12.9399995803833,12.600000381469727,12.680000305175781,12.8100004196167,789600.0,11.06922435760498
2010-10-27,12.920000076293945,12.579999923706055,12.720000267028809,12.859999656677246,802800.0,11.11242961883545
2010-10-28,13.199999809265137,12.899999618530273,13.140000343322754,12.90999984741211,729100.0,11.155633926391602
2010-10-29,13.199999809265137,12.899999618530273,12.960000038146973,13.140000343322754,878100.0,11.354379653930664
2010-11-01,13.4399995803833,12.989999771118164,13.300000190734863,13.119999885559082,908300.0,11.337095260620117
2010-11-02,13.460000038146973,13.15999984741211,13.300000190734863,13.319999694824219,854400.0,11.509919166564941
2010-11-03,13.59000015258789,13.229999542236328,13.399999618530273,13.460000038146973,1387100.0,11.630894660949707
2010-11-04,14.359999656677246,13.760000228881836,13.760000228881836,14.079999923706055,1975800.0,12.166641235351562
2010-11-05,14.149999618530273,13.800000190734863,14.119999885559082,13.899999618530273,1568900.0,12.011100769042969
2010-11-08,13.970000267028809,13.5,13.899999618530273,13.890000343322754,1343300.0,12.002461433410645
2010-11-09,14.109999656677246,13.829999923706055,13.949999809265137,13.890000343322754,1409100.0,12.002461433410645
2010-11-10,14.029999732971191,13.6899995803833,13.930000305175781,13.949999809265137,1115800.0,12.054306983947754
2010-11-11,13.970000267028809,13.460000038146973,13.890000343322754,13.649999618530273,1722400.0,11.795074462890625
2010-11-12,13.5,12.890000343322754,13.4399995803833,12.920000076293945,1939800.0,11.164275169372559
2010-11-15,13.300000190734863,12.949999809265137,13.010000228881836,13.09000015258789,841600.0,11.311174392700195
2010-11-16,13.010000228881836,12.430000305175781,13.010000228881836,12.520000457763672,1248400.0,10.818632125854492
2010-11-17,12.850000381469727,12.460000038146973,12.489999771118164,12.710000038146973,710500.0,10.982812881469727
2010-11-18,13.270000457763672,12.949999809265137,12.960000038146973,13.140000343322754,997800.0,11.354379653930664
2010-11-19,13.140000343322754,12.760000228881836,13.140000343322754,13.0,710700.0,11.233404159545898
2010-11-22,12.979999542236328,12.300000190734863,12.979999542236328,12.729999542236328,2203300.0,11.000096321105957
2010-11-23,12.550000190734863,12.149999618530273,12.550000190734863,12.279999732971191,1177800.0,10.611247062683105
2010-11-24,12.829999923706055,12.479999542236328,12.5,12.699999809265137,1281000.0,10.974172592163086
2010-11-26,12.680000305175781,12.449999809265137,12.579999923706055,12.539999961853027,598900.0,10.835914611816406
2010-11-29,12.579999923706055,12.25,12.380000114440918,12.449999809265137,1194100.0,10.75814437866211
2010-11-30,12.90999984741211,12.3100004196167,12.319999694824219,12.760000228881836,1721500.0,11.026019096374512
2010-12-01,13.399999618530273,13.079999923706055,13.09000015258789,13.100000381469727,1235600.0,11.319815635681152
2010-12-02,13.529999732971191,13.100000381469727,13.119999885559082,13.4399995803833,1349600.0,11.613611221313477
2010-12-03,13.670000076293945,13.140000343322754,13.369999885559082,13.640000343322754,944700.0,11.786434173583984
2010-12-06,13.6899995803833,13.430000305175781,13.680000305175781,13.569999694824219,671000.0,11.725945472717285
2010-12-07,14.270000457763672,13.680000305175781,13.710000038146973,13.789999961853027,1640200.0,11.916049003601074
2010-12-08,13.850000381469727,13.510000228881836,13.770000457763672,13.579999923706055,548600.0,11.734586715698242
2010-12-09,13.779999732971191,12.970000267028809,13.6899995803833,13.020000457763672,4389200.0,11.250687599182129
2010-12-10,13.199999809265137,12.930000305175781,13.100000381469727,12.979999542236328,1994800.0,11.216121673583984
2010-12-13,13.170000076293945,12.819999694824219,13.069999694824219,13.010000228881836,1555000.0,11.242045402526855
2010-12-14,13.039999961853027,12.5600004196167,13.039999961853027,12.819999694824219,2857400.0,11.077865600585938
2010-12-15,12.880000114440918,12.579999923706055,12.739999771118164,12.699999809265137,1236100.0,10.974172592163086
2010-12-16,12.779999732971191,12.449999809265137,12.739999771118164,12.550000190734863,830900.0,10.844555854797363
2010-12-17,12.8100004196167,12.470000267028809,12.569999694824219,12.8100004196167,1139900.0,11.06922435760498
2010-12-20,12.9399995803833,12.699999809265137,12.789999961853027,12.739999771118164,840300.0,11.008735656738281
2010-12-21,13.0600004196167,12.859999656677246,12.90999984741211,13.029999732971191,719000.0,11.259326934814453
2010-12-22,13.3100004196167,13.050000190734863,13.09000015258789,13.210000038146973,995000.0,11.414867401123047
2010-12-23,13.329999923706055,13.130000114440918,13.180000305175781,13.210000038146973,395700.0,11.414867401123047
2010-12-27,13.3100004196167,13.109999656677246,13.210000038146973,13.300000190734863,349700.0,11.49263858795166
2010-12-28,13.4399995803833,13.220000267028809,13.34000015258789,13.289999961853027,361900.0,11.483994483947754
2010-12-29,13.90999984741211,13.329999923706055,13.449999809265137,13.819999694824219,1068000.0,11.941971778869629
2010-12-30,13.899999618530273,13.670000076293945,13.880000114440918,13.720000267028809,1041700.0,11.855563163757324
2010-12-31,13.800000190734863,13.5,13.699999809265137,13.619999885559082,362000.0,11.76915168762207
2011-01-03,13.989999771118164,13.8100004196167,13.84000015258789,13.859999656677246,806500.0,11.976537704467773
2011-01-04,14.59000015258789,13.949999809265137,13.989999771118164,14.569999694824219,2224800.0,12.590054512023926
2011-01-05,14.5600004196167,14.09000015258789,14.5,14.350000381469727,1616600.0,12.39995002746582
2011-01-06,14.399999618530273,13.869999885559082,14.399999618530273,14.0600004196167,977500.0,12.149357795715332
2011-01-07,14.170000076293945,13.829999923706055,14.09000015258789,14.149999618530273,917300.0,12.227128982543945
2011-01-10,14.300000190734863,14.09000015258789,14.140000343322754,14.15999984741211,815500.0,12.235770225524902
2011-01-11,14.619999885559082,14.220000267028809,14.329999923706055,14.520000457763672,1715800.0,12.54684829711914
2011-01-12,14.739999771118164,14.34000015258789,14.699999809265137,14.520000457763672,933400.0,12.54684829711914
2011-01-13,14.699999809265137,14.359999656677246,14.460000038146973,14.449999809265137,1362600.0,12.486361503601074
2011-01-14,14.520000457763672,14.229999542236328,14.449999809265137,14.350000381469727,710400.0,12.39995002746582
2011-01-18,14.489999771118164,14.25,14.430000305175781,14.329999923706055,1472400.0,12.382667541503906
2011-01-19,14.470000267028809,13.979999542236328,14.420000076293945,14.109999656677246,1012700.0,12.192564964294434
2011-01-20,14.029999732971191,13.510000228881836,14.029999732971191,13.739999771118164,1374500.0,11.872844696044922
2011-01-21,14.15999984741211,13.75,13.869999885559082,13.890000343322754,989100.0,12.002461433410645
2011-01-24,13.930000305175781,13.510000228881836,13.800000190734863,13.550000190734863,1097400.0,11.708662986755371
2011-01-25,13.579999923706055,13.140000343322754,13.579999923706055,13.300000190734863,1516300.0,11.49263858795166
2011-01-26,13.430000305175781,13.010000228881836,13.430000305175781,13.109999656677246,2008200.0,11.32845687866211
2011-01-27,13.1899995803833,12.899999618530273,13.180000305175781,13.010000228881836,1350200.0,11.242045402526855
2011-01-28,13.270000457763672,12.859999656677246,13.180000305175781,12.890000343322754,1540000.0,11.13835334777832
2011-01-31,13.180000305175781,12.90999984741211,12.989999771118164,12.979999542236328,992600.0,11.216121673583984
2011-02-01,13.869999885559082,13.09000015258789,13.09000015258789,13.779999732971191,1637400.0,11.907408714294434
2011-02-02,13.979999542236328,13.539999961853027,13.710000038146973,13.859999656677246,1965200.0,11.976537704467773
2011-02-03,13.970000267028809,13.619999885559082,13.930000305175781,13.75,769100.0,11.881485939025879
2011-02-04,13.770000457763672,13.270000457763672,13.739999771118164,13.430000305175781,1276700.0,11.60496997833252
2011-02-07,13.600000381469727,13.140000343322754,13.529999732971191,13.329999923706055,1047800.0,11.518560409545898
2011-02-08,13.739999771118164,13.289999961853027,13.380000114440918,13.539999961853027,1016400.0,11.700023651123047
2011-02-09,13.569999694824219,12.859999656677246,13.5,13.130000114440918,1467000.0,11.345738410949707
2011-02-10,12.720000267028809,12.069999694824219,12.600000381469727,12.239999771118164,4488800.0,10.576682090759277
2011-02-11,12.65999984741211,12.170000076293945,12.260000228881836,12.520000457763672,1408600.0,10.818632125854492
2011-02-14,12.819999694824219,12.5,12.59000015258789,12.680000305175781,982500.0,10.956890106201172
2011-02-15,12.989999771118164,12.699999809265137,12.710000038146973,12.75,958500.0,11.017377853393555
2011-02-16,12.920000076293945,12.619999885559082,12.850000381469727,12.869999885559082,930700.0,11.121070861816406
2011-02-17,12.979999542236328,12.760000228881836,12.880000114440918,12.90999984741211,884500.0,11.155633926391602
2011-02-18,13.010000228881836,12.770000457763672,12.930000305175781,12.869999885559082,908200.0,11.121070861816406
2011-02-22,12.949999809265137,12.670000076293945,12.779999732971191,12.819999694824219,1848900.0,11.077865600585938
2011-02-23,13.25,12.760000228881836,12.850000381469727,13.1899995803833,2766000.0,11.397583961486816
2011-02-24,13.630000114440918,13.1899995803833,13.260000228881836,13.229999542236328,1612100.0,11.432149887084961
2011-02-25,13.510000228881836,13.130000114440918,13.369999885559082,13.390000343322754,789100.0,11.570406913757324
2011-02-28,13.789999961853027,13.329999923706055,13.329999923706055,13.760000228881836,1191000.0,11.890127182006836
2011-03-01,13.880000114440918,13.489999771118164,13.869999885559082,13.520000457763672,933900.0,11.68274211883545
2011-03-02,14.300000190734863,13.609999656677246,13.710000038146973,14.0,2285400.0,12.097512245178223
2011-03-03,14.239999771118164,13.920000076293945,14.239999771118164,14.029999732971191,1758800.0,12.123434066772461
2011-03-04,14.029999732971191,13.630000114440918,14.010000228881836,13.680000305175781,1496100.0,11.820998191833496
2011-03-07,13.890000343322754,13.3100004196167,13.770000457763672,13.420000076293945,766400.0,11.596328735351562
2011-03-08,13.579999923706055,13.25,13.489999771118164,13.5,946300.0,11.665456771850586
2011-03-09,13.529999732971191,13.220000267028809,13.5,13.359999656677246,791400.0,11.544482231140137
2011-03-10,13.130000114440918,12.710000038146973,13.130000114440918,12.890000343322754,1416200.0,11.13835334777832
2011-03-11,13.079999923706055,12.75,12.90999984741211,13.010000228881836,668200.0,11.242045402526855
2011-03-14,12.90999984741211,12.399999618530273,12.90999984741211,12.65999984741211,1773800.0,10.939605712890625
2011-03-15,13.039999961853027,12.020000457763672,12.199999809265137,12.850000381469727,2779500.0,11.103788375854492
2011-03-16,12.859999656677246,12.130000114440918,12.850000381469727,12.229999542236328,2503800.0,10.56804084777832
2011-03-17,12.619999885559082,12.050000190734863,12.40999984741211,12.170000076293945,1962000.0,10.516194343566895
2011-03-18,12.600000381469727,12.170000076293945,12.329999923706055,12.399999618530273,2716000.0,10.71493911743164
2011-03-21,12.699999809265137,12.420000076293945,12.699999809265137,12.619999885559082,964100.0,10.905041694641113
2011-03-22,12.899999618530273,12.640000343322754,12.6899995803833,12.75,1009800.0,11.017377853393555
2011-03-23,12.859999656677246,12.460000038146973,12.800000190734863,12.649999618530273,972300.0,10.9309663772583
2011-03-24,12.779999732971191,12.479999542236328,12.75,12.479999542236328,1233000.0,10.78406810760498
2011-03-25,12.9399995803833,12.630000114440918,12.630000114440918,12.850000381469727,750500.0,11.103788375854492
2011-03-28,12.979999542236328,12.760000228881836,12.960000038146973,12.829999923706055,957100.0,11.086505889892578
2011-03-29,13.0,12.75,12.869999885559082,13.0,1200900.0,11.233404159545898
2011-03-30,13.140000343322754,12.729999542236328,13.029999732971191,12.869999885559082,1080700.0,11.121070861816406
2011-03-31,13.010000228881836,12.819999694824219,12.899999618530273,12.899999618530273,944400.0,11.146992683410645
2011-04-01,13.289999961853027,12.960000038146973,13.010000228881836,13.15999984741211,1355200.0,11.371663093566895
2011-04-04,13.369999885559082,13.140000343322754,13.199999809265137,13.260000228881836,720800.0,11.458072662353516
2011-04-05,13.380000114440918,13.25,13.369999885559082,13.350000381469727,1125200.0,11.535841941833496
2011-04-06,13.430000305175781,12.989999771118164,13.399999618530273,13.0600004196167,2598000.0,11.285249710083008
2011-04-07,12.869999885559082,12.300000190734863,12.869999885559082,12.40999984741211,6900100.0,10.72358226776123
2011-04-08,12.350000381469727,11.920000076293945,12.329999923706055,11.979999542236328,3445300.0,10.352015495300293
2011-04-11,12.239999771118164,11.880000114440918,12.0600004196167,12.0,1623900.0,10.36929702758789
2011-04-12,11.979999542236328,11.470000267028809,11.970000267028809,11.739999771118164,2410100.0,10.144628524780273
2011-04-13,11.84000015258789,11.449999809265137,11.789999961853027,11.649999618530273,1642200.0,10.066858291625977
2011-04-14,12.130000114440918,11.489999771118164,11.59000015258789,12.069999694824219,2024100.0,10.429783821105957
2011-04-15,12.170000076293945,11.970000267028809,12.130000114440918,12.140000343322754,1359800.0,10.490272521972656
2011-04-18,12.130000114440918,11.859999656677246,12.0,12.109999656677246,1398000.0,10.464347839355469
2011-04-19,12.180000305175781,11.949999809265137,12.119999885559082,12.100000381469727,1714200.0,10.455706596374512
2011-04-20,12.350000381469727,12.029999732971191,12.180000305175781,12.140000343322754,1414600.0,10.490272521972656
2011-04-21,12.180000305175781,11.960000038146973,12.180000305175781,11.989999771118164,595300.0,10.3606538772583
2011-04-25,12.0,11.75,11.970000267028809,11.989999771118164,828700.0,10.3606538772583
2011-04-26,12.34000015258789,11.960000038146973,12.079999923706055,12.300000190734863,1700300.0,10.628528594970703
2011-04-27,12.34000015258789,12.029999732971191,12.34000015258789,12.140000343322754,1225600.0,10.490272521972656
2011-04-28,12.380000114440918,11.90999984741211,12.100000381469727,12.369999885559082,1604800.0,10.689016342163086
2011-04-29,12.59000015258789,12.3100004196167,12.449999809265137,12.449999809265137,1181300.0,10.75814437866211
2011-05-02,12.59000015258789,12.329999923706055,12.470000267028809,12.380000114440918,1670100.0,10.69765853881836
2011-05-03,12.34000015258789,11.760000228881836,12.319999694824219,11.829999923706055,2337100.0,10.222397804260254
2011-05-04,11.859999656677246,11.510000228881836,11.8100004196167,11.649999618530273,1846400.0,10.066858291625977
2011-05-05,11.59000015258789,11.25,11.529999732971191,11.3100004196167,1663100.0,9.773062705993652
2011-05-06,11.770000457763672,11.470000267028809,11.550000190734863,11.529999732971191,847500.0,9.963165283203125
2011-05-09,11.75,11.270000457763672,11.640000343322754,11.4399995803833,1245500.0,9.885396003723145
2011-05-10,11.90999984741211,11.649999618530273,11.890000343322754,11.720000267028809,1472500.0,10.127345085144043
2011-05-11,11.649999618530273,11.350000381469727,11.619999885559082,11.489999771118164,885200.0,9.928600311279297
2011-05-12,11.380000114440918,11.020000457763672,11.369999885559082,11.25,1283100.0,9.72121524810791
2011-05-13,11.25,10.880000114440918,11.25,11.029999732971191,1238400.0,9.531111717224121
2011-05-16,11.1899995803833,10.90999984741211,11.0,11.029999732971191,2209700.0,9.531111717224121
2011-05-17,11.050000190734863,10.84000015258789,10.899999618530273,10.949999809265137,1302800.0,9.46198558807373
2011-05-18,11.020000457763672,10.819999694824219,10.970000267028809,10.930000305175781,1174200.0,9.444700241088867
2011-05-19,11.039999961853027,10.739999771118164,11.0,10.829999923706055,1061300.0,9.358288764953613
2011-05-20,11.149999618530273,10.619999885559082,10.739999771118164,10.979999542236328,1862200.0,9.487906455993652
2011-05-23,10.859999656677246,10.680000305175781,10.760000228881836,10.859999656677246,647500.0,9.384212493896484
2011-05-24,11.119999885559082,10.829999923706055,10.899999618530273,11.069999694824219,1186100.0,9.565675735473633
2011-05-25,11.449999809265137,10.989999771118164,11.050000190734863,11.40999984741211,1854000.0,9.859472274780273
2011-05-26,11.890000343322754,11.25,11.430000305175781,11.710000038146973,3021300.0,10.118705749511719
2011-05-27,11.850000381469727,11.630000114440918,11.850000381469727,11.6899995803833,854000.0,10.101421356201172
2011-05-31,11.930000305175781,11.609999656677246,11.829999923706055,11.880000114440918,2266600.0,10.265604019165039
2011-06-01,12.029999732971191,11.729999542236328,11.899999618530273,11.920000076293945,1592700.0,10.30016803741455
2011-06-02,12.350000381469727,11.850000381469727,11.979999542236328,12.270000457763672,1758100.0,10.602606773376465
2011-06-03,12.279999732971191,12.0600004196167,12.079999923706055,12.149999618530273,1169400.0,10.498912811279297
2011-06-06,12.199999809265137,11.899999618530273,12.149999618530273,12.0,1230100.0,10.36929702758789
2011-06-07,12.420000076293945,12.020000457763672,12.079999923706055,12.289999961853027,1437900.0,10.619888305664062
2011-06-08,12.4399995803833,12.180000305175781,12.220000267028809,12.25,1629700.0,10.585323333740234
2011-06-09,12.399999618530273,12.130000114440918,12.260000228881836,12.260000228881836,1191400.0,10.593965530395508
2011-06-10,12.3100004196167,11.8100004196167,12.3100004196167,11.850000381469727,1650700.0,10.239681243896484
2011-06-13,12.270000457763672,11.8100004196167,11.859999656677246,12.09000015258789,1299500.0,10.447065353393555
2011-06-14,12.380000114440918,12.130000114440918,12.149999618530273,12.319999694824219,1114000.0,10.645811080932617
2011-06-15,12.470000267028809,12.210000038146973,12.220000267028809,12.3100004196167,1749500.0,10.63716983795166
2011-06-16,12.319999694824219,12.0600004196167,12.220000267028809,12.119999885559082,1933500.0,10.472989082336426
2011-06-17,12.59000015258789,11.90999984741211,12.199999809265137,12.579999923706055,2110100.0,10.870479583740234
2011-06-20,12.539999961853027,12.220000267028809,12.5,12.279999732971191,1305900.0,10.611247062683105
2011-06-21,12.5,12.270000457763672,12.390000343322754,12.449999809265137,813600.0,10.75814437866211
2011-06-22,12.470000267028809,12.279999732971191,12.369999885559082,12.300000190734863,729700.0,10.628528594970703
2011-06-23,12.3100004196167,11.8100004196167,12.079999923706055,12.270000457763672,801800.0,10.602606773376465
2011-06-24,12.369999885559082,11.770000457763672,12.300000190734863,11.850000381469727,1354200.0,10.239681243896484
2011-06-27,11.899999618530273,11.569999694824219,11.899999618530273,11.6899995803833,1713400.0,10.101421356201172
2011-06-28,12.100000381469727,11.539999961853027,11.699999809265137,12.079999923706055,1459500.0,10.43842601776123
2011-06-29,12.300000190734863,12.0600004196167,12.100000381469727,12.229999542236328,1233900.0,10.56804084777832
2011-06-30,12.430000305175781,12.220000267028809,12.319999694824219,12.289999961853027,1067100.0,10.619888305664062
2011-07-01,12.5,11.979999542236328,12.100000381469727,12.390000343322754,1365200.0,10.706297874450684
2011-07-05,12.569999694824219,12.25,12.329999923706055,12.390000343322754,794700.0,10.706297874450684
2011-07-06,12.380000114440918,12.100000381469727,12.319999694824219,12.130000114440918,621500.0,10.481630325317383
2011-07-07,12.289999961853027,12.109999656677246,12.1899995803833,12.130000114440918,766000.0,10.481630325317383
2011-07-08,12.289999961853027,11.789999961853027,12.0,12.220000267028809,1453000.0,10.559399604797363
2011-07-11,12.1899995803833,11.90999984741211,12.100000381469727,11.979999542236328,955300.0,10.352015495300293
2011-07-12,12.170000076293945,11.869999885559082,11.930000305175781,12.09000015258789,1693600.0,10.447065353393555
2011-07-13,12.359999656677246,12.100000381469727,12.100000381469727,12.319999694824219,1133000.0,10.645811080932617
2011-07-14,12.430000305175781,12.170000076293945,12.380000114440918,12.25,1128500.0,10.585323333740234
2011-07-15,12.4399995803833,12.260000228881836,12.34000015258789,12.4399995803833,749400.0,10.749504089355469
2011-07-18,12.449999809265137,12.09000015258789,12.329999923706055,12.239999771118164,932600.0,10.576682090759277
2011-07-19,12.40999984741211,12.119999885559082,12.3100004196167,12.229999542236328,576300.0,10.56804084777832
2011-07-20,12.289999961853027,12.069999694824219,12.220000267028809,12.289999961853027,756700.0,10.619888305664062
2011-07-21,12.859999656677246,12.270000457763672,12.34000015258789,12.819999694824219,1198200.0,11.077865600585938
2011-07-22,12.869999885559082,12.649999618530273,12.789999961853027,12.8100004196167,626900.0,11.06922435760498
2011-07-25,12.880000114440918,12.539999961853027,12.729999542236328,12.779999732971191,850500.0,11.043301582336426
2011-07-26,12.829999923706055,12.600000381469727,12.760000228881836,12.670000076293945,614800.0,10.948248863220215
2011-07-27,12.6899995803833,12.1899995803833,12.619999885559082,12.34000015258789,1878300.0,10.663094520568848
2011-07-28,12.399999618530273,12.180000305175781,12.350000381469727,12.279999732971191,679900.0,10.611247062683105
2011-07-29,12.380000114440918,11.9399995803833,12.109999656677246,12.329999923706055,1116000.0,10.654452323913574
2011-08-01,12.569999694824219,12.170000076293945,12.520000457763672,12.199999809265137,831100.0,10.542119026184082
2011-08-02,12.149999618530273,11.680000305175781,12.069999694824219,11.6899995803833,1036200.0,10.101421356201172
2011-08-03,11.770000457763672,11.390000343322754,11.520000457763672,11.640000343322754,1125900.0,10.058218002319336
2011-08-04,11.399999618530273,10.699999809265137,11.390000343322754,10.75,1231400.0,9.28916072845459
2011-08-05,10.949999809265137,10.050000190734863,10.850000381469727,10.899999618530273,2775200.0,9.418777465820312
2011-08-08,10.449999809265137,9.399999618530273,10.449999809265137,9.4399995803833,2064300.0,8.15717887878418
2011-08-09,10.119999885559082,9.479999542236328,9.649999618530273,10.119999885559082,1982100.0,8.744772911071777
2011-08-10,10.270000457763672,9.710000038146973,9.890000343322754,10.0,1748000.0,8.641079902648926
2011-08-11,10.630000114440918,9.989999771118164,10.0600004196167,10.510000228881836,975900.0,9.08177661895752
2011-08-12,10.789999961853027,10.399999618530273,10.510000228881836,10.619999885559082,1093800.0,9.176825523376465
2011-08-15,11.520000457763672,10.800000190734863,10.800000190734863,11.5,2148100.0,9.93724250793457
2011-08-16,11.569999694824219,11.130000114440918,11.300000190734863,11.399999618530273,1761700.0,9.850831031799316
2011-08-17,11.930000305175781,11.470000267028809,11.470000267028809,11.920000076293945,3081000.0,10.30016803741455
2011-08-18,11.210000038146973,10.819999694824219,11.210000038146973,11.100000381469727,1360600.0,9.823274612426758
2011-08-19,11.25,10.649999618530273,10.859999656677246,10.670000076293945,1234900.0,9.442732810974121
2011-08-22,11.039999961853027,10.569999694824219,11.010000228881836,10.65999984741211,876700.0,9.433882713317871
2011-08-23,11.079999923706055,10.510000228881836,10.720000267028809,10.960000038146973,797300.0,9.699377059936523
2011-08-24,11.130000114440918,10.779999732971191,10.979999542236328,10.970000267028809,714100.0,9.708227157592773
2011-08-25,11.079999923706055,10.609999656677246,11.029999732971191,10.699999809265137,589000.0,9.469282150268555
2011-08-26,11.029999732971191,10.479999542236328,10.59000015258789,10.979999542236328,761400.0,9.717077255249023
2011-08-29,11.40999984741211,11.0600004196167,11.210000038146973,11.399999618530273,841100.0,10.08876895904541
2011-08-30,11.680000305175781,11.5,11.539999961853027,11.510000228881836,1532600.0,10.186117172241211
2011-08-31,11.680000305175781,11.479999542236328,11.640000343322754,11.65999984741211,1339800.0,10.318863868713379
2011-09-01,11.84000015258789,11.609999656677246,11.720000267028809,11.699999809265137,1480400.0,10.354262351989746
2011-09-02,11.739999771118164,11.4399995803833,11.699999809265137,11.5,1030900.0,10.177267074584961
2011-09-06,11.270000457763672,10.75,11.140000343322754,11.239999771118164,799100.0,9.947173118591309
2011-09-07,11.5,11.260000228881836,11.5,11.449999809265137,621400.0,10.133017539978027
2011-09-08,11.670000076293945,11.369999885559082,11.449999809265137,11.550000190734863,1100600.0,10.221515655517578
2011-09-09,11.390000343322754,11.15999984741211,11.300000190734863,11.319999694824219,714600.0,10.017969131469727
2011-09-12,11.289999961853027,10.960000038146973,11.100000381469727,11.210000038146973,761400.0,9.920622825622559
2011-09-13,11.210000038146973,10.920000076293945,11.199999809265137,11.09000015258789,1009100.0,9.814424514770508
2011-09-14,11.350000381469727,10.75,11.029999732971191,11.180000305175781,1026600.0,9.894073486328125
2011-09-15,11.350000381469727,11.0,11.25,11.170000076293945,1055000.0,9.885222434997559
2011-09-16,11.199999809265137,11.039999961853027,11.140000343322754,11.149999618530273,609200.0,9.867523193359375
2011-09-19,11.029999732971191,10.649999618530273,10.779999732971191,10.970000267028809,856400.0,9.708227157592773
2011-09-20,11.119999885559082,10.760000228881836,11.0,10.960000038146973,723600.0,9.699377059936523
2011-09-21,10.949999809265137,10.170000076293945,10.90999984741211,10.210000038146973,884500.0,9.035642623901367
2011-09-22,10.289999961853027,9.65999984741211,9.869999885559082,9.75,1299100.0,8.628552436828613
2011-09-23,10.010000228881836,9.649999618530273,9.720000267028809,9.899999618530273,805200.0,8.761300086975098
2011-09-26,10.289999961853027,9.699999809265137,10.010000228881836,10.260000228881836,1066700.0,9.079891204833984
2011-09-27,10.680000305175781,10.3100004196167,10.630000114440918,10.350000381469727,490600.0,9.159541130065918
2011-09-28,10.470000267028809,10.029999732971191,10.380000114440918,10.029999732971191,916500.0,8.87634563446045
2011-09-29,10.210000038146973,9.800000190734863,10.199999809265137,9.989999771118164,1182500.0,8.840947151184082
2011-09-30,9.779999732971191,9.3100004196167,9.609999656677246,9.470000267028809,1362800.0,8.380758285522461
2011-10-03,9.5,8.949999809265137,9.390000343322754,9.079999923706055,898200.0,8.035615921020508
2011-10-04,9.510000228881836,8.649999618530273,8.930000305175781,9.510000228881836,2000000.0,8.416157722473145
2011-10-05,9.90999984741211,9.430000305175781,9.550000190734863,9.609999656677246,1246100.0,8.504653930664062
2011-10-06,10.0600004196167,9.449999809265137,9.630000114440918,10.0600004196167,1164700.0,8.9028959274292
2011-10-07,10.399999618530273,9.880000114440918,10.130000114440918,9.90999984741211,1038800.0,8.770150184631348
2011-10-10,10.449999809265137,9.989999771118164,10.319999694824219,10.430000305175781,869400.0,9.230339050292969
2011-10-11,10.710000038146973,10.220000267028809,10.300000190734863,10.710000038146973,1561500.0,9.478132247924805
2011-10-12,10.899999618530273,10.640000343322754,10.760000228881836,10.760000228881836,852200.0,9.522381782531738
2011-10-13,10.920000076293945,10.649999618530273,10.6899995803833,10.84000015258789,935300.0,9.593179702758789
2011-10-14,11.170000076293945,10.920000076293945,11.079999923706055,11.010000228881836,754200.0,9.743627548217773
2011-10-17,10.989999771118164,10.699999809265137,10.850000381469727,10.699999809265137,990800.0,9.469282150268555
2011-10-18,11.170000076293945,10.729999542236328,10.75,11.100000381469727,889200.0,9.823274612426758
2011-10-19,11.699999809265137,11.09000015258789,11.140000343322754,11.600000381469727,1518800.0,10.265765190124512
2011-10-20,11.819999694824219,11.350000381469727,11.470000267028809,11.770000457763672,1196200.0,10.416211128234863
2011-10-21,11.890000343322754,11.460000038146973,11.84000015258789,11.510000228881836,1097100.0,10.186117172241211
2011-10-24,11.800000190734863,11.510000228881836,11.510000228881836,11.739999771118164,1103500.0,10.389659881591797
2011-10-25,11.789999961853027,11.260000228881836,11.760000228881836,11.399999618530273,1048000.0,10.08876895904541
2011-10-26,11.680000305175781,11.260000228881836,11.65999984741211,11.479999542236328,611700.0,10.159565925598145
2011-10-27,12.100000381469727,11.739999771118164,11.899999618530273,11.930000305175781,987600.0,10.557808876037598
2011-10-28,12.09000015258789,11.789999961853027,11.789999961853027,12.010000228881836,1050900.0,10.628606796264648
2011-10-31,12.180000305175781,11.800000190734863,11.8100004196167,12.0,1080900.0,10.619756698608398
2011-11-01,11.979999542236328,11.449999809265137,11.5600004196167,11.739999771118164,1048600.0,10.389659881591797
2011-11-02,12.0,11.739999771118164,11.989999771118164,11.789999961853027,602700.0,10.433910369873047
2011-11-03,12.020000457763672,11.729999542236328,12.0,11.880000114440918,775800.0,10.513559341430664
2011-11-04,11.859999656677246,11.710000038146973,11.84000015258789,11.819999694824219,701100.0,10.46045970916748
2011-11-07,11.899999618530273,11.630000114440918,11.800000190734863,11.779999732971191,478300.0,10.425060272216797
2011-11-08,11.9399995803833,11.720000267028809,11.800000190734863,11.899999618530273,625900.0,10.531257629394531
2011-11-09,11.770000457763672,11.319999694824219,11.539999961853027,11.359999656677246,688900.0,10.05336856842041
2011-11-10,11.890000343322754,11.510000228881836,11.850000381469727,11.600000381469727,652700.0,10.265765190124512
2011-11-11,12.029999732971191,11.710000038146973,11.710000038146973,11.949999809265137,565600.0,10.575508117675781
2011-11-14,11.989999771118164,11.760000228881836,11.979999542236328,11.9399995803833,576500.0,10.566658020019531
2011-11-15,12.050000190734863,11.699999809265137,11.819999694824219,11.899999618530273,425500.0,10.531257629394531
2011-11-16,12.0,11.680000305175781,11.75,11.75,653800.0,10.398510932922363
2011-11-17,11.819999694824219,11.25,11.720000267028809,11.329999923706055,789200.0,10.026819229125977
2011-11-18,11.550000190734863,11.239999771118164,11.399999618530273,11.449999809265137,776100.0,10.133017539978027
2011-11-21,11.350000381469727,11.039999961853027,11.239999771118164,11.239999771118164,652200.0,9.947173118591309
2011-11-22,11.619999885559082,11.170000076293945,11.170000076293945,11.4399995803833,504300.0,10.124168395996094
2011-11-23,11.279999732971191,10.880000114440918,11.279999732971191,10.899999618530273,615600.0,9.646279335021973
2011-11-25,11.109999656677246,10.75,10.869999885559082,10.75,286400.0,9.513531684875488
2011-11-28,11.319999694824219,11.0,11.09000015258789,11.270000457763672,709300.0,9.973722457885742
2011-11-29,11.359999656677246,11.0600004196167,11.270000457763672,11.3100004196167,673600.0,10.009119987487793
2011-11-30,11.8100004196167,11.390000343322754,11.630000114440918,11.770000457763672,1307300.0,10.416211128234863
2011-12-01,12.180000305175781,11.630000114440918,11.65999984741211,11.84000015258789,994300.0,10.478160858154297
2011-12-02,12.220000267028809,11.859999656677246,12.0,12.050000190734863,916800.0,10.664006233215332
2011-12-05,12.569999694824219,12.140000343322754,12.25,12.25,670700.0,10.841001510620117
2011-12-06,12.390000343322754,11.899999618530273,12.210000038146973,12.130000114440918,921200.0,10.734804153442383
2011-12-07,12.4399995803833,12.0,12.130000114440918,12.390000343322754,537700.0,10.964899063110352
2011-12-08,12.3100004196167,11.899999618530273,12.3100004196167,11.920000076293945,590100.0,10.548958778381348
2011-12-09,12.34000015258789,11.90999984741211,11.960000038146973,12.34000015258789,799300.0,10.920650482177734
2011-12-12,12.40999984741211,11.989999771118164,12.170000076293945,11.989999771118164,827400.0,10.610906600952148
2011-12-13,12.0600004196167,11.449999809265137,11.989999771118164,11.520000457763672,876000.0,10.194967269897461
2011-12-14,11.739999771118164,11.289999961853027,11.460000038146973,11.300000190734863,806600.0,10.000269889831543
2011-12-15,11.729999542236328,11.25,11.470000267028809,11.680000305175781,620500.0,10.336564064025879
2011-12-16,11.75,11.4399995803833,11.670000076293945,11.600000381469727,1312400.0,10.265765190124512
2011-12-19,11.65999984741211,11.15999984741211,11.5600004196167,11.180000305175781,1036000.0,9.894073486328125
2011-12-20,11.550000190734863,11.210000038146973,11.430000305175781,11.420000076293945,1332600.0,10.10646915435791
2011-12-21,11.40999984741211,11.199999809265137,11.390000343322754,11.369999885559082,770900.0,10.06221866607666
2011-12-22,11.34000015258789,10.970000267028809,11.239999771118164,11.029999732971191,2507400.0,9.76132583618164
2011-12-23,11.140000343322754,10.949999809265137,11.0600004196167,11.109999656677246,867500.0,9.832124710083008
2011-12-27,11.220000267028809,11.020000457763672,11.149999618530273,11.0600004196167,267700.0,9.787877082824707
2011-12-28,11.039999961853027,10.800000190734863,11.039999961853027,10.84000015258789,432900.0,9.593179702758789
2011-12-29,10.979999542236328,10.75,10.850000381469727,10.949999809265137,660500.0,9.690526962280273
2011-12-30,11.09000015258789,10.800000190734863,10.880000114440918,10.960000038146973,407000.0,9.699377059936523
2012-01-03,11.25,10.949999809265137,11.149999618530273,11.100000381469727,687900.0,9.823274612426758
2012-01-04,11.380000114440918,11.0,11.039999961853027,11.279999732971191,602500.0,9.982572555541992
2012-01-05,11.399999618530273,11.1899995803833,11.260000228881836,11.3100004196167,490200.0,10.009119987487793
2012-01-06,11.489999771118164,11.25,11.350000381469727,11.3100004196167,620000.0,10.009119987487793
2012-01-09,11.470000267028809,11.260000228881836,11.399999618530273,11.380000114440918,406800.0,10.07106876373291
2012-01-10,11.729999542236328,11.510000228881836,11.520000457763672,11.699999809265137,728700.0,10.354262351989746
2012-01-11,11.789999961853027,11.430000305175781,11.5600004196167,11.75,533700.0,10.398510932922363
2012-01-12,11.800000190734863,11.680000305175781,11.720000267028809,11.75,907900.0,10.398510932922363
2012-01-13,11.8100004196167,11.699999809265137,11.770000457763672,11.789999961853027,1142400.0,10.433910369873047
2012-01-17,12.0,11.720000267028809,11.850000381469727,11.770000457763672,1402000.0,10.416211128234863
2012-01-18,12.220000267028809,11.779999732971191,11.779999732971191,12.1899995803833,981600.0,10.787900924682617
2012-01-19,12.5,12.1899995803833,12.25,12.399999618530273,678300.0,10.973746299743652
2012-01-20,12.5600004196167,12.350000381469727,12.359999656677246,12.539999961853027,1082500.0,11.09764575958252
2012-01-23,12.789999961853027,12.390000343322754,12.529999732971191,12.710000038146973,790700.0,11.248093605041504
2012-01-24,12.739999771118164,12.5,12.630000114440918,12.680000305175781,494600.0,11.221541404724121
2012-01-25,12.899999618530273,12.529999732971191,12.600000381469727,12.869999885559082,543300.0,11.389689445495605
2012-01-26,13.119999885559082,12.8100004196167,12.890000343322754,12.920000076293945,1043600.0,11.433938980102539
2012-01-27,13.260000228881836,12.760000228881836,12.859999656677246,13.199999809265137,1123400.0,11.681732177734375
2012-01-30,13.09000015258789,12.729999542236328,12.850000381469727,13.020000457763672,718000.0,11.522436141967773
2012-01-31,13.109999656677246,12.829999923706055,13.0600004196167,12.84000015258789,860700.0,11.363138198852539
2012-02-01,13.699999809265137,13.25,13.5,13.430000305175781,1848400.0,11.885278701782227
2012-02-02,14.199999809265137,13.470000267028809,13.479999542236328,13.989999771118164,2738400.0,12.380866050720215
2012-02-03,14.079999923706055,13.680000305175781,14.069999694824219,13.710000038146973,1289500.0,12.133071899414062
2012-02-06,13.729999542236328,13.529999732971191,13.5600004196167,13.640000343322754,954200.0,12.071123123168945
2012-02-07,13.970000267028809,13.5,13.609999656677246,13.869999885559082,722900.0,12.27466869354248
2012-02-08,14.140000343322754,13.869999885559082,13.949999809265137,14.039999961853027,856100.0,12.425114631652832
2012-02-09,14.130000114440918,13.960000038146973,14.119999885559082,14.0,710200.0,12.389716148376465
2012-02-10,14.050000190734863,13.710000038146973,13.789999961853027,13.989999771118164,643900.0,12.380866050720215
2012-02-13,14.149999618530273,14.010000228881836,14.109999656677246,14.130000114440918,554800.0,12.50476360321045
2012-02-14,14.270000457763672,14.039999961853027,14.050000190734863,14.130000114440918,684700.0,12.50476360321045
2012-02-15,14.40999984741211,14.079999923706055,14.300000190734863,14.1899995803833,1035600.0,12.557860374450684
2012-02-16,14.420000076293945,14.069999694824219,14.170000076293945,14.350000381469727,720800.0,12.699459075927734
2012-02-17,14.479999542236328,14.319999694824219,14.369999885559082,14.380000114440918,775400.0,12.726008415222168
2012-02-21,14.5,14.279999732971191,14.470000267028809,14.380000114440918,471500.0,12.726008415222168
2012-02-22,14.380000114440918,13.460000038146973,14.260000228881836,13.460000038146973,3151500.0,11.911827087402344
2012-02-23,14.100000381469727,13.430000305175781,13.550000190734863,13.970000267028809,3080600.0,12.363166809082031
2012-02-24,14.680000305175781,14.020000457763672,14.0600004196167,14.619999885559082,2505500.0,12.938403129577637
2012-02-27,14.850000381469727,14.319999694824219,14.550000190734863,14.779999732971191,1577400.0,13.079998970031738
2012-02-28,14.850000381469727,14.529999732971191,14.739999771118164,14.800000190734863,1074700.0,13.097700119018555
2012-02-29,15.069999694824219,14.649999618530273,14.800000190734863,14.869999885559082,2383400.0,13.159648895263672
2012-03-01,14.84000015258789,14.380000114440918,14.489999771118164,14.710000038146973,1291100.0,13.018051147460938
2012-03-02,14.84000015258789,14.670000076293945,14.680000305175781,14.75,1030000.0,13.053451538085938
2012-03-05,14.710000038146973,14.4399995803833,14.710000038146973,14.609999656677246,980400.0,12.929553985595703
2012-03-06,14.4399995803833,13.970000267028809,14.4399995803833,14.050000190734863,1326300.0,12.433963775634766
2012-03-07,14.430000305175781,13.890000343322754,14.039999961853027,14.369999885559082,1694600.0,12.717158317565918
2012-03-08,14.640000343322754,14.229999542236328,14.40999984741211,14.229999542236328,1131500.0,12.59326171875
2012-03-09,14.430000305175781,14.09000015258789,14.199999809265137,14.239999771118164,998900.0,12.602112770080566
2012-03-12,14.25,13.949999809265137,14.199999809265137,14.100000381469727,598000.0,12.478215217590332
2012-03-13,14.649999618530273,14.069999694824219,14.140000343322754,14.5600004196167,1694400.0,12.885305404663086
2012-03-14,14.579999923706055,14.329999923706055,14.489999771118164,14.529999732971191,917700.0,12.858755111694336
2012-03-15,14.989999771118164,14.520000457763672,14.569999694824219,14.920000076293945,1256500.0,13.203898429870605
2012-03-16,15.109999656677246,14.859999656677246,14.90999984741211,14.890000343322754,1797300.0,13.177349090576172
2012-03-19,15.09000015258789,14.739999771118164,14.819999694824219,14.789999961853027,866900.0,13.088850021362305
2012-03-20,14.6899995803833,14.489999771118164,14.65999984741211,14.649999618530273,906700.0,12.964954376220703
2012-03-21,14.960000038146973,14.550000190734863,14.710000038146973,14.890000343322754,748100.0,13.177349090576172
2012-03-22,14.989999771118164,14.5600004196167,14.5600004196167,14.739999771118164,1240000.0,13.044600486755371
2012-03-23,14.829999923706055,14.649999618530273,14.699999809265137,14.779999732971191,380500.0,13.079998970031738
2012-03-26,15.109999656677246,14.859999656677246,14.970000267028809,15.109999656677246,509300.0,13.372042655944824
2012-03-27,15.289999961853027,15.029999732971191,15.0600004196167,15.100000381469727,733900.0,13.363194465637207
2012-03-28,15.100000381469727,14.6899995803833,15.100000381469727,14.869999885559082,638600.0,13.159648895263672
2012-03-29,14.930000305175781,14.5,14.75,14.880000114440918,1293900.0,13.168498992919922
2012-03-30,14.960000038146973,14.510000228881836,14.90999984741211,14.850000381469727,642100.0,13.141948699951172
2012-04-02,15.180000305175781,14.640000343322754,14.770000457763672,15.050000190734863,833600.0,13.318944931030273
2012-04-03,15.289999961853027,14.890000343322754,15.050000190734863,15.170000076293945,1086800.0,13.425143241882324
2012-04-04,15.109999656677246,14.829999923706055,15.109999656677246,15.020000457763672,588300.0,13.292396545410156
2012-04-05,15.239999771118164,14.850000381469727,14.899999618530273,15.229999542236328,853300.0,13.478240013122559
2012-04-09,15.210000038146973,14.720000267028809,14.930000305175781,14.899999618530273,1190900.0,13.186198234558105
2012-04-10,14.90999984741211,14.369999885559082,14.819999694824219,14.619999885559082,1728900.0,12.938403129577637
2012-04-11,14.770000457763672,14.5,14.75,14.65999984741211,1285000.0,12.973801612854004
2012-04-12,14.619999885559082,14.079999923706055,14.619999885559082,14.140000343322754,2086300.0,12.513612747192383
2012-04-13,14.100000381469727,13.8100004196167,14.050000190734863,13.930000305175781,1326300.0,12.327768325805664
2012-04-16,14.079999923706055,13.609999656677246,14.079999923706055,13.649999618530273,1375800.0,12.079973220825195
2012-04-17,14.079999923706055,13.739999771118164,13.75,13.970000267028809,3368300.0,12.363166809082031
2012-04-18,14.300000190734863,13.680000305175781,13.819999694824219,14.180000305175781,1936700.0,12.549012184143066
2012-04-19,14.270000457763672,13.6899995803833,14.15999984741211,13.75,1419000.0,12.16847038269043
2012-04-20,13.84000015258789,13.550000190734863,13.779999732971191,13.569999694824219,1422400.0,12.009175300598145
2012-04-23,13.40999984741211,13.039999961853027,13.399999618530273,13.270000457763672,928500.0,11.743680953979492
2012-04-24,13.600000381469727,13.229999542236328,13.270000457763672,13.550000190734863,1305600.0,11.991475105285645
2012-04-25,13.6899995803833,13.520000457763672,13.59000015258789,13.630000114440918,1073500.0,12.062273025512695
2012-04-26,13.960000038146973,13.420000076293945,13.5600004196167,13.760000228881836,1578600.0,12.177319526672363
2012-04-27,13.960000038146973,13.640000343322754,13.670000076293945,13.779999732971191,899300.0,12.19502067565918
2012-04-30,13.880000114440918,13.5600004196167,13.789999961853027,13.84000015258789,522600.0,12.248119354248047
2012-05-01,14.079999923706055,13.800000190734863,13.800000190734863,13.859999656677246,404800.0,12.265819549560547
2012-05-02,13.800000190734863,13.539999961853027,13.720000267028809,13.6899995803833,482500.0,12.115372657775879
2012-05-03,13.699999809265137,13.390000343322754,13.640000343322754,13.5600004196167,1743600.0,12.000325202941895
2012-05-04,13.760000228881836,13.210000038146973,13.569999694824219,13.699999809265137,3213900.0,12.124221801757812
2012-05-07,13.8100004196167,13.510000228881836,13.649999618530273,13.59000015258789,1000000.0,12.026874542236328
2012-05-08,13.630000114440918,13.180000305175781,13.489999771118164,13.289999961853027,577500.0,11.761380195617676
2012-05-09,13.329999923706055,12.899999618530273,13.050000190734863,13.289999961853027,1013300.0,11.761380195617676
2012-05-10,13.609999656677246,13.3100004196167,13.319999694824219,13.390000343322754,649200.0,11.849878311157227
2012-05-11,13.520000457763672,13.270000457763672,13.270000457763672,13.369999885559082,378000.0,11.83218002319336
2012-05-14,13.239999771118164,12.890000343322754,13.199999809265137,12.949999809265137,899800.0,11.46048641204834
2012-05-15,13.020000457763672,12.600000381469727,12.800000190734863,12.710000038146973,750600.0,11.248093605041504
2012-05-16,12.920000076293945,12.529999732971191,12.8100004196167,12.770000457763672,1075900.0,11.301191329956055
2012-05-17,12.760000228881836,12.0600004196167,12.75,12.069999694824219,840700.0,10.681705474853516
2012-05-18,12.140000343322754,11.760000228881836,12.09000015258789,11.779999732971191,668000.0,10.425060272216797
2012-05-21,12.180000305175781,11.680000305175781,11.770000457763672,12.140000343322754,639400.0,10.74365520477295
2012-05-22,12.1899995803833,11.800000190734863,12.1899995803833,11.84000015258789,726500.0,10.478160858154297
2012-05-23,11.760000228881836,11.460000038146973,11.760000228881836,11.65999984741211,840000.0,10.318863868713379
2012-05-24,11.789999961853027,11.460000038146973,11.75,11.770000457763672,631200.0,10.416211128234863
2012-05-25,11.970000267028809,11.720000267028809,11.739999771118164,11.899999618530273,593500.0,10.531257629394531
2012-05-29,12.170000076293945,11.880000114440918,12.029999732971191,12.079999923706055,696700.0,10.69055461883545
2012-05-30,11.859999656677246,11.640000343322754,11.770000457763672,11.729999542236328,878300.0,10.380812644958496
2012-05-31,12.460000038146973,11.800000190734863,11.859999656677246,11.970000267028809,846000.0,10.593207359313965
2012-06-01,11.670000076293945,11.40999984741211,11.579999923706055,11.510000228881836,1691500.0,10.186117172241211
2012-06-04,11.529999732971191,11.329999923706055,11.4399995803833,11.420000076293945,559000.0,10.10646915435791
2012-06-05,11.779999732971191,11.390000343322754,11.390000343322754,11.619999885559082,951700.0,10.283463478088379
2012-06-06,11.989999771118164,11.680000305175781,11.760000228881836,11.789999961853027,771500.0,10.433910369873047
2012-06-07,12.039999961853027,11.5,11.930000305175781,11.5600004196167,584400.0,10.230366706848145
2012-06-08,11.6899995803833,11.390000343322754,11.510000228881836,11.619999885559082,393800.0,10.283463478088379
2012-06-11,11.84000015258789,11.270000457763672,11.84000015258789,11.289999961853027,523500.0,9.99142074584961
2012-06-12,11.550000190734863,11.34000015258789,11.380000114440918,11.520000457763672,325000.0,10.194967269897461
2012-06-13,11.9399995803833,11.470000267028809,11.470000267028809,11.680000305175781,590800.0,10.336564064025879
2012-06-14,12.09000015258789,11.670000076293945,11.680000305175781,11.829999923706055,1418200.0,10.46930980682373
2012-06-15,12.130000114440918,11.84000015258789,11.90999984741211,12.100000381469727,1107500.0,10.708255767822266
2012-06-18,12.460000038146973,11.960000038146973,11.960000038146973,12.449999809265137,1367600.0,11.017997741699219
2012-06-19,12.760000228881836,12.510000228881836,12.520000457763672,12.670000076293945,1359400.0,11.212693214416504
2012-06-20,12.75,12.390000343322754,12.640000343322754,12.550000190734863,991700.0,11.106494903564453
2012-06-21,12.619999885559082,12.100000381469727,12.619999885559082,12.140000343322754,731100.0,10.74365520477295
2012-06-22,12.279999732971191,12.020000457763672,12.25,12.079999923706055,527100.0,10.69055461883545
2012-06-25,12.0600004196167,11.699999809265137,11.930000305175781,11.779999732971191,806600.0,10.425060272216797
2012-06-26,11.850000381469727,11.59000015258789,11.779999732971191,11.739999771118164,771900.0,10.389659881591797
2012-06-27,11.979999542236328,11.670000076293945,11.760000228881836,11.90999984741211,709000.0,10.540106773376465
2012-06-28,12.079999923706055,11.800000190734863,11.859999656677246,12.020000457763672,326200.0,10.637455940246582
2012-06-29,12.710000038146973,12.199999809265137,12.3100004196167,12.6899995803833,925900.0,11.230391502380371
2012-07-02,12.880000114440918,12.529999732971191,12.680000305175781,12.779999732971191,962400.0,11.310041427612305
2012-07-03,13.130000114440918,12.770000457763672,12.819999694824219,13.0600004196167,653600.0,11.55783462524414
2012-07-05,13.359999656677246,12.890000343322754,13.279999732971191,13.130000114440918,1011400.0,11.619784355163574
2012-07-06,13.039999961853027,12.789999961853027,12.9399995803833,12.859999656677246,380200.0,11.380839347839355
2012-07-09,12.890000343322754,12.670000076293945,12.819999694824219,12.710000038146973,200200.0,11.248093605041504
2012-07-10,12.869999885559082,12.449999809265137,12.770000457763672,12.479999542236328,607700.0,11.044546127319336
2012-07-11,12.520000457763672,12.25,12.449999809265137,12.270000457763672,512800.0,10.858701705932617
2012-07-12,12.479999542236328,12.0600004196167,12.229999542236328,12.390000343322754,401100.0,10.964899063110352
2012-07-13,12.869999885559082,12.399999618530273,12.399999618530273,12.850000381469727,592800.0,11.371988296508789
2012-07-16,13.279999732971191,12.739999771118164,12.880000114440918,12.819999694824219,627600.0,11.345438957214355
2012-07-17,13.119999885559082,12.729999542236328,12.829999923706055,13.0,724400.0,11.50473690032959
2012-07-18,13.329999923706055,12.9399995803833,13.0,13.199999809265137,840800.0,11.681732177734375
2012-07-19,13.25,12.829999923706055,13.210000038146973,13.020000457763672,589700.0,11.522436141967773
2012-07-20,13.220000267028809,12.899999618530273,12.930000305175781,13.170000076293945,653600.0,11.655183792114258
2012-07-23,13.100000381469727,12.640000343322754,12.949999809265137,12.65999984741211,782500.0,11.203842163085938
2012-07-24,12.6899995803833,12.199999809265137,12.670000076293945,12.300000190734863,896000.0,10.885250091552734
2012-07-25,12.470000267028809,12.239999771118164,12.380000114440918,12.279999732971191,399300.0,10.867551803588867
2012-07-26,12.5600004196167,12.380000114440918,12.5,12.550000190734863,1117000.0,11.106494903564453
2012-07-27,12.949999809265137,12.579999923706055,12.649999618530273,12.800000190734863,2233700.0,11.327740669250488
2012-07-30,12.960000038146973,12.699999809265137,12.8100004196167,12.800000190734863,837100.0,11.327740669250488
2012-07-31,12.949999809265137,12.649999618530273,12.800000190734863,12.699999809265137,1055500.0,11.239241600036621
2012-08-01,12.850000381469727,12.550000190734863,12.779999732971191,12.75,1620800.0,11.283492088317871
2012-08-02,12.84000015258789,12.600000381469727,12.640000343322754,12.760000228881836,882000.0,11.292342185974121
2012-08-03,13.1899995803833,12.930000305175781,13.0,12.970000267028809,418500.0,11.47818660736084
2012-08-06,13.369999885559082,12.930000305175781,12.970000267028809,13.350000381469727,370600.0,11.81447982788086
2012-08-07,13.539999961853027,13.180000305175781,13.34000015258789,13.1899995803833,466700.0,11.672882080078125
2012-08-08,14.0,13.199999809265137,13.199999809265137,13.640000343322754,1074500.0,12.071123123168945
2012-08-09,13.779999732971191,13.510000228881836,13.579999923706055,13.630000114440918,2102000.0,12.062273025512695
2012-08-10,13.75,13.40999984741211,13.600000381469727,13.59000015258789,711700.0,12.026874542236328
2012-08-13,13.420000076293945,13.09000015258789,13.289999961853027,13.260000228881836,615400.0,11.734830856323242
2012-08-14,14.0,13.069999694824219,13.300000190734863,13.949999809265137,1769300.0,12.345467567443848
2012-08-15,14.09000015258789,13.609999656677246,13.800000190734863,13.84000015258789,1183600.0,12.248119354248047
2012-08-16,13.979999542236328,13.640000343322754,13.8100004196167,13.640000343322754,721200.0,12.071123123168945
2012-08-17,13.770000457763672,13.520000457763672,13.640000343322754,13.600000381469727,348800.0,12.035724639892578
2012-08-20,13.739999771118164,13.510000228881836,13.510000228881836,13.710000038146973,1633700.0,12.133071899414062
2012-08-21,14.270000457763672,13.800000190734863,13.8100004196167,14.260000228881836,1750100.0,12.61981201171875
2012-08-22,14.380000114440918,14.149999618530273,14.199999809265137,14.260000228881836,1966900.0,12.61981201171875
2012-08-23,14.319999694824219,14.100000381469727,14.270000457763672,14.180000305175781,1355200.0,12.549012184143066
2012-08-24,14.550000190734863,14.069999694824219,14.069999694824219,14.3100004196167,2296700.0,12.664060592651367
2012-08-27,14.420000076293945,14.180000305175781,14.359999656677246,14.34000015258789,1104800.0,12.690608978271484
2012-08-28,14.369999885559082,14.0600004196167,14.260000228881836,14.130000114440918,1177900.0,12.50476360321045
2012-08-29,14.170000076293945,13.770000457763672,14.170000076293945,13.84000015258789,628100.0,12.248119354248047
2012-08-30,13.979999542236328,13.729999542236328,13.789999961853027,13.920000076293945,759600.0,12.318916320800781
2012-08-31,14.180000305175781,13.890000343322754,14.029999732971191,13.930000305175781,1185100.0,12.327768325805664
2012-09-04,14.25,13.899999618530273,13.970000267028809,14.149999618530273,1398200.0,12.522462844848633
2012-09-05,14.640000343322754,14.09000015258789,14.149999618530273,14.609999656677246,3009900.0,12.929553985595703
2012-09-06,14.739999771118164,14.359999656677246,14.460000038146973,14.720000267028809,1277400.0,13.286896705627441
2012-09-07,14.84000015258789,14.5600004196167,14.5600004196167,14.789999961853027,1404200.0,13.350080490112305
2012-09-10,14.869999885559082,14.600000381469727,14.869999885559082,14.649999618530273,767100.0,13.223709106445312
2012-09-11,14.819999694824219,14.630000114440918,14.699999809265137,14.649999618530273,1616400.0,13.223709106445312
2012-09-12,15.0,14.739999771118164,14.739999771118164,14.899999618530273,1745000.0,13.449370384216309
2012-09-13,15.359999656677246,14.739999771118164,14.880000114440918,15.25,870400.0,13.76529598236084
2012-09-14,15.569999694824219,14.979999542236328,15.300000190734863,15.0,1867600.0,13.539634704589844
2012-09-17,15.180000305175781,14.770000457763672,15.029999732971191,14.779999732971191,884200.0,13.34105396270752
2012-09-18,15.050000190734863,14.880000114440918,15.0,14.989999771118164,1140300.0,13.530608177185059
2012-09-19,15.25,14.970000267028809,15.050000190734863,15.0600004196167,1324900.0,13.593793869018555
2012-09-20,15.09000015258789,14.739999771118164,15.039999961853027,14.760000228881836,2827100.0,13.32300090789795
2012-09-21,15.130000114440918,14.800000190734863,14.9399995803833,15.119999885559082,2640400.0,13.64795207977295
2012-09-24,15.140000343322754,14.930000305175781,15.130000114440918,15.020000457763672,1253400.0,13.557689666748047
2012-09-25,15.25,14.979999542236328,15.079999923706055,15.069999694824219,1507200.0,13.602819442749023
2012-09-26,15.779999732971191,14.90999984741211,15.079999923706055,15.739999771118164,3606800.0,14.207589149475098
2012-09-27,15.949999809265137,15.529999732971191,15.800000190734863,15.789999961853027,971300.0,14.252721786499023
2012-09-28,15.9399995803833,15.510000228881836,15.829999923706055,15.859999656677246,1321900.0,14.315906524658203
2012-10-01,16.1200008392334,15.729999542236328,15.90999984741211,15.789999961853027,1242600.0,14.252721786499023
2012-10-02,16.0,15.680000305175781,15.880000114440918,15.84000015258789,1692100.0,14.29785442352295
2012-10-03,15.890000343322754,15.529999732971191,15.829999923706055,15.739999771118164,1012600.0,14.207589149475098
2012-10-04,15.970000267028809,15.710000038146973,15.800000190734863,15.90999984741211,608300.0,14.361038208007812
2012-10-05,16.06999969482422,15.819999694824219,16.049999237060547,15.859999656677246,486900.0,14.315906524658203
2012-10-08,15.869999885559082,15.619999885559082,15.760000228881836,15.8100004196167,831900.0,14.270774841308594
2012-10-09,15.859999656677246,15.59000015258789,15.75,15.720000267028809,978200.0,14.18953800201416
2012-10-10,15.8100004196167,15.529999732971191,15.6899995803833,15.800000190734863,516400.0,14.261749267578125
2012-10-11,16.3700008392334,15.800000190734863,15.829999923706055,16.239999771118164,1363300.0,14.658912658691406
2012-10-12,16.239999771118164,16.09000015258789,16.219999313354492,16.18000030517578,934700.0,14.604753494262695
2012-10-15,16.139999389648438,15.420000076293945,16.139999389648438,15.5,2276000.0,13.990955352783203
2012-10-16,15.569999694824219,15.119999885559082,15.420000076293945,15.5600004196167,2437300.0,14.045113563537598
2012-10-17,16.110000610351562,15.5600004196167,15.649999618530273,15.960000038146973,1103400.0,14.406170845031738
2012-10-18,16.030000686645508,15.569999694824219,15.890000343322754,15.670000076293945,2179000.0,14.144404411315918
2012-10-19,15.920000076293945,15.550000190734863,15.760000228881836,15.850000381469727,1363800.0,14.306880950927734
2012-10-22,16.030000686645508,15.779999732971191,15.800000190734863,16.010000228881836,949900.0,14.451302528381348
2012-10-23,15.960000038146973,15.399999618530273,15.710000038146973,15.819999694824219,1183900.0,14.279800415039062
2012-10-24,15.800000190734863,15.609999656677246,15.779999732971191,15.680000305175781,573100.0,14.153432846069336
2012-10-25,15.880000114440918,15.5,15.819999694824219,15.680000305175781,575200.0,14.153432846069336
2012-10-26,16.209999084472656,15.649999618530273,15.770000457763672,16.1200008392334,960500.0,14.5505952835083
2012-10-31,16.600000381469727,16.270000457763672,16.420000076293945,16.40999984741211,972200.0,14.812359809875488
2012-11-01,16.90999984741211,16.360000610351562,16.360000610351562,16.59000015258789,1119400.0,14.974836349487305
2012-11-02,16.68000030517578,16.360000610351562,16.56999969482422,16.399999618530273,305600.0,14.803333282470703
2012-11-05,16.75,16.3799991607666,16.399999618530273,16.690000534057617,531400.0,15.06510066986084
2012-11-06,16.940000534057617,16.600000381469727,16.649999618530273,16.809999465942383,1640500.0,15.173416137695312
2012-11-07,16.829999923706055,16.510000228881836,16.729999542236328,16.809999465942383,1914000.0,15.173416137695312
2012-11-08,17.110000610351562,16.719999313354492,16.75,16.75,1111300.0,15.119257926940918
2012-11-09,17.049999237060547,16.729999542236328,16.81999969482422,16.920000076293945,513700.0,15.27270793914795
2012-11-12,17.0,16.65999984741211,16.889999389648438,16.850000381469727,374700.0,15.209524154663086
2012-11-13,16.979999542236328,16.68000030517578,16.690000534057617,16.81999969482422,843100.0,15.182443618774414
2012-11-14,16.850000381469727,16.450000762939453,16.799999237060547,16.469999313354492,887500.0,14.866518020629883
2012-11-15,16.6200008392334,16.360000610351562,16.489999771118164,16.5,390600.0,14.893599510192871
2012-11-16,16.6299991607666,16.3799991607666,16.489999771118164,16.489999771118164,1210400.0,14.884571075439453
2012-11-19,16.959999084472656,16.639999389648438,16.690000534057617,16.790000915527344,920500.0,15.155364990234375
2012-11-20,16.850000381469727,16.65999984741211,16.729999542236328,16.719999313354492,686700.0,15.092180252075195
2012-11-21,16.780000686645508,16.520000457763672,16.690000534057617,16.6299991607666,1035600.0,15.010939598083496
2012-11-23,16.809999465942383,16.6299991607666,16.700000762939453,16.639999389648438,689400.0,15.019968032836914
2012-11-26,17.030000686645508,16.360000610351562,16.8700008392334,16.3799991607666,2638100.0,14.785280227661133
2012-11-27,16.790000915527344,16.09000015258789,16.469999313354492,16.1299991607666,3568900.0,14.55962085723877
2012-11-28,16.219999313354492,15.890000343322754,16.059999465942383,16.209999084472656,1768300.0,14.631830215454102
2012-11-29,16.309999465942383,16.020000457763672,16.229999542236328,16.270000457763672,887200.0,14.685990333557129
2012-11-30,16.3700008392334,16.040000915527344,16.260000228881836,16.200000762939453,1065800.0,14.622806549072266
2012-12-03,16.1299991607666,15.609999656677246,16.1299991607666,15.630000114440918,1448600.0,14.108299255371094
2012-12-04,15.6899995803833,15.220000267028809,15.65999984741211,15.420000076293945,1089300.0,13.918744087219238
2012-12-05,15.770000457763672,15.319999694824219,15.489999771118164,15.710000038146973,925200.0,14.180510520935059
2012-12-06,16.1200008392334,15.630000114440918,15.770000457763672,15.949999809265137,890700.0,14.39714527130127
2012-12-07,16.110000610351562,15.819999694824219,15.989999771118164,15.989999771118164,441900.0,14.433250427246094
2012-12-10,16.1200008392334,15.930000305175781,15.960000038146973,16.06999969482422,553900.0,14.505463600158691
2012-12-11,16.239999771118164,15.970000267028809,16.049999237060547,16.229999542236328,646600.0,14.649883270263672
2012-12-12,16.700000762939453,16.389999389648438,16.43000030517578,16.670000076293945,843300.0,15.047046661376953
2012-12-13,16.81999969482422,16.510000228881836,16.579999923706055,16.600000381469727,842600.0,14.98386287689209
2012-12-14,16.829999923706055,16.540000915527344,16.559999465942383,16.790000915527344,838700.0,15.155364990234375
2012-12-17,16.989999771118164,16.739999771118164,16.780000686645508,16.829999923706055,745000.0,15.191471099853516
2012-12-18,17.1299991607666,16.809999465942383,16.860000610351562,16.989999771118164,1420700.0,15.335890769958496
2012-12-19,17.399999618530273,16.809999465942383,16.969999313354492,17.0,1109800.0,15.344919204711914
2012-12-20,17.34000015258789,16.940000534057617,17.1200008392334,17.0,2281100.0,15.344919204711914
2012-12-21,17.25,16.780000686645508,16.8700008392334,17.049999237060547,1612500.0,15.39005184173584
2012-12-24,17.040000915527344,16.829999923706055,17.040000915527344,16.899999618530273,148800.0,15.254655838012695
2012-12-26,17.739999771118164,17.110000610351562,17.40999984741211,17.149999618530273,924600.0,15.480316162109375
2012-12-27,17.559999465942383,17.139999389648438,17.31999969482422,17.260000228881836,707200.0,15.579607009887695
2012-12-28,17.459999084472656,17.06999969482422,17.1299991607666,17.1299991607666,924300.0,15.462260246276855
2012-12-31,17.3799991607666,17.0,17.079999923706055,17.309999465942383,344400.0,15.624739646911621
2013-01-02,17.760000228881836,17.469999313354492,17.510000228881836,17.709999084472656,361100.0,15.985795021057129
2013-01-03,17.920000076293945,17.56999969482422,17.709999084472656,17.59000015258789,490500.0,15.877479553222656
2013-01-04,17.950000762939453,17.469999313354492,17.65999984741211,17.809999465942383,482900.0,16.076061248779297
2013-01-07,18.139999389648438,17.6200008392334,17.799999237060547,17.969999313354492,664800.0,16.220481872558594
2013-01-08,18.06999969482422,17.59000015258789,17.959999084472656,17.670000076293945,835600.0,15.949690818786621
2013-01-09,17.860000610351562,17.540000915527344,17.760000228881836,17.59000015258789,1218900.0,15.877479553222656
2013-01-10,17.790000915527344,17.549999237060547,17.739999771118164,17.729999542236328,665200.0,16.003849029541016
2013-01-11,17.770000457763672,17.360000610351562,17.709999084472656,17.530000686645508,644900.0,15.823321342468262
2013-01-14,17.860000610351562,17.639999389648438,17.68000030517578,17.84000015258789,2874800.0,16.103139877319336
2013-01-15,17.959999084472656,17.780000686645508,17.860000610351562,17.850000381469727,2395800.0,16.112167358398438
2013-01-16,18.010000228881836,17.6200008392334,17.850000381469727,17.639999389648438,1279300.0,15.922611236572266
2013-01-17,17.81999969482422,17.549999237060547,17.729999542236328,17.719999313354492,1361800.0,15.99482250213623
2013-01-18,17.780000686645508,17.5,17.719999313354492,17.6299991607666,1060400.0,15.913583755493164
2013-01-22,17.760000228881836,17.540000915527344,17.670000076293945,17.610000610351562,1541400.0,15.895532608032227
2013-01-23,18.040000915527344,17.59000015258789,17.68000030517578,18.030000686645508,899600.0,16.274642944335938
2013-01-24,18.690000534057617,18.059999465942383,18.200000762939453,18.6200008392334,1861300.0,16.807201385498047
2013-01-25,18.8799991607666,18.59000015258789,18.59000015258789,18.829999923706055,803000.0,16.996753692626953
2013-01-28,19.059999465942383,18.68000030517578,18.719999313354492,18.889999389648438,979500.0,17.050912857055664
2013-01-29,19.6299991607666,18.979999542236328,19.059999465942383,19.450000762939453,1308000.0,17.556396484375
2013-01-30,19.950000762939453,19.420000076293945,19.469999313354492,19.729999542236328,1018600.0,17.809133529663086
2013-01-31,20.049999237060547,19.549999237060547,19.729999542236328,19.670000076293945,1470000.0,17.754976272583008
2013-02-01,20.049999237060547,19.760000228881836,19.940000534057617,19.799999237060547,798600.0,17.872316360473633
2013-02-04,19.829999923706055,19.579999923706055,19.600000381469727,19.799999237060547,683100.0,17.872316360473633
2013-02-05,20.40999984741211,19.780000686645508,19.809999465942383,20.389999389648438,1536900.0,18.404878616333008
2013-02-06,20.3700008392334,19.809999465942383,20.18000030517578,20.020000457763672,1551900.0,18.070899963378906
2013-02-07,21.139999389648438,20.600000381469727,20.639999389648438,21.0,2057700.0,18.955490112304688
2013-02-08,20.940000534057617,20.440000534057617,20.770000457763672,20.549999237060547,1219900.0,18.549301147460938
2013-02-11,20.610000610351562,20.219999313354492,20.549999237060547,20.350000381469727,776700.0,18.368772506713867
2013-02-12,20.389999389648438,20.020000457763672,20.290000915527344,20.100000381469727,890300.0,18.143110275268555
2013-02-13,20.239999771118164,19.950000762939453,20.170000076293945,20.149999618530273,1464200.0,18.188241958618164
2013-02-14,20.110000610351562,19.799999237060547,20.110000610351562,20.040000915527344,1262800.0,18.088951110839844
2013-02-15,20.139999389648438,19.889999389648438,20.010000228881836,20.0,1131800.0,18.052845001220703
2013-02-19,20.5,20.0,20.059999465942383,20.440000534057617,1378000.0,18.450014114379883
2013-02-20,20.540000915527344,19.969999313354492,20.420000076293945,19.979999542236328,955200.0,18.034791946411133
2013-02-21,20.010000228881836,19.649999618530273,19.920000076293945,19.709999084472656,1424900.0,17.791078567504883
2013-02-22,20.040000915527344,19.540000915527344,19.8700008392334,19.850000381469727,1380600.0,17.917451858520508
2013-02-25,20.149999618530273,19.559999465942383,19.90999984741211,19.59000015258789,1533500.0,17.68276596069336
2013-02-26,19.799999237060547,19.469999313354492,19.639999389648438,19.6299991607666,1653700.0,17.718868255615234
2013-02-27,19.940000534057617,19.68000030517578,19.68000030517578,19.84000015258789,537800.0,17.908424377441406
2013-02-28,20.760000228881836,19.940000534057617,19.959999084472656,20.559999465942383,3083600.0,18.558326721191406
2013-03-01,20.530000686645508,20.100000381469727,20.40999984741211,20.489999771118164,1498100.0,18.495141983032227
2013-03-04,20.690000534057617,20.25,20.450000762939453,20.6299991607666,791700.0,18.621511459350586
2013-03-05,21.489999771118164,20.799999237060547,20.799999237060547,21.18000030517578,1242300.0,19.117965698242188
2013-03-06,21.3700008392334,20.829999923706055,21.209999084472656,21.110000610351562,863600.0,19.054779052734375
2013-03-07,21.1200008392334,20.579999923706055,21.1200008392334,20.649999618530273,1421300.0,18.639564514160156
2013-03-08,21.079999923706055,20.690000534057617,20.709999084472656,21.020000457763672,1274600.0,18.973543167114258
2013-03-11,21.18000030517578,20.81999969482422,21.040000915527344,20.940000534057617,790600.0,18.901329040527344
2013-03-12,21.15999984741211,20.770000457763672,20.950000762939453,21.010000228881836,876700.0,18.964515686035156
2013-03-13,21.549999237060547,21.100000381469727,21.1200008392334,21.309999465942383,1237800.0,19.235307693481445
2013-03-14,21.420000076293945,21.219999313354492,21.299999237060547,21.299999237060547,1301300.0,19.226280212402344
2013-03-15,21.260000228881836,20.65999984741211,21.219999313354492,20.93000030517578,4470900.0,18.892303466796875
2013-03-18,20.770000457763672,20.360000610351562,20.770000457763672,20.649999618530273,1645500.0,18.639564514160156
2013-03-19,20.940000534057617,20.360000610351562,20.690000534057617,20.670000076293945,1384200.0,18.657615661621094
2013-03-20,20.860000610351562,20.389999389648438,20.790000915527344,20.510000228881836,949100.0,18.513195037841797
2013-03-21,20.5,19.93000030517578,20.450000762939453,20.100000381469727,1044800.0,18.143110275268555
2013-03-22,20.190000534057617,19.579999923706055,20.09000015258789,19.65999984741211,1172500.0,17.745948791503906
2013-03-25,19.780000686645508,19.360000610351562,19.65999984741211,19.43000030517578,846000.0,17.538341522216797
2013-03-26,19.739999771118164,19.43000030517578,19.479999542236328,19.690000534057617,1178200.0,17.773027420043945
2013-03-27,19.81999969482422,19.3799991607666,19.579999923706055,19.799999237060547,982600.0,17.872316360473633
2013-03-28,19.75,19.09000015258789,19.739999771118164,19.5,1349900.0,17.601524353027344
2013-04-01,19.530000686645508,19.190000534057617,19.239999771118164,19.420000076293945,823000.0,17.529314041137695
2013-04-02,19.860000610351562,19.3700008392334,19.399999618530273,19.559999465942383,1218600.0,17.655681610107422
2013-04-03,19.489999771118164,18.8700008392334,19.459999084472656,19.200000762939453,1522800.0,17.330734252929688
2013-04-04,19.34000015258789,19.09000015258789,19.18000030517578,19.100000381469727,1035000.0,17.240468978881836
2013-04-05,19.540000915527344,18.860000610351562,18.979999542236328,19.520000457763672,1004700.0,17.619577407836914
2013-04-08,19.459999084472656,19.079999923706055,19.459999084472656,19.110000610351562,1221400.0,17.249494552612305
2013-04-09,19.56999969482422,19.030000686645508,19.139999389648438,19.329999923706055,1695100.0,17.448074340820312
2013-04-10,20.219999313354492,19.399999618530273,19.399999618530273,20.079999923706055,1167800.0,18.125057220458984
2013-04-11,20.020000457763672,19.399999618530273,20.010000228881836,19.510000228881836,1114800.0,17.610553741455078
2013-04-12,19.540000915527344,19.040000915527344,19.479999542236328,19.309999465942383,860200.0,17.430021286010742
2013-04-15,19.139999389648438,18.540000915527344,19.139999389648438,18.579999923706055,919300.0,16.771095275878906
2013-04-16,19.270000457763672,18.6200008392334,18.709999084472656,19.25,1215600.0,17.375865936279297
2013-04-17,19.09000015258789,18.559999465942383,19.079999923706055,18.75,915800.0,16.924541473388672
2013-04-18,19.299999237060547,18.700000762939453,18.739999771118164,19.149999618530273,1230500.0,17.285600662231445
2013-04-19,19.520000457763672,19.059999465942383,19.290000915527344,19.459999084472656,1030400.0,17.565418243408203
2013-04-22,19.6299991607666,19.059999465942383,19.40999984741211,19.219999313354492,1508600.0,17.348783493041992
2013-04-23,19.809999465942383,19.15999984741211,19.299999237060547,19.75,1453800.0,17.827186584472656
2013-04-24,20.549999237060547,19.799999237060547,19.8700008392334,20.3700008392334,1865800.0,18.38682746887207
2013-04-25,20.649999618530273,20.290000915527344,20.479999542236328,20.40999984741211,1163500.0,18.422931671142578
2013-04-26,20.75,20.139999389648438,20.3700008392334,20.139999389648438,1160800.0,18.179214477539062
2013-04-29,20.5,20.239999771118164,20.260000228881836,20.329999923706055,989800.0,18.350719451904297
2013-04-30,20.959999084472656,20.239999771118164,20.360000610351562,20.75,1398200.0,18.729825973510742
2013-05-01,20.75,20.18000030517578,20.65999984741211,20.219999313354492,622400.0,18.251426696777344
2013-05-02,20.709999084472656,20.299999237060547,20.360000610351562,20.649999618530273,872800.0,18.639564514160156
2013-05-03,20.899999618530273,20.639999389648438,20.850000381469727,20.75,967400.0,18.729825973510742
2013-05-06,20.75,20.579999923706055,20.709999084472656,20.6200008392334,658700.0,18.612485885620117
2013-05-07,20.899999618530273,20.65999984741211,20.729999542236328,20.700000762939453,731800.0,18.684696197509766
2013-05-08,20.809999465942383,20.489999771118164,20.790000915527344,20.65999984741211,770400.0,18.648590087890625
2013-05-09,20.75,20.229999542236328,20.65999984741211,20.25,932200.0,18.278507232666016
2013-05-10,20.399999618530273,20.09000015258789,20.25,20.3799991607666,664600.0,18.395849227905273
2013-05-13,20.399999618530273,20.149999618530273,20.399999618530273,20.229999542236328,387400.0,18.260454177856445
2013-05-14,20.5,20.15999984741211,20.25,20.489999771118164,455200.0,18.495141983032227
2013-05-15,20.450000762939453,20.06999969482422,20.40999984741211,20.450000762939453,623300.0,18.459035873413086
2013-05-16,20.440000534057617,19.90999984741211,20.309999465942383,19.940000534057617,828200.0,17.998687744140625
2013-05-17,20.579999923706055,19.90999984741211,20.0,20.540000915527344,1232500.0,18.54027557373047
2013-05-20,20.75,20.389999389648438,20.559999465942383,20.56999969482422,848600.0,18.567354202270508
2013-05-21,21.280000686645508,20.610000610351562,20.65999984741211,20.950000762939453,1471200.0,18.910354614257812
2013-05-22,21.239999771118164,20.719999313354492,20.93000030517578,20.780000686645508,718400.0,18.756908416748047
2013-05-23,20.84000015258789,20.40999984741211,20.579999923706055,20.84000015258789,571800.0,18.811067581176758
2013-05-24,20.8799991607666,20.489999771118164,20.649999618530273,20.690000534057617,769600.0,18.675668716430664
2013-05-28,20.790000915527344,20.079999923706055,20.75,20.15999984741211,960900.0,18.197269439697266
2013-05-29,20.110000610351562,19.479999542236328,20.100000381469727,19.649999618530273,1408200.0,17.736923217773438
2013-05-30,19.920000076293945,19.530000686645508,19.760000228881836,19.780000686645508,465800.0,17.854265213012695
2013-05-31,19.780000686645508,18.920000076293945,19.709999084472656,18.989999771118164,1257400.0,17.141178131103516
2013-06-03,19.15999984741211,18.739999771118164,19.059999465942383,18.84000015258789,828200.0,17.005783081054688
2013-06-04,19.06999969482422,18.770000457763672,18.860000610351562,19.0,615100.0,17.150203704833984
2013-06-05,19.1299991607666,18.59000015258789,19.0,18.68000030517578,664500.0,16.861360549926758
2013-06-06,18.520000457763672,17.719999313354492,18.420000076293945,17.8700008392334,2076100.0,16.130220413208008
2013-06-07,18.139999389648438,17.68000030517578,17.68000030517578,18.09000015258789,926200.0,16.32880210876465
2013-06-10,18.010000228881836,17.56999969482422,17.969999313354492,17.610000610351562,875700.0,15.895532608032227
2013-06-11,17.309999465942383,16.920000076293945,17.239999771118164,16.920000076293945,1323300.0,15.27270793914795
2013-06-12,17.329999923706055,17.030000686645508,17.09000015258789,17.06999969482422,1378100.0,15.408105850219727
2013-06-13,17.469999313354492,16.899999618530273,17.020000457763672,17.31999969482422,1747500.0,15.633763313293457
2013-06-14,17.540000915527344,16.989999771118164,17.329999923706055,17.020000457763672,1054000.0,15.362974166870117
2013-06-17,17.170000076293945,16.799999237060547,17.030000686645508,16.8799991607666,746200.0,15.236601829528809
2013-06-18,16.8799991607666,16.649999618530273,16.860000610351562,16.860000610351562,1123700.0,15.218549728393555
2013-06-19,16.959999084472656,16.440000534057617,16.8799991607666,16.459999084472656,846700.0,14.857492446899414
2013-06-20,16.059999465942383,15.630000114440918,16.020000457763672,15.880000114440918,1650700.0,14.33396053314209
2013-06-21,16.549999237060547,15.449999809265137,16.200000762939453,15.550000190734863,1316700.0,14.036087989807129
2013-06-24,15.529999732971191,15.069999694824219,15.34000015258789,15.34000015258789,886600.0,13.84653377532959
2013-06-25,15.8100004196167,15.34000015258789,15.449999809265137,15.760000228881836,1273200.0,14.225643157958984
2013-06-26,16.059999465942383,15.819999694824219,15.979999542236328,16.0,1248700.0,14.442277908325195
2013-06-27,16.520000457763672,16.100000381469727,16.100000381469727,16.350000381469727,1779300.0,14.758201599121094
2013-06-28,16.329999923706055,16.040000915527344,16.18000030517578,16.15999984741211,837600.0,14.586700439453125
2013-07-01,16.290000915527344,15.989999771118164,16.209999084472656,16.040000915527344,833500.0,14.47838306427002
2013-07-02,16.1299991607666,15.609999656677246,16.06999969482422,15.770000457763672,1546400.0,14.23466968536377
2013-07-03,15.9399995803833,15.569999694824219,15.680000305175781,15.84000015258789,664600.0,14.29785442352295
2013-07-05,15.970000267028809,15.430000305175781,15.829999923706055,15.649999618530273,679200.0,14.126352310180664
2013-07-08,15.850000381469727,15.609999656677246,15.779999732971191,15.699999809265137,603600.0,14.171483993530273
2013-07-09,15.989999771118164,15.720000267028809,15.760000228881836,15.819999694824219,678600.0,14.279800415039062
2013-07-10,15.829999923706055,15.449999809265137,15.789999961853027,15.460000038146973,1259800.0,13.954850196838379
2013-07-11,16.3700008392334,15.630000114440918,15.649999618530273,16.3700008392334,1342400.0,14.776254653930664
2013-07-12,16.59000015258789,16.18000030517578,16.239999771118164,16.309999465942383,1173800.0,14.722095489501953
2013-07-15,16.59000015258789,16.229999542236328,16.329999923706055,16.489999771118164,865300.0,14.884571075439453
2013-07-16,16.530000686645508,16.020000457763672,16.5,16.079999923706055,468200.0,14.514488220214844
2013-07-17,16.440000534057617,16.15999984741211,16.18000030517578,16.329999923706055,684700.0,14.740147590637207
2013-07-18,16.540000915527344,16.219999313354492,16.3700008392334,16.399999618530273,1031100.0,14.803333282470703
2013-07-19,16.389999389648438,16.149999618530273,16.290000915527344,16.15999984741211,779900.0,14.586700439453125
2013-07-22,16.360000610351562,16.079999923706055,16.1299991607666,16.260000228881836,782900.0,14.676963806152344
2013-07-23,16.780000686645508,16.31999969482422,16.420000076293945,16.760000228881836,887300.0,15.128286361694336
2013-07-24,16.889999389648438,16.520000457763672,16.780000686645508,16.579999923706055,527500.0,14.965811729431152
2013-07-25,16.670000076293945,16.219999313354492,16.540000915527344,16.239999771118164,949200.0,14.658912658691406
2013-07-26,16.270000457763672,15.9399995803833,16.149999618530273,16.110000610351562,592300.0,14.5415678024292
2013-07-29,16.100000381469727,15.819999694824219,16.020000457763672,15.930000305175781,437700.0,14.3790922164917
2013-07-30,15.949999809265137,15.65999984741211,15.920000076293945,15.859999656677246,551100.0,14.315906524658203
2013-07-31,16.200000762939453,15.710000038146973,15.850000381469727,16.079999923706055,685900.0,14.514488220214844
2013-08-01,16.149999618530273,15.609999656677246,16.079999923706055,15.800000190734863,1037400.0,14.261749267578125
2013-08-02,15.920000076293945,15.640000343322754,15.75,15.90999984741211,1794900.0,14.361038208007812
2013-08-05,15.90999984741211,15.630000114440918,15.800000190734863,15.739999771118164,614200.0,14.207589149475098
2013-08-06,15.800000190734863,15.390000343322754,15.800000190734863,15.479999542236328,1011600.0,13.972902297973633
2013-08-07,15.510000228881836,14.9399995803833,15.5,14.970000267028809,1432500.0,13.512556076049805
2013-08-08,15.180000305175781,14.899999618530273,14.949999809265137,15.100000381469727,1675700.0,13.629899978637695
2013-08-09,15.65999984741211,15.100000381469727,15.210000038146973,15.569999694824219,1330100.0,14.054140090942383
2013-08-12,15.729999542236328,15.270000457763672,15.640000343322754,15.289999961853027,853200.0,13.80140209197998
2013-08-13,15.319999694824219,14.880000114440918,15.1899995803833,14.890000343322754,1076000.0,13.44034481048584
2013-08-14,15.020000457763672,14.460000038146973,14.930000305175781,14.460000038146973,1861500.0,13.052206993103027
2013-08-15,14.319999694824219,13.960000038146973,14.289999961853027,14.0,1813300.0,12.636992454528809
2013-08-16,14.069999694824219,13.829999923706055,13.949999809265137,13.890000343322754,1025900.0,12.537702560424805
2013-08-19,13.930000305175781,13.609999656677246,13.890000343322754,13.670000076293945,1306500.0,12.339119911193848
2013-08-20,14.039999961853027,13.5,13.59000015258789,13.90999984741211,1381300.0,12.555755615234375
2013-08-21,13.90999984741211,13.359999656677246,13.899999618530273,13.40999984741211,844700.0,12.104432106018066
2013-08-22,13.739999771118164,13.390000343322754,13.489999771118164,13.630000114440918,1008400.0,12.30301570892334
2013-08-23,14.020000457763672,13.479999542236328,13.729999542236328,13.9399995803833,1720700.0,12.582833290100098
2013-08-26,14.010000228881836,13.649999618530273,13.979999542236328,13.680000305175781,978400.0,12.34814739227295
2013-08-27,13.40999984741211,13.199999809265137,13.3100004196167,13.34000015258789,946700.0,12.31531047821045
2013-08-28,13.65999984741211,13.34000015258789,13.380000114440918,13.510000228881836,1282000.0,12.47225284576416
2013-08-29,13.569999694824219,13.199999809265137,13.470000267028809,13.199999809265137,1114400.0,12.186063766479492
2013-08-30,13.529999732971191,13.25,13.260000228881836,13.380000114440918,1439100.0,12.352237701416016
2013-09-03,13.710000038146973,13.390000343322754,13.5,13.460000038146973,1407600.0,12.426093101501465
2013-09-04,13.680000305175781,13.420000076293945,13.5,13.609999656677246,1359600.0,12.564569473266602
2013-09-05,13.819999694824219,13.489999771118164,13.59000015258789,13.720000267028809,745300.0,12.666121482849121
2013-09-06,13.890000343322754,13.579999923706055,13.850000381469727,13.609999656677246,1160500.0,12.564569473266602
2013-09-09,14.09000015258789,13.680000305175781,13.710000038146973,13.970000267028809,1461600.0,12.896918296813965
2013-09-10,14.369999885559082,14.010000228881836,14.079999923706055,14.329999923706055,1032400.0,13.229264259338379
2013-09-11,14.579999923706055,14.069999694824219,14.279999732971191,14.520000457763672,1181900.0,13.404670715332031
2013-09-12,14.829999923706055,14.420000076293945,14.510000228881836,14.670000076293945,1558300.0,13.5431489944458
2013-09-13,14.90999984741211,14.569999694824219,14.670000076293945,14.84000015258789,988600.0,13.700091361999512
2013-09-16,15.300000190734863,14.90999984741211,14.979999542236328,14.9399995803833,1263500.0,13.792407989501953
2013-09-17,15.0,14.609999656677246,14.949999809265137,14.770000457763672,1153600.0,13.635468482971191
2013-09-18,15.220000267028809,14.670000076293945,14.90999984741211,15.220000267028809,1555400.0,14.05090045928955
2013-09-19,15.319999694824219,14.75,15.270000457763672,15.010000228881836,1780300.0,13.857032775878906
2013-09-20,15.119999885559082,14.869999885559082,15.109999656677246,14.960000038146973,594600.0,13.810873031616211
2013-09-23,15.15999984741211,14.890000343322754,14.930000305175781,15.010000228881836,449800.0,13.857032775878906
2013-09-24,15.619999885559082,14.979999542236328,14.989999771118164,15.34000015258789,1289300.0,14.161684036254883
2013-09-25,15.569999694824219,15.1899995803833,15.289999961853027,15.550000190734863,1407000.0,14.35555362701416
2013-09-26,15.600000381469727,15.180000305175781,15.600000381469727,15.430000305175781,1634400.0,14.244770050048828
2013-09-27,15.380000114440918,15.079999923706055,15.350000381469727,15.229999542236328,636100.0,14.06013298034668
2013-09-30,15.369999885559082,15.09000015258789,15.199999809265137,15.369999885559082,1386900.0,14.189380645751953
2013-10-01,15.619999885559082,15.239999771118164,15.460000038146973,15.569999694824219,809500.0,14.374014854431152
2013-10-02,15.90999984741211,15.569999694824219,15.720000267028809,15.850000381469727,1225400.0,14.632508277893066
2013-10-03,15.789999961853027,15.40999984741211,15.779999732971191,15.65999984741211,821800.0,14.457103729248047
2013-10-04,15.65999984741211,15.380000114440918,15.579999923706055,15.5600004196167,1135600.0,14.364785194396973
2013-10-07,15.739999771118164,15.390000343322754,15.430000305175781,15.520000457763672,703000.0,14.327857971191406
2013-10-08,15.569999694824219,15.34000015258789,15.489999771118164,15.489999771118164,753500.0,14.300162315368652
2013-10-09,15.670000076293945,15.3100004196167,15.5600004196167,15.479999542236328,1441200.0,14.290928840637207
2013-10-10,15.670000076293945,15.239999771118164,15.649999618530273,15.390000343322754,1353600.0,14.207843780517578
2013-10-11,15.510000228881836,15.3100004196167,15.34000015258789,15.5,576300.0,14.309392929077148
2013-10-14,15.800000190734863,15.289999961853027,15.380000114440918,15.760000228881836,811100.0,14.549422264099121
2013-10-15,15.90999984741211,15.5600004196167,15.699999809265137,15.75,841700.0,14.540189743041992
2013-10-16,16.040000915527344,15.779999732971191,15.859999656677246,15.970000267028809,611000.0,14.743291854858398
2013-10-17,16.290000915527344,15.920000076293945,15.949999809265137,16.100000381469727,741000.0,14.863306045532227
2013-10-18,16.25,15.960000038146973,16.25,16.049999237060547,704000.0,14.817146301269531
2013-10-21,16.079999923706055,15.850000381469727,16.049999237060547,15.989999771118164,755000.0,14.761754989624023
2013-10-22,16.280000686645508,16.0,16.0,16.1299991607666,1248500.0,14.891000747680664
2013-10-23,16.209999084472656,16.040000915527344,16.110000610351562,16.06999969482422,1381800.0,14.835611343383789
2013-10-24,16.06999969482422,15.699999809265137,16.010000228881836,15.819999694824219,858600.0,14.604813575744629
2013-10-25,15.850000381469727,15.600000381469727,15.829999923706055,15.699999809265137,531800.0,14.494030952453613
2013-10-28,16.190000534057617,15.729999542236328,15.760000228881836,16.100000381469727,945700.0,14.863306045532227
2013-10-29,16.260000228881836,15.989999771118164,16.149999618530273,16.06999969482422,524100.0,14.835611343383789
2013-10-30,16.1299991607666,15.890000343322754,16.059999465942383,15.970000267028809,462000.0,14.743291854858398
2013-10-31,16.040000915527344,15.720000267028809,15.960000038146973,15.760000228881836,378300.0,14.549422264099121
2013-11-01,15.779999732971191,15.470000267028809,15.699999809265137,15.699999809265137,565300.0,14.494030952453613
2013-11-04,15.960000038146973,15.710000038146973,15.800000190734863,15.899999618530273,375400.0,14.678668022155762
2013-11-05,15.819999694824219,15.4399995803833,15.699999809265137,15.710000038146973,1780500.0,14.503262519836426
2013-11-06,15.550000190734863,15.210000038146973,15.460000038146973,15.40999984741211,608900.0,14.226306915283203
2013-11-07,15.630000114440918,15.229999542236328,15.510000228881836,15.3100004196167,545600.0,14.133989334106445
2013-11-08,15.199999809265137,14.930000305175781,15.199999809265137,15.050000190734863,666500.0,13.893959999084473
2013-11-11,15.09000015258789,14.789999961853027,14.979999542236328,14.890000343322754,454300.0,13.746249198913574
2013-11-12,14.8100004196167,14.640000343322754,14.75,14.720000267028809,522900.0,13.589308738708496
2013-11-13,14.75,14.569999694824219,14.630000114440918,14.699999809265137,674700.0,13.570843696594238
2013-11-14,15.079999923706055,14.729999542236328,14.75,14.9399995803833,669400.0,13.792407989501953
2013-11-15,15.0600004196167,14.84000015258789,14.989999771118164,14.859999656677246,649600.0,13.71855354309082
2013-11-18,15.170000076293945,14.880000114440918,14.979999542236328,14.960000038146973,621600.0,13.810873031616211
2013-11-19,15.100000381469727,14.710000038146973,15.010000228881836,14.710000038146973,527900.0,13.580076217651367
2013-11-20,14.75,14.380000114440918,14.699999809265137,14.420000076293945,540800.0,13.312353134155273
2013-11-21,14.59000015258789,14.380000114440918,14.479999542236328,14.529999732971191,732700.0,13.413902282714844
2013-11-22,14.739999771118164,14.5,14.569999694824219,14.550000190734863,277100.0,13.432366371154785
2013-11-25,14.90999984741211,14.630000114440918,14.770000457763672,14.779999732971191,524700.0,13.644699096679688
2013-11-26,14.850000381469727,14.630000114440918,14.829999923706055,14.84000015258789,548200.0,13.700091361999512
2013-11-27,14.8100004196167,14.529999732971191,14.800000190734863,14.770000457763672,374900.0,13.635468482971191
2013-11-29,15.039999961853027,14.789999961853027,14.859999656677246,14.979999542236328,579500.0,13.829336166381836
2013-12-02,14.850000381469727,14.369999885559082,14.819999694824219,14.40999984741211,766300.0,13.303118705749512
2013-12-03,14.260000228881836,13.960000038146973,14.199999809265137,13.970000267028809,905500.0,12.896918296813965
2013-12-04,14.1899995803833,13.739999771118164,13.880000114440918,14.149999618530273,686400.0,13.063092231750488
2013-12-05,14.079999923706055,13.859999656677246,13.979999542236328,13.970000267028809,620600.0,12.896918296813965
2013-12-06,14.34000015258789,14.079999923706055,14.140000343322754,14.3100004196167,514800.0,13.210801124572754
2013-12-09,14.470000267028809,14.300000190734863,14.3100004196167,14.359999656677246,435900.0,13.256959915161133
2013-12-10,14.619999885559082,14.369999885559082,14.40999984741211,14.529999732971191,657900.0,13.413902282714844
2013-12-11,14.40999984741211,13.9399995803833,14.40999984741211,14.109999656677246,823300.0,13.026164054870605
2013-12-12,14.170000076293945,13.729999542236328,13.829999923706055,14.119999885559082,851800.0,13.035395622253418
2013-12-13,14.199999809265137,13.859999656677246,14.130000114440918,13.979999542236328,447500.0,12.906149864196777
2013-12-16,14.34000015258789,13.880000114440918,13.989999771118164,14.09000015258789,1273900.0,13.007701873779297
2013-12-17,14.220000267028809,13.9399995803833,14.020000457763672,14.069999694824219,767000.0,12.989236831665039
2013-12-18,14.220000267028809,13.760000228881836,14.039999961853027,14.119999885559082,854800.0,13.035395622253418
2013-12-19,13.920000076293945,13.729999542236328,13.8100004196167,13.729999542236328,507700.0,12.675352096557617
2013-12-20,13.770000457763672,13.420000076293945,13.710000038146973,13.460000038146973,1965400.0,12.426093101501465
2013-12-23,13.640000343322754,13.489999771118164,13.520000457763672,13.569999694824219,529200.0,12.527643203735352
2013-12-24,13.600000381469727,13.510000228881836,13.520000457763672,13.600000381469727,322600.0,12.555339813232422
2013-12-26,13.680000305175781,13.5,13.670000076293945,13.609999656677246,235500.0,12.564569473266602
2013-12-27,13.65999984741211,13.470000267028809,13.65999984741211,13.59000015258789,706900.0,12.546107292175293
2013-12-30,13.770000457763672,13.619999885559082,13.65999984741211,13.710000038146973,829700.0,12.656888961791992
2013-12-31,13.84000015258789,13.6899995803833,13.770000457763672,13.720000267028809,382300.0,12.666121482849121
2014-01-02,13.619999885559082,12.970000267028809,13.489999771118164,13.199999809265137,1207600.0,12.186063766479492
2014-01-03,13.3100004196167,13.020000457763672,13.239999771118164,13.1899995803833,715700.0,12.176831245422363
2014-01-06,13.119999885559082,12.800000190734863,12.829999923706055,12.970000267028809,506800.0,11.973731994628906
2014-01-07,13.119999885559082,12.869999885559082,13.069999694824219,12.949999809265137,357400.0,11.955265998840332
2014-01-08,12.899999618530273,12.609999656677246,12.899999618530273,12.670000076293945,730000.0,11.696775436401367
2014-01-09,12.989999771118164,12.649999618530273,12.699999809265137,12.979999542236328,1467000.0,11.982963562011719
2014-01-10,13.670000076293945,13.0600004196167,13.09000015258789,13.539999961853027,1294500.0,12.499947547912598
2014-01-13,13.5,13.170000076293945,13.460000038146973,13.210000038146973,1388100.0,12.195296287536621
2014-01-14,13.369999885559082,13.220000267028809,13.229999542236328,13.34000015258789,1495800.0,12.31531047821045
2014-01-15,13.420000076293945,13.1899995803833,13.350000381469727,13.399999618530273,1014600.0,12.370701789855957
2014-01-16,13.4399995803833,13.1899995803833,13.430000305175781,13.300000190734863,563500.0,12.278382301330566
2014-01-17,13.270000457763672,13.100000381469727,13.260000228881836,13.140000343322754,639600.0,12.130672454833984
2014-01-21,13.199999809265137,12.90999984741211,13.15999984741211,12.949999809265137,582900.0,11.955265998840332
2014-01-22,13.020000457763672,12.8100004196167,12.979999542236328,12.960000038146973,506400.0,11.964500427246094
2014-01-23,12.920000076293945,12.5,12.90999984741211,12.710000038146973,643000.0,11.73370361328125
2014-01-24,12.5,12.079999923706055,12.489999771118164,12.34000015258789,666600.0,11.392123222351074
2014-01-27,12.460000038146973,12.130000114440918,12.40999984741211,12.220000267028809,757900.0,11.281341552734375
2014-01-28,12.40999984741211,12.069999694824219,12.40999984741211,12.220000267028809,903600.0,11.281341552734375
2014-01-29,12.170000076293945,11.890000343322754,12.0,11.960000038146973,716200.0,11.041313171386719
2014-01-30,12.029999732971191,11.619999885559082,12.0,11.640000343322754,888700.0,10.745892524719238
2014-01-31,11.6899995803833,11.34000015258789,11.420000076293945,11.5600004196167,1691500.0,10.672039031982422
2014-02-03,11.59000015258789,10.930000305175781,11.569999694824219,10.930000305175781,995400.0,10.09043025970459
2014-02-04,11.359999656677246,11.069999694824219,11.229999542236328,11.270000457763672,1775600.0,10.404314041137695
2014-02-05,11.420000076293945,11.220000267028809,11.3100004196167,11.359999656677246,667700.0,10.48740005493164
2014-02-06,11.800000190734863,11.399999618530273,11.420000076293945,11.779999732971191,1394800.0,10.875139236450195
2014-02-07,12.020000457763672,11.800000190734863,11.819999694824219,11.880000114440918,1373100.0,10.96745777130127
2014-02-10,11.970000267028809,11.710000038146973,11.770000457763672,11.899999618530273,1049300.0,10.985921859741211
2014-02-11,11.9399995803833,11.729999542236328,11.8100004196167,11.899999618530273,1018600.0,10.985921859741211
2014-02-12,12.0,11.649999618530273,11.899999618530273,11.869999885559082,1211500.0,10.958226203918457
2014-02-13,11.979999542236328,11.670000076293945,11.739999771118164,11.970000267028809,719900.0,11.050544738769531
2014-02-14,12.59000015258789,12.25,12.260000228881836,12.399999618530273,2057600.0,11.447514533996582
2014-02-18,12.399999618530273,11.800000190734863,12.260000228881836,11.869999885559082,983700.0,10.958226203918457
2014-02-19,11.600000381469727,11.279999732971191,11.420000076293945,11.430000305175781,1377800.0,10.552024841308594
2014-02-20,11.779999732971191,11.489999771118164,11.59000015258789,11.720000267028809,692200.0,10.819748878479004
2014-02-21,12.100000381469727,11.6899995803833,11.75,12.0,1260100.0,11.078240394592285
2014-02-24,12.529999732971191,12.09000015258789,12.319999694824219,12.149999618530273,1767800.0,11.216718673706055
2014-02-25,12.170000076293945,11.869999885559082,12.140000343322754,11.970000267028809,872900.0,11.050544738769531
2014-02-26,12.069999694824219,11.90999984741211,11.979999542236328,11.949999809265137,720700.0,11.032081604003906
2014-02-27,12.170000076293945,11.829999923706055,11.989999771118164,12.130000114440918,833400.0,11.19825553894043
2014-02-28,12.079999923706055,11.699999809265137,11.90999984741211,11.789999961853027,841300.0,10.884371757507324
2014-03-03,11.619999885559082,11.239999771118164,11.489999771118164,11.479999542236328,994300.0,10.598182678222656
2014-03-04,11.6899995803833,11.479999542236328,11.649999618530273,11.680000305175781,494100.0,10.782820701599121
2014-03-05,11.960000038146973,11.65999984741211,11.729999542236328,11.770000457763672,828800.0,10.8659086227417
2014-03-06,12.260000228881836,11.829999923706055,11.890000343322754,12.149999618530273,1480200.0,11.216718673706055
2014-03-07,12.270000457763672,11.710000038146973,12.010000228881836,11.829999923706055,1182300.0,10.921298027038574
2014-03-10,11.800000190734863,11.460000038146973,11.789999961853027,11.600000381469727,972000.0,10.708967208862305
2014-03-11,11.779999732971191,11.460000038146973,11.640000343322754,11.539999961853027,1277200.0,10.65357494354248
2014-03-12,11.510000228881836,11.25,11.470000267028809,11.34000015258789,1083300.0,10.4689359664917
2014-03-13,11.369999885559082,11.0,11.279999732971191,11.09000015258789,1136400.0,10.238140106201172
2014-03-14,11.079999923706055,10.59000015258789,11.050000190734863,10.670000076293945,1942700.0,9.85040283203125
2014-03-17,10.789999961853027,10.5,10.670000076293945,10.619999885559082,910200.0,9.804242134094238
2014-03-18,10.800000190734863,10.59000015258789,10.600000381469727,10.720000267028809,546100.0,9.896562576293945
2014-03-19,10.779999732971191,10.460000038146973,10.680000305175781,10.550000190734863,1571200.0,9.739620208740234
2014-03-20,10.699999809265137,10.399999618530273,10.520000457763672,10.449999809265137,757500.0,9.647300720214844
2014-03-21,10.520000457763672,10.329999923706055,10.489999771118164,10.470000267028809,1926100.0,9.665763854980469
2014-03-24,10.710000038146973,10.420000076293945,10.510000228881836,10.640000343322754,2262200.0,9.82270622253418
2014-03-25,11.1899995803833,10.649999618530273,10.729999542236328,10.729999542236328,2761500.0,9.905793190002441
2014-03-26,11.0,10.710000038146973,10.829999923706055,10.8100004196167,1028700.0,9.97964859008789
2014-03-27,11.550000190734863,10.949999809265137,10.989999771118164,11.199999809265137,4004300.0,10.339690208435059
2014-03-28,11.350000381469727,11.130000114440918,11.180000305175781,11.270000457763672,3297900.0,10.404314041137695
2014-03-31,11.569999694824219,11.25,11.3100004196167,11.399999618530273,1476300.0,10.524328231811523
2014-04-01,11.5600004196167,11.199999809265137,11.399999618530273,11.529999732971191,1151700.0,10.644341468811035
2014-04-02,11.989999771118164,11.359999656677246,11.460000038146973,11.90999984741211,3469300.0,10.995153427124023
2014-04-03,11.989999771118164,11.6899995803833,11.90999984741211,11.84000015258789,1148100.0,10.93053150177002
2014-04-04,12.470000267028809,12.0600004196167,12.170000076293945,12.180000305175781,1417400.0,11.244414329528809
2014-04-07,12.420000076293945,12.210000038146973,12.239999771118164,12.350000381469727,873900.0,11.401355743408203
2014-04-08,12.8100004196167,12.130000114440918,12.609999656677246,12.199999809265137,1507700.0,11.262876510620117
2014-04-09,12.270000457763672,11.880000114440918,12.199999809265137,12.010000228881836,1514600.0,11.087472915649414
2014-04-10,12.5600004196167,12.069999694824219,12.180000305175781,12.15999984741211,1577900.0,11.22594928741455
2014-04-11,12.420000076293945,12.029999732971191,12.050000190734863,12.329999923706055,1020000.0,11.382891654968262
2014-04-14,12.569999694824219,12.34000015258789,12.479999542236328,12.40999984741211,1047500.0,11.456746101379395
2014-04-15,12.479999542236328,12.100000381469727,12.449999809265137,12.170000076293945,744400.0,11.23518180847168
2014-04-16,12.630000114440918,12.300000190734863,12.420000076293945,12.619999885559082,1304700.0,11.650616645812988
2014-04-17,12.729999542236328,12.470000267028809,12.600000381469727,12.649999618530273,3307500.0,11.678311347961426
2014-04-21,12.670000076293945,12.399999618530273,12.609999656677246,12.5,473800.0,11.539834022521973
2014-04-22,12.739999771118164,12.4399995803833,12.479999542236328,12.670000076293945,2188400.0,11.696775436401367
2014-04-23,12.710000038146973,12.5600004196167,12.630000114440918,12.6899995803833,1049000.0,11.715239524841309
2014-04-24,12.729999542236328,12.579999923706055,12.6899995803833,12.710000038146973,511100.0,11.73370361328125
2014-04-25,12.670000076293945,12.390000343322754,12.640000343322754,12.539999961853027,848000.0,11.576760292053223
2014-04-28,12.579999923706055,12.09000015258789,12.539999961853027,12.3100004196167,1877000.0,11.36442756652832
2014-04-29,12.520000457763672,12.210000038146973,12.390000343322754,12.25,1284300.0,11.309035301208496
2014-04-30,12.199999809265137,11.979999542236328,12.199999809265137,12.130000114440918,1483700.0,11.19825553894043
2014-05-01,12.149999618530273,12.0,12.119999885559082,12.0600004196167,359100.0,11.133630752563477
2014-05-02,12.260000228881836,12.050000190734863,12.130000114440918,12.140000343322754,1593900.0,11.207486152648926
2014-05-05,12.1899995803833,11.9399995803833,12.130000114440918,12.039999961853027,1168200.0,11.115166664123535
2014-05-06,12.279999732971191,12.010000228881836,12.069999694824219,12.1899995803833,928300.0,11.253644943237305
2014-05-07,12.279999732971191,12.020000457763672,12.229999542236328,12.25,1158200.0,11.309035301208496
2014-05-08,12.329999923706055,12.149999618530273,12.329999923706055,12.15999984741211,829500.0,11.22594928741455
2014-05-09,12.199999809265137,11.930000305175781,12.140000343322754,11.9399995803833,843700.0,11.022850036621094
2014-05-12,12.109999656677246,11.949999809265137,11.949999809265137,12.100000381469727,908300.0,11.17055892944336
2014-05-13,12.539999961853027,12.119999885559082,12.130000114440918,12.460000038146973,1222500.0,11.50290584564209
2014-05-14,12.989999771118164,12.420000076293945,12.609999656677246,12.430000305175781,1838000.0,11.475211143493652
2014-05-15,12.289999961853027,11.90999984741211,12.289999961853027,12.0600004196167,1205600.0,11.274494171142578
2014-05-16,12.40999984741211,12.079999923706055,12.09000015258789,12.180000305175781,2617500.0,11.386680603027344
2014-05-19,12.350000381469727,12.149999618530273,12.180000305175781,12.239999771118164,1252100.0,11.442770957946777
2014-05-20,12.319999694824219,12.100000381469727,12.260000228881836,12.130000114440918,492300.0,11.339934349060059
2014-05-21,12.180000305175781,11.899999618530273,12.119999885559082,11.920000076293945,515200.0,11.143613815307617
2014-05-22,12.100000381469727,11.859999656677246,11.920000076293945,12.039999961853027,620400.0,11.255796432495117
2014-05-23,12.239999771118164,11.960000038146973,12.050000190734863,11.979999542236328,420500.0,11.199705123901367
2014-05-27,12.350000381469727,11.970000267028809,11.970000267028809,12.039999961853027,884400.0,11.255796432495117
2014-05-28,12.449999809265137,11.920000076293945,12.020000457763672,12.40999984741211,1482900.0,11.60169792175293
2014-05-29,12.819999694824219,12.430000305175781,12.460000038146973,12.65999984741211,1599900.0,11.835413932800293
2014-05-30,12.6899995803833,12.319999694824219,12.609999656677246,12.5,1296500.0,11.685835838317871
2014-06-02,12.710000038146973,12.430000305175781,12.460000038146973,12.65999984741211,2326700.0,11.835413932800293
2014-06-03,12.6899995803833,12.449999809265137,12.579999923706055,12.59000015258789,1483600.0,11.769974708557129
2014-06-04,13.140000343322754,12.5600004196167,12.569999694824219,13.039999961853027,3784800.0,12.19066333770752
2014-06-05,13.109999656677246,12.920000076293945,13.109999656677246,12.949999809265137,1625700.0,12.106526374816895
2014-06-06,13.609999656677246,13.119999885559082,13.180000305175781,13.609999656677246,2334500.0,12.72353744506836
2014-06-09,13.989999771118164,13.630000114440918,13.649999618530273,13.90999984741211,2459200.0,13.003997802734375
2014-06-10,14.15999984741211,13.789999961853027,13.850000381469727,13.989999771118164,1896200.0,13.078786849975586
2014-06-11,14.149999618530273,13.949999809265137,14.050000190734863,13.979999542236328,1126500.0,13.069437980651855
2014-06-12,14.270000457763672,13.90999984741211,14.010000228881836,14.1899995803833,1093600.0,13.265761375427246
2014-06-13,14.279999732971191,14.029999732971191,14.170000076293945,14.079999923706055,1247100.0,13.162925720214844
2014-06-16,14.100000381469727,13.920000076293945,14.0600004196167,13.949999809265137,865000.0,13.04139232635498
2014-06-17,13.869999885559082,13.59000015258789,13.859999656677246,13.770000457763672,1016300.0,12.87311840057373
2014-06-18,13.890000343322754,13.430000305175781,13.770000457763672,13.890000343322754,1097700.0,12.98530101776123
2014-06-19,14.119999885559082,13.75,13.850000381469727,13.949999809265137,789500.0,13.04139232635498
2014-06-20,14.0,13.869999885559082,13.979999542236328,13.960000038146973,554300.0,13.050741195678711
2014-06-23,14.300000190734863,13.989999771118164,14.029999732971191,14.270000457763672,1415500.0,13.34054946899414
2014-06-24,14.489999771118164,14.15999984741211,14.229999542236328,14.229999542236328,1788100.0,13.303154945373535
2014-06-25,14.3100004196167,13.670000076293945,14.279999732971191,13.850000381469727,1380800.0,12.947906494140625
2014-06-26,13.770000457763672,13.34000015258789,13.770000457763672,13.539999961853027,1737000.0,12.658097267150879
2014-06-27,14.0,13.529999732971191,13.529999732971191,13.760000228881836,1387900.0,12.863768577575684
2014-06-30,13.800000190734863,13.40999984741211,13.75,13.5600004196167,991000.0,12.676795959472656
2014-07-01,13.699999809265137,13.239999771118164,13.5600004196167,13.34000015258789,1350000.0,12.471123695373535
2014-07-02,13.300000190734863,12.960000038146973,13.289999961853027,13.270000457763672,1456400.0,12.405683517456055
2014-07-03,13.5600004196167,13.270000457763672,13.279999732971191,13.5600004196167,748200.0,12.676795959472656
2014-07-07,13.5600004196167,13.109999656677246,13.529999732971191,13.300000190734863,968300.0,12.433730125427246
2014-07-08,13.279999732971191,13.010000228881836,13.180000305175781,13.020000457763672,1196300.0,12.171967506408691
2014-07-09,13.1899995803833,12.859999656677246,13.010000228881836,12.930000305175781,945900.0,12.08782958984375
2014-07-10,12.920000076293945,12.619999885559082,12.920000076293945,12.789999961853027,1140400.0,11.956948280334473
2014-07-11,12.800000190734863,12.600000381469727,12.760000228881836,12.75,877100.0,11.919551849365234
2014-07-14,12.949999809265137,12.729999542236328,12.859999656677246,12.859999656677246,750700.0,12.022387504577637
2014-07-15,12.949999809265137,12.710000038146973,12.8100004196167,12.890000343322754,1083300.0,12.050435066223145
2014-07-16,13.069999694824219,12.739999771118164,12.979999542236328,12.800000190734863,701600.0,11.966297149658203
2014-07-17,12.739999771118164,12.569999694824219,12.710000038146973,12.619999885559082,732600.0,11.79802131652832
2014-07-18,13.199999809265137,12.789999961853027,12.789999961853027,12.9399995803833,1003400.0,12.097176551818848
2014-07-21,13.029999732971191,12.600000381469727,12.859999656677246,12.890000343322754,962000.0,12.050435066223145
2014-07-22,13.0600004196167,12.75,12.930000305175781,12.90999984741211,983300.0,12.069130897521973
2014-07-23,12.880000114440918,12.680000305175781,12.869999885559082,12.739999771118164,749700.0,11.91020393371582
2014-07-24,12.930000305175781,12.649999618530273,12.789999961853027,12.649999618530273,860700.0,11.826066017150879
2014-07-25,12.739999771118164,12.460000038146973,12.65999984741211,12.5,609100.0,11.685835838317871
2014-07-28,12.539999961853027,12.140000343322754,12.539999961853027,12.180000305175781,896800.0,11.386680603027344
2014-07-29,12.300000190734863,11.979999542236328,12.09000015258789,12.069999694824219,933100.0,11.283843040466309
2014-07-30,12.270000457763672,11.960000038146973,12.079999923706055,12.229999542236328,1100400.0,11.433422088623047
2014-07-31,12.229999542236328,11.960000038146973,12.140000343322754,12.069999694824219,887800.0,11.283843040466309
2014-08-01,12.260000228881836,11.9399995803833,12.069999694824219,12.140000343322754,1533300.0,11.349284172058105
2014-08-04,12.270000457763672,12.020000457763672,12.140000343322754,12.149999618530273,731900.0,11.35863208770752
2014-08-05,12.350000381469727,12.09000015258789,12.100000381469727,12.149999618530273,456500.0,11.35863208770752
2014-08-06,12.270000457763672,12.079999923706055,12.119999885559082,12.199999809265137,365500.0,11.405376434326172
2014-08-07,12.289999961853027,11.930000305175781,12.199999809265137,12.020000457763672,452700.0,11.237100601196289
2014-08-08,12.010000228881836,11.770000457763672,11.979999542236328,11.920000076293945,669500.0,11.143613815307617
2014-08-11,12.180000305175781,11.9399995803833,11.960000038146973,12.09000015258789,264900.0,11.302539825439453
2014-08-12,12.149999618530273,11.970000267028809,12.039999961853027,11.979999542236328,631400.0,11.199705123901367
2014-08-13,12.0600004196167,11.59000015258789,12.039999961853027,11.640000343322754,1135400.0,10.881851196289062
2014-08-14,11.8100004196167,11.539999961853027,11.600000381469727,11.65999984741211,2019400.0,10.90054702758789
2014-08-15,11.90999984741211,11.539999961853027,11.739999771118164,11.789999961853027,685200.0,11.022080421447754
2014-08-18,12.0,11.789999961853027,11.8100004196167,11.989999771118164,591200.0,11.209053993225098
2014-08-19,12.140000343322754,11.930000305175781,11.970000267028809,12.079999923706055,1534700.0,11.293191909790039
2014-08-20,12.260000228881836,12.050000190734863,12.09000015258789,12.170000076293945,1072600.0,11.37732982635498
2014-08-21,12.350000381469727,12.1899995803833,12.210000038146973,12.210000038146973,739800.0,11.414725303649902
2014-08-22,12.289999961853027,12.079999923706055,12.170000076293945,12.1899995803833,1201600.0,11.396026611328125
2014-08-25,12.520000457763672,12.15999984741211,12.3100004196167,12.5,1139300.0,11.685835838317871
2014-08-26,12.970000267028809,12.550000190734863,12.609999656677246,12.84000015258789,1659900.0,12.003692626953125
2014-08-27,13.819999694824219,12.970000267028809,13.029999732971191,13.6899995803833,3140800.0,12.798327445983887
2014-08-28,13.930000305175781,13.619999885559082,13.670000076293945,13.880000114440918,2089400.0,12.975953102111816
2014-08-29,14.529999732971191,14.069999694824219,14.109999656677246,14.5,1614300.0,13.555569648742676
2014-09-02,14.729999542236328,14.279999732971191,14.350000381469727,14.609999656677246,3228300.0,13.658404350280762
2014-09-03,14.789999961853027,14.510000228881836,14.6899995803833,14.65999984741211,1427300.0,13.705148696899414
2014-09-04,14.720000267028809,14.390000343322754,14.600000381469727,14.40999984741211,1775800.0,13.47143268585205
2014-09-05,14.369999885559082,14.1899995803833,14.369999885559082,14.260000228881836,977700.0,13.331201553344727
2014-09-08,14.319999694824219,13.6899995803833,14.270000457763672,13.760000228881836,941900.0,12.863768577575684
2014-09-09,13.600000381469727,13.289999961853027,13.59000015258789,13.390000343322754,1647000.0,12.517867088317871
2014-09-10,13.300000190734863,12.979999542236328,13.300000190734863,13.140000343322754,1036600.0,12.284151077270508
2014-09-11,13.279999732971191,12.920000076293945,13.210000038146973,13.0,1186400.0,12.15326976776123
2014-09-12,12.760000228881836,12.399999618530273,12.739999771118164,12.5600004196167,1833900.0,11.74193000793457
2014-09-15,12.539999961853027,12.260000228881836,12.510000228881836,12.350000381469727,1480600.0,11.545605659484863
2014-09-16,12.949999809265137,12.34000015258789,12.449999809265137,12.649999618530273,1674900.0,11.826066017150879
2014-09-17,12.6899995803833,12.40999984741211,12.670000076293945,12.430000305175781,932200.0,11.620396614074707
2014-09-18,12.430000305175781,12.1899995803833,12.40999984741211,12.329999923706055,841100.0,11.526908874511719
2014-09-19,12.3100004196167,11.949999809265137,12.300000190734863,12.020000457763672,841200.0,11.237100601196289
2014-09-22,11.819999694824219,11.569999694824219,11.670000076293945,11.649999618530273,1016400.0,10.891199111938477
2014-09-23,11.8100004196167,11.300000190734863,11.600000381469727,11.359999656677246,1119200.0,10.620087623596191
2014-09-24,11.670000076293945,11.0600004196167,11.359999656677246,11.4399995803833,2167800.0,10.694876670837402
2014-09-25,11.399999618530273,10.890000343322754,11.380000114440918,10.960000038146973,1260800.0,10.246140480041504
2014-09-26,11.420000076293945,10.920000076293945,11.010000228881836,11.399999618530273,1430200.0,10.65748119354248
2014-09-29,10.920000076293945,10.59000015258789,10.8100004196167,10.899999618530273,1408200.0,10.190049171447754
2014-09-30,10.880000114440918,10.59000015258789,10.869999885559082,10.760000228881836,1766300.0,10.059167861938477
2014-10-01,10.699999809265137,10.0,10.630000114440918,10.100000381469727,3020700.0,9.442156791687012
2014-10-02,10.359999656677246,10.010000228881836,10.010000228881836,10.119999885559082,2952300.0,9.46085262298584
2014-10-03,10.279999732971191,9.84000015258789,10.130000114440918,10.239999771118164,1300000.0,9.573036193847656
2014-10-06,11.239999771118164,10.600000381469727,11.15999984741211,10.760000228881836,2750100.0,10.059167861938477
2014-10-07,11.140000343322754,10.699999809265137,10.880000114440918,10.880000114440918,2619300.0,10.171351432800293
2014-10-08,11.270000457763672,10.630000114440918,10.989999771118164,11.25,1597100.0,10.517251968383789
2014-10-09,11.430000305175781,11.069999694824219,11.210000038146973,11.350000381469727,2554300.0,10.610739707946777
2014-10-10,11.380000114440918,10.819999694824219,11.149999618530273,10.819999694824219,1481700.0,10.115260124206543
2014-10-13,11.789999961853027,11.15999984741211,11.15999984741211,11.449999809265137,1494900.0,10.704224586486816
2014-10-14,11.899999618530273,11.239999771118164,11.430000305175781,11.699999809265137,1959400.0,10.937942504882812
2014-10-15,11.5600004196167,10.760000228881836,11.430000305175781,11.25,1600000.0,10.517251968383789
2014-10-16,10.920000076293945,10.539999961853027,10.819999694824219,10.619999885559082,1333900.0,9.9282865524292
2014-10-17,11.079999923706055,10.579999923706055,10.800000190734863,10.989999771118164,1088100.0,10.274187088012695
2014-10-20,10.979999542236328,10.65999984741211,10.75,10.890000343322754,843000.0,10.180700302124023
2014-10-21,10.550000190734863,10.199999809265137,10.260000228881836,10.350000381469727,1728000.0,9.675872802734375
2014-10-22,10.4399995803833,9.989999771118164,10.369999885559082,9.989999771118164,3503100.0,9.339319229125977
2014-10-23,10.020000457763672,9.649999618530273,9.84000015258789,9.770000457763672,5462500.0,9.133649826049805
2014-10-24,10.260000228881836,9.779999732971191,9.819999694824219,10.039999961853027,3784800.0,9.386064529418945
2014-10-27,9.5600004196167,9.130000114440918,9.260000228881836,9.529999732971191,2442900.0,8.909280776977539
2014-10-28,10.34000015258789,9.510000228881836,9.609999656677246,10.0600004196167,1550300.0,9.549935340881348
2014-10-29,10.369999885559082,10.0,10.15999984741211,10.119999885559082,1469300.0,9.606892585754395
2014-10-30,10.609999656677246,10.329999923706055,10.470000267028809,10.369999885559082,1632100.0,9.844216346740723
2014-10-31,10.630000114440918,10.279999732971191,10.350000381469727,10.59000015258789,1499600.0,10.05306339263916
2014-11-03,10.529999732971191,10.300000190734863,10.390000343322754,10.390000343322754,1185900.0,9.863203048706055
2014-11-04,10.579999923706055,10.279999732971191,10.460000038146973,10.489999771118164,1070800.0,9.95813274383545
2014-11-05,10.710000038146973,10.369999885559082,10.5,10.489999771118164,1175200.0,9.95813274383545
2014-11-06,10.15999984741211,9.319999694824219,10.149999618530273,9.34000015258789,3000000.0,8.86644172668457
2014-11-07,9.449999809265137,9.270000457763672,9.430000305175781,9.420000076293945,1892400.0,8.942384719848633
2014-11-10,9.630000114440918,9.25,9.520000457763672,9.270000457763672,1066400.0,8.799989700317383
2014-11-11,9.350000381469727,8.970000267028809,9.260000228881836,9.210000038146973,2061200.0,8.743032455444336
2014-11-12,9.65999984741211,9.1899995803833,9.210000038146973,9.569999694824219,1313700.0,9.084778785705566
2014-11-13,9.65999984741211,9.270000457763672,9.600000381469727,9.369999885559082,1146500.0,8.894919395446777
2014-11-14,9.180000305175781,8.90999984741211,9.010000228881836,9.0,2441500.0,8.543680191040039
2014-11-17,9.020000457763672,8.65999984741211,9.020000457763672,8.75,2294000.0,8.306355476379395
2014-11-18,8.850000381469727,8.529999732971191,8.819999694824219,8.699999809265137,2447500.0,8.258891105651855
2014-11-19,8.880000114440918,8.680000305175781,8.850000381469727,8.739999771118164,1803700.0,8.29686164855957
2014-11-20,8.960000038146973,8.600000381469727,8.960000038146973,8.770000457763672,852500.0,8.325342178344727
2014-11-21,9.579999923706055,9.029999732971191,9.029999732971191,9.520000457763672,995500.0,9.037314414978027
2014-11-24,9.729999542236328,9.4399995803833,9.520000457763672,9.649999618530273,1591200.0,9.160722732543945
2014-11-25,9.739999771118164,9.449999809265137,9.680000305175781,9.489999771118164,956100.0,9.008835792541504
2014-11-26,10.140000343322754,9.670000076293945,9.8100004196167,9.800000190734863,1464600.0,9.303117752075195
2014-11-28,9.579999923706055,9.0,9.579999923706055,9.149999618530273,1011000.0,8.686073303222656
2014-12-01,9.079999923706055,8.609999656677246,9.079999923706055,8.8100004196167,1334000.0,8.363313674926758
2014-12-02,9.140000343322754,8.75,8.8100004196167,8.779999732971191,1018000.0,8.334833145141602
2014-12-03,8.960000038146973,8.720000267028809,8.850000381469727,8.789999961853027,898600.0,8.344326972961426
2014-12-04,8.609999656677246,8.260000228881836,8.609999656677246,8.289999961853027,1481100.0,7.869677543640137
2014-12-05,8.329999923706055,7.949999809265137,8.3100004196167,8.1899995803833,1789800.0,7.774747371673584
2014-12-08,8.15999984741211,7.269999980926514,8.130000114440918,7.429999828338623,4400400.0,7.053281307220459
2014-12-09,7.480000019073486,7.289999961853027,7.480000019073486,7.389999866485596,2852000.0,7.015309810638428
2014-12-10,7.369999885559082,6.829999923706055,7.340000152587891,7.079999923706055,4753300.0,6.721027374267578
2014-12-11,7.230000019073486,6.909999847412109,6.940000057220459,7.039999961853027,1903300.0,6.683055877685547
2014-12-12,7.010000228881836,6.619999885559082,7.010000228881836,6.71999979019165,1648400.0,6.3792805671691895
2014-12-15,6.670000076293945,6.099999904632568,6.659999847412109,6.179999828338623,2900800.0,5.866659641265869
2014-12-16,6.789999961853027,6.059999942779541,6.230000019073486,6.599999904632568,3391300.0,6.265365123748779
2014-12-17,7.340000152587891,6.730000019073486,6.730000019073486,7.059999942779541,1720700.0,6.702042102813721
2014-12-18,7.510000228881836,7.159999847412109,7.25,7.329999923706055,3161900.0,6.958352088928223
2014-12-19,7.53000020980835,7.28000020980835,7.409999847412109,7.300000190734863,2198500.0,6.929872989654541
2014-12-22,7.460000038146973,7.150000095367432,7.369999885559082,7.460000038146973,924900.0,7.081760883331299
2014-12-23,7.639999866485596,7.400000095367432,7.460000038146973,7.429999828338623,1211600.0,7.053281307220459
2014-12-24,7.559999942779541,7.349999904632568,7.460000038146973,7.519999980926514,619400.0,7.138719081878662
2014-12-26,7.860000133514404,7.579999923706055,7.579999923706055,7.75,1487400.0,7.357056617736816
2014-12-29,7.909999847412109,7.699999809265137,7.71999979019165,7.78000020980835,1679900.0,7.385536193847656
2014-12-30,7.929999828338623,7.730000019073486,7.900000095367432,7.789999961853027,1311800.0,7.395029067993164
2014-12-31,7.820000171661377,7.579999923706055,7.760000228881836,7.75,1157800.0,7.357056617736816
2015-01-02,7.929999828338623,7.559999942779541,7.570000171661377,7.730000019073486,2057500.0,7.338071346282959
2015-01-05,7.489999771118164,7.03000020980835,7.460000038146973,7.21999979019165,1546000.0,6.853929042816162
2015-01-06,7.269999980926514,6.860000133514404,7.019999980926514,6.980000019073486,2179700.0,6.626097679138184
2015-01-07,7.300000190734863,6.889999866485596,7.159999847412109,6.980000019073486,1293400.0,6.626097679138184
2015-01-08,7.239999771118164,6.900000095367432,6.960000038146973,7.159999847412109,1635200.0,6.796971321105957
2015-01-09,7.190000057220459,6.889999866485596,7.159999847412109,7.050000190734863,1393700.0,6.692549228668213
2015-01-12,6.929999828338623,6.550000190734863,6.920000076293945,6.820000171661377,2509200.0,6.474210739135742
2015-01-13,6.960000038146973,6.670000076293945,6.809999942779541,6.880000114440918,2301800.0,6.531168460845947
2015-01-14,7.159999847412109,6.840000152587891,6.920000076293945,7.159999847412109,2261800.0,6.796971321105957
2015-01-15,7.300000190734863,7.070000171661377,7.139999866485596,7.099999904632568,1390600.0,6.740013599395752
2015-01-16,7.329999923706055,7.079999923706055,7.199999809265137,7.269999980926514,1243200.0,6.901394367218018
2015-01-20,7.409999847412109,7.099999904632568,7.400000095367432,7.190000057220459,1240200.0,6.825450897216797
2015-01-21,7.559999942779541,7.179999828338623,7.190000057220459,7.539999961853027,1338400.0,7.157704830169678
2015-01-22,7.849999904632568,7.559999942779541,7.650000095367432,7.800000190734863,1448700.0,7.404521942138672
2015-01-23,7.820000171661377,7.630000114440918,7.699999809265137,7.800000190734863,1718900.0,7.404521942138672
2015-01-26,7.800000190734863,7.650000095367432,7.659999847412109,7.71999979019165,1830700.0,7.328577995300293
2015-01-27,7.650000095367432,7.409999847412109,7.650000095367432,7.489999771118164,1567900.0,7.110239505767822
2015-01-28,7.449999809265137,7.110000133514404,7.380000114440918,7.409999847412109,1577200.0,7.034295558929443
2015-01-29,7.360000133514404,6.989999771118164,7.349999904632568,7.03000020980835,1824400.0,6.673563003540039
2015-01-30,6.920000076293945,6.630000114440918,6.75,6.900000095367432,1644800.0,6.550154209136963
2015-02-02,7.019999980926514,6.820000171661377,6.849999904632568,6.989999771118164,1204600.0,6.635590553283691
2015-02-03,7.239999771118164,7.010000228881836,7.03000020980835,7.190000057220459,1621200.0,6.825450897216797
2015-02-04,7.190000057220459,7.090000152587891,7.110000133514404,7.119999885559082,1348200.0,6.758999347686768
2015-02-05,7.440000057220459,7.130000114440918,7.190000057220459,7.340000152587891,996800.0,6.967845439910889
2015-02-06,7.309999942779541,7.110000133514404,7.119999885559082,7.239999771118164,1224700.0,6.872915267944336
2015-02-09,7.650000095367432,7.239999771118164,7.239999771118164,7.519999980926514,1896600.0,7.138719081878662
2015-02-10,7.539999961853027,7.300000190734863,7.309999942779541,7.380000114440918,1483800.0,7.005817413330078
2015-02-11,7.460000038146973,7.210000038146973,7.320000171661377,7.440000057220459,1927800.0,7.062774658203125
2015-02-12,8.100000381469727,7.610000133514404,7.610000133514404,7.949999809265137,3079000.0,7.5469160079956055
2015-02-13,8.079999923706055,7.789999961853027,7.960000038146973,7.849999904632568,2860800.0,7.451986789703369
2015-02-17,8.119999885559082,7.809999942779541,7.849999904632568,8.0600004196167,1001700.0,7.651340007781982
2015-02-18,8.069999694824219,7.869999885559082,8.0600004196167,7.880000114440918,1465700.0,7.480466365814209
2015-02-19,7.760000228881836,7.579999923706055,7.699999809265137,7.710000038146973,1227400.0,7.319085597991943
2015-02-20,7.820000171661377,7.590000152587891,7.590000152587891,7.809999942779541,1938600.0,7.41401481628418
2015-02-23,7.78000020980835,7.570000171661377,7.78000020980835,7.650000095367432,1384300.0,7.26212739944458
2015-02-24,7.829999923706055,7.610000133514404,7.650000095367432,7.710000038146973,1523300.0,7.319085597991943
2015-02-25,7.610000133514404,7.349999904632568,7.570000171661377,7.460000038146973,1212000.0,7.081760883331299
2015-02-26,7.539999961853027,7.320000171661377,7.480000019073486,7.46999979019165,610200.0,7.091253757476807
2015-02-27,7.639999866485596,7.449999809265137,7.480000019073486,7.550000190734863,1194500.0,7.167198181152344
2015-03-02,7.570000171661377,7.300000190734863,7.539999961853027,7.340000152587891,815900.0,6.967845439910889
2015-03-03,7.380000114440918,7.159999847412109,7.320000171661377,7.170000076293945,1105000.0,6.806464672088623
2015-03-04,7.190000057220459,6.940000057220459,7.139999866485596,7.03000020980835,1601200.0,6.673563003540039
2015-03-05,7.050000190734863,6.800000190734863,7.03000020980835,7.050000190734863,1227000.0,6.692549228668213
2015-03-06,7.039999961853027,6.789999961853027,7.0,6.800000190734863,801200.0,6.455224514007568
2015-03-09,6.820000171661377,6.579999923706055,6.75,6.71999979019165,2035800.0,6.3792805671691895
2015-03-10,6.679999828338623,6.449999809265137,6.659999847412109,6.539999961853027,1094600.0,6.208406448364258
2015-03-11,6.670000076293945,6.409999847412109,6.519999980926514,6.639999866485596,988800.0,6.3033366203308105
2015-03-12,6.96999979019165,6.659999847412109,6.800000190734863,6.670000076293945,1134900.0,6.331815242767334
2015-03-13,6.590000152587891,6.199999809265137,6.510000228881836,6.320000171661377,2094600.0,5.999561309814453
2015-03-16,6.349999904632568,6.070000171661377,6.340000152587891,6.289999961853027,1390100.0,5.97108268737793
2015-03-17,6.46999979019165,6.230000019073486,6.230000019073486,6.460000038146973,1194300.0,6.132463455200195
2015-03-18,6.820000171661377,6.300000190734863,6.420000076293945,6.699999809265137,2010400.0,6.360293865203857
2015-03-19,6.710000038146973,6.190000057220459,6.610000133514404,6.21999979019165,1161000.0,5.9046311378479
2015-03-20,6.639999866485596,6.269999980926514,6.300000190734863,6.550000190734863,1397200.0,6.217899799346924
2015-03-23,6.929999828338623,6.619999885559082,6.619999885559082,6.75,1496600.0,6.407759189605713
2015-03-24,6.860000133514404,6.570000171661377,6.809999942779541,6.730000019073486,706000.0,6.3887739181518555
2015-03-25,6.889999866485596,6.760000228881836,6.789999961853027,6.769999980926514,1221200.0,6.426745414733887
2015-03-26,6.900000095367432,6.550000190734863,6.800000190734863,6.630000114440918,528100.0,6.293844223022461
2015-03-27,6.53000020980835,6.239999771118164,6.519999980926514,6.289999961853027,795600.0,5.97108268737793
2015-03-30,6.420000076293945,6.119999885559082,6.28000020980835,6.369999885559082,1321700.0,6.04702615737915
2015-03-31,6.53000020980835,6.309999942779541,6.360000133514404,6.329999923706055,963200.0,6.009054183959961
2015-04-01,6.929999828338623,6.480000019073486,6.579999923706055,6.800000190734863,2491400.0,6.455224514007568
2015-04-02,7.090000152587891,6.809999942779541,6.829999923706055,6.989999771118164,1602700.0,6.635590553283691
2015-04-06,7.260000228881836,7.039999961853027,7.079999923706055,7.199999809265137,928400.0,6.834943771362305
2015-04-07,7.25,7.099999904632568,7.21999979019165,7.119999885559082,1365000.0,6.758999347686768
2015-04-08,7.369999885559082,7.139999866485596,7.269999980926514,7.309999942779541,1139100.0,6.939365863800049
2015-04-09,7.460000038146973,7.300000190734863,7.340000152587891,7.300000190734863,918700.0,6.929872989654541
2015-04-10,7.340000152587891,7.190000057220459,7.28000020980835,7.300000190734863,1234200.0,6.929872989654541
2015-04-13,7.429999828338623,7.230000019073486,7.230000019073486,7.360000133514404,2018800.0,6.9868316650390625
2015-04-14,7.590000152587891,7.380000114440918,7.389999866485596,7.480000019073486,1053000.0,7.1007466316223145
2015-04-15,7.820000171661377,7.449999809265137,7.46999979019165,7.699999809265137,1573100.0,7.3095927238464355
2015-04-16,7.75,7.46999979019165,7.71999979019165,7.599999904632568,1109400.0,7.214662551879883
2015-04-17,7.559999942779541,7.369999885559082,7.489999771118164,7.53000020980835,903300.0,7.14821195602417
2015-04-20,7.550000190734863,7.340000152587891,7.550000190734863,7.510000228881836,1129100.0,7.129226207733154
2015-04-21,7.539999961853027,7.380000114440918,7.510000228881836,7.420000076293945,793700.0,7.043788909912109
2015-04-22,7.550000190734863,7.389999866485596,7.460000038146973,7.489999771118164,750500.0,7.110239505767822
2015-04-23,7.610000133514404,7.449999809265137,7.460000038146973,7.480000019073486,975300.0,7.1007466316223145
2015-04-24,7.579999923706055,7.260000228881836,7.510000228881836,7.28000020980835,1016700.0,6.910887718200684
2015-04-27,7.460000038146973,7.199999809265137,7.340000152587891,7.320000171661377,885000.0,6.948859214782715
2015-04-28,7.460000038146973,7.25,7.349999904632568,7.320000171661377,909400.0,6.948859214782715
2015-04-29,7.400000095367432,7.150000095367432,7.269999980926514,7.190000057220459,991500.0,6.825450897216797
2015-04-30,7.269999980926514,7.010000228881836,7.179999828338623,7.260000228881836,1425600.0,6.89190149307251
2015-05-01,7.550000190734863,7.320000171661377,7.329999923706055,7.400000095367432,1139000.0,7.0248026847839355
2015-05-04,7.420000076293945,7.199999809265137,7.300000190734863,7.239999771118164,1274000.0,6.872915267944336
2015-05-05,7.489999771118164,7.170000076293945,7.289999961853027,7.199999809265137,1486900.0,6.834943771362305
2015-05-06,7.400000095367432,7.03000020980835,7.260000228881836,7.130000114440918,1648200.0,6.768492698669434
2015-05-07,7.170000076293945,6.800000190734863,7.119999885559082,7.079999923706055,1025800.0,6.721027374267578
2015-05-08,7.369999885559082,7.050000190734863,7.110000133514404,7.340000152587891,718400.0,6.967845439910889
2015-05-11,7.360000133514404,6.920000076293945,7.349999904632568,6.980000019073486,1452300.0,6.626097679138184
2015-05-12,7.179999828338623,6.980000019073486,7.03000020980835,7.059999942779541,1444100.0,6.702042102813721
2015-05-13,7.139999866485596,6.940000057220459,7.070000171661377,6.989999771118164,757500.0,6.635590553283691
2015-05-14,7.130000114440918,6.929999828338623,7.070000171661377,6.940000057220459,667400.0,6.588126182556152
2015-05-15,7.130000114440918,6.860000133514404,6.949999809265137,7.090000152587891,728000.0,6.730520725250244
2015-05-18,7.039999961853027,6.800000190734863,7.03000020980835,6.880000114440918,756800.0,6.531168460845947
2015-05-19,6.849999904632568,6.670000076293945,6.840000152587891,6.75,742400.0,6.407759189605713
2015-05-20,6.820000171661377,6.699999809265137,6.789999961853027,6.71999979019165,426100.0,6.3792805671691895
2015-05-21,6.880000114440918,6.679999828338623,6.679999828338623,6.78000020980835,349800.0,6.436238765716553
2015-05-22,6.849999904632568,6.599999904632568,6.78000020980835,6.650000095367432,823400.0,6.312829971313477
2015-05-26,6.570000171661377,6.349999904632568,6.570000171661377,6.5,993900.0,6.170434951782227
2015-05-27,6.480000019073486,6.269999980926514,6.460000038146973,6.440000057220459,1379700.0,6.1134772300720215
2015-05-28,6.420000076293945,6.159999847412109,6.340000152587891,6.409999847412109,870500.0,6.084998607635498
2015-05-29,6.409999847412109,6.159999847412109,6.409999847412109,6.210000038146973,972700.0,5.895138263702393
2015-06-01,6.260000228881836,5.960000038146973,6.21999979019165,6.110000133514404,1060900.0,5.800209045410156
2015-06-02,6.289999961853027,6.119999885559082,6.130000114440918,6.230000019073486,2399800.0,5.914124488830566
2015-06-03,6.309999942779541,6.130000114440918,6.159999847412109,6.210000038146973,928100.0,6.003070831298828
2015-06-04,6.25,6.0,6.179999828338623,6.010000228881836,489800.0,5.809735298156738
2015-06-05,6.139999866485596,5.940000057220459,6.0,6.03000020980835,598200.0,5.829068660736084
2015-06-08,6.170000076293945,6.0,6.099999904632568,6.099999904632568,785400.0,5.896736145019531
2015-06-09,6.380000114440918,6.150000095367432,6.260000228881836,6.179999828338623,664600.0,5.974070072174072
2015-06-10,6.449999809265137,6.190000057220459,6.260000228881836,6.369999885559082,1325100.0,6.157739162445068
2015-06-11,6.480000019073486,6.329999923706055,6.340000152587891,6.449999809265137,506300.0,6.235073566436768
2015-06-12,6.510000228881836,6.420000076293945,6.420000076293945,6.449999809265137,480500.0,6.235073566436768
2015-06-15,6.400000095367432,6.260000228881836,6.400000095367432,6.309999942779541,611200.0,6.099738597869873
2015-06-16,6.340000152587891,6.210000038146973,6.329999923706055,6.28000020980835,1183200.0,6.070738315582275
2015-06-17,6.380000114440918,6.260000228881836,6.28000020980835,6.309999942779541,569200.0,6.099738597869873
2015-06-18,6.420000076293945,6.28000020980835,6.369999885559082,6.340000152587891,385800.0,6.128738880157471
2015-06-19,6.409999847412109,6.269999980926514,6.269999980926514,6.400000095367432,882000.0,6.186739444732666
2015-06-22,6.619999885559082,6.420000076293945,6.449999809265137,6.5,535300.0,6.283407688140869
2015-06-23,6.599999904632568,6.489999771118164,6.519999980926514,6.590000152587891,744200.0,6.370408535003662
2015-06-24,6.610000133514404,6.5,6.590000152587891,6.570000171661377,787800.0,6.351075172424316
2015-06-25,6.599999904632568,6.53000020980835,6.559999942779541,6.559999942779541,1097800.0,6.341407775878906
2015-06-26,6.699999809265137,6.519999980926514,6.599999904632568,6.650000095367432,1249500.0,6.428409099578857
2015-06-29,6.53000020980835,6.050000190734863,6.53000020980835,6.099999904632568,1685000.0,5.896736145019531
2015-06-30,6.179999828338623,6.019999980926514,6.059999942779541,6.159999847412109,3263800.0,5.954736232757568
2015-07-01,6.230000019073486,6.050000190734863,6.199999809265137,6.079999923706055,1021000.0,5.877402305603027
2015-07-02,6.210000038146973,6.079999923706055,6.110000133514404,6.119999885559082,796800.0,5.916069507598877
2015-07-06,6.03000020980835,5.699999809265137,5.980000019073486,5.730000019073486,1300400.0,5.539064884185791
2015-07-07,5.699999809265137,5.309999942779541,5.699999809265137,5.53000020980835,2240500.0,5.345729827880859
2015-07-08,5.5,5.25,5.449999809265137,5.409999847412109,1707900.0,5.2297282218933105
2015-07-09,5.670000076293945,5.489999771118164,5.53000020980835,5.510000228881836,2390300.0,5.326396465301514
2015-07-10,5.659999847412109,5.429999828338623,5.579999923706055,5.619999885559082,1010800.0,5.432730674743652
2015-07-13,5.760000228881836,5.579999923706055,5.659999847412109,5.710000038146973,495100.0,5.519731044769287
2015-07-14,5.909999847412109,5.710000038146973,5.71999979019165,5.730000019073486,773500.0,5.539064884185791
2015-07-15,5.75,5.320000171661377,5.710000038146973,5.389999866485596,1179700.0,5.210394859313965
2015-07-16,5.46999979019165,5.179999828338623,5.460000038146973,5.230000019073486,1455100.0,5.055726528167725
2015-07-17,5.28000020980835,4.989999771118164,5.139999866485596,4.989999771118164,1272300.0,4.823723316192627
2015-07-20,5.0,4.730000019073486,4.989999771118164,4.860000133514404,1625400.0,4.698055744171143
2015-07-21,5.159999847412109,4.78000020980835,4.809999942779541,4.980000019073486,1162800.0,4.814056396484375
2015-07-22,4.929999828338623,4.75,4.929999828338623,4.800000190734863,1143800.0,4.640054702758789
2015-07-23,4.860000133514404,4.579999923706055,4.730000019073486,4.599999904632568,2041500.0,4.446718692779541
2015-07-24,4.579999923706055,4.349999904632568,4.550000190734863,4.409999847412109,2495500.0,4.263050079345703
2015-07-27,4.630000114440918,4.269999980926514,4.360000133514404,4.550000190734863,1158200.0,4.398385047912598
2015-07-28,4.670000076293945,4.440000057220459,4.590000152587891,4.610000133514404,1313700.0,4.456385612487793
2015-07-29,4.829999923706055,4.590000152587891,4.610000133514404,4.710000038146973,1645200.0,4.553053379058838
2015-07-30,4.789999961853027,4.570000171661377,4.699999809265137,4.610000133514404,1308400.0,4.456385612487793
2015-07-31,4.769999980926514,4.619999885559082,4.630000114440918,4.699999809265137,1272700.0,4.543386459350586
2015-08-03,4.71999979019165,4.400000095367432,4.710000038146973,4.440000057220459,835100.0,4.292050361633301
2015-08-04,4.53000020980835,4.380000114440918,4.449999809265137,4.489999771118164,1141200.0,4.340384006500244
2015-08-05,4.579999923706055,4.28000020980835,4.489999771118164,4.400000095367432,1657200.0,4.253383159637451
2015-08-06,4.400000095367432,4.199999809265137,4.340000152587891,4.329999923706055,1751400.0,4.185716152191162
2015-08-07,4.449999809265137,4.130000114440918,4.309999942779541,4.159999847412109,892500.0,4.021380424499512
2015-08-10,4.349999904632568,4.110000133514404,4.159999847412109,4.340000152587891,934200.0,4.195383071899414
2015-08-11,4.329999923706055,4.179999828338623,4.230000019073486,4.21999979019165,637800.0,4.079381465911865
2015-08-12,4.190000057220459,3.9100000858306885,4.190000057220459,4.03000020980835,2567500.0,3.8957128524780273
2015-08-13,4.199999809265137,3.9000000953674316,4.159999847412109,3.9100000858306885,1937200.0,3.7797112464904785
2015-08-14,4.03000020980835,3.9100000858306885,3.9600000381469727,3.950000047683716,955100.0,3.818378448486328
2015-08-17,3.9700000286102295,3.9000000953674316,3.950000047683716,3.9200000762939453,1020300.0,3.7893779277801514
2015-08-18,3.990000009536743,3.869999885559082,3.9100000858306885,3.9700000286102295,617400.0,3.837711811065674
2015-08-19,3.9600000381469727,3.799999952316284,3.940000057220459,3.9000000953674316,849000.0,3.7700445652008057
2015-08-20,3.9200000762939453,3.740000009536743,3.859999895095825,3.869999885559082,1477100.0,3.741044044494629
2015-08-21,3.9000000953674316,3.7200000286102295,3.809999942779541,3.8299999237060547,1817000.0,3.7023768424987793
2015-08-24,3.7699999809265137,3.119999885559082,3.559999942779541,3.450000047683716,1897800.0,3.3350393772125244
2015-08-25,3.950000047683716,3.5799999237060547,3.619999885559082,3.5999999046325684,2120500.0,3.4800407886505127
2015-08-26,3.7300000190734863,3.380000114440918,3.6600000858306885,3.700000047683716,1884300.0,3.5767087936401367
2015-08-27,3.9100000858306885,3.690000057220459,3.7300000190734863,3.880000114440918,2634500.0,3.750710964202881
2015-08-28,3.990000009536743,3.7200000286102295,3.819999933242798,3.7799999713897705,1762800.0,3.654042959213257
2015-08-31,3.7799999713897705,3.559999942779541,3.630000114440918,3.7300000190734863,1774300.0,3.6057090759277344
2015-09-01,3.619999885559082,3.369999885559082,3.569999933242798,3.380000114440918,2921400.0,3.2673721313476562
2015-09-02,3.4700000286102295,3.1700000762939453,3.430000066757202,3.2799999713897705,3100100.0,3.170703887939453
2015-09-03,3.430000066757202,3.25,3.25,3.4000000953674316,1292800.0,3.286705493927002
2015-09-04,3.4600000381469727,3.369999885559082,3.430000066757202,3.4200000762939453,1106400.0,3.3060390949249268
2015-09-08,3.5299999713897705,3.380000114440918,3.5199999809265137,3.4000000953674316,1271600.0,3.286705493927002
2015-09-09,3.609999895095825,3.380000114440918,3.4700000286102295,3.380000114440918,862100.0,3.2673721313476562
2015-09-10,3.3499999046325684,3.200000047683716,3.2899999618530273,3.2899999618530273,907100.0,3.180370807647705
2015-09-11,3.3499999046325684,3.240000009536743,3.259999990463257,3.25,3222200.0,3.1417038440704346
2015-09-14,3.4100000858306885,3.140000104904175,3.25,3.4000000953674316,1837600.0,3.286705493927002
2015-09-15,3.5199999809265137,3.319999933242798,3.369999885559082,3.450000047683716,2182900.0,3.3350393772125244
2015-09-16,3.609999895095825,3.3499999046325684,3.5199999809265137,3.4600000381469727,2075100.0,3.3447060585021973
2015-09-17,3.5199999809265137,3.2799999713897705,3.4000000953674316,3.4600000381469727,2381000.0,3.3447060585021973
2015-09-18,3.4700000286102295,3.319999933242798,3.4100000858306885,3.4000000953674316,4913800.0,3.286705493927002
2015-09-21,3.4100000858306885,3.180000066757202,3.380000114440918,3.190000057220459,743200.0,3.08370304107666
2015-09-22,3.140000104904175,2.9700000286102295,3.130000114440918,3.009999990463257,1579300.0,2.909700870513916
2015-09-23,3.0399999618530273,2.690000057220459,3.0199999809265137,2.75,1874200.0,2.6583645343780518
2015-09-24,2.9600000381469727,2.5899999141693115,2.5999999046325684,2.950000047683716,2631800.0,2.8517000675201416
2015-09-25,3.059999942779541,2.8399999141693115,2.950000047683716,3.059999942779541,1782500.0,2.9580347537994385
2015-09-28,2.990000009536743,2.700000047683716,2.930000066757202,2.7799999713897705,1302500.0,2.6873650550842285
2015-09-29,2.8299999237060547,2.7300000190734863,2.75,2.819999933242798,804100.0,2.72603178024292
2015-09-30,3.049999952316284,2.809999942779541,2.950000047683716,2.890000104904175,4138200.0,2.7936995029449463
2015-10-01,2.9700000286102295,2.809999942779541,2.9200000762939453,2.9000000953674316,1866500.0,2.803366184234619
2015-10-02,3.190000057220459,2.819999933242798,2.8299999237060547,3.1600000858306885,1612800.0,3.0547025203704834
2015-10-05,3.299999952316284,3.130000114440918,3.200000047683716,3.1500000953674316,1313300.0,3.0450358390808105
2015-10-06,3.4000000953674316,3.1600000858306885,3.180000066757202,3.3399999141693115,806500.0,3.2287046909332275
2015-10-07,3.6700000762939453,3.4200000762939453,3.4200000762939453,3.5899999141693115,1961900.0,3.47037410736084
2015-10-08,3.690000057220459,3.549999952316284,3.559999942779541,3.690000057220459,1144700.0,3.5670418739318848
2015-10-09,3.809999942779541,3.609999895095825,3.7200000286102295,3.799999952316284,1158700.0,3.6733765602111816
2015-10-12,3.809999942779541,3.630000114440918,3.809999942779541,3.6700000762939453,857100.0,3.547708511352539
2015-10-13,3.619999885559082,3.3499999046325684,3.569999933242798,3.359999895095825,1173500.0,3.2480380535125732
2015-10-14,3.440000057220459,3.299999952316284,3.3399999141693115,3.380000114440918,1592400.0,3.2673721313476562
2015-10-15,3.4200000762939453,3.2200000286102295,3.4000000953674316,3.359999895095825,1377500.0,3.2480380535125732
2015-10-16,3.369999885559082,3.2200000286102295,3.359999895095825,3.319999933242798,1445400.0,3.2093710899353027
2015-10-19,3.369999885559082,3.240000009536743,3.240000009536743,3.259999990463257,591100.0,3.1513705253601074
2015-10-20,3.4800000190734863,3.240000009536743,3.2799999713897705,3.4000000953674316,791100.0,3.286705493927002
2015-10-21,3.4000000953674316,3.25,3.390000104904175,3.259999990463257,692800.0,3.1513705253601074
2015-10-22,3.450000047683716,3.299999952316284,3.3399999141693115,3.369999885559082,722900.0,3.257704973220825
2015-10-23,3.549999952316284,3.4000000953674316,3.4000000953674316,3.450000047683716,617400.0,3.3350393772125244
2015-10-26,3.4800000190734863,3.369999885559082,3.4700000286102295,3.4100000858306885,291100.0,3.296372413635254
2015-10-27,3.369999885559082,3.240000009536743,3.369999885559082,3.25,649200.0,3.1417038440704346
2015-10-28,3.490000009536743,3.2799999713897705,3.2799999713897705,3.4000000953674316,901300.0,3.286705493927002
2015-10-29,3.509999990463257,3.3299999237060547,3.3299999237060547,3.430000066757202,498200.0,3.3157057762145996
2015-10-30,3.549999952316284,3.3299999237060547,3.430000066757202,3.5,842700.0,3.3833730220794678
2015-11-02,3.690000057220459,3.490000009536743,3.490000009536743,3.640000104904175,1210500.0,3.5187079906463623
2015-11-03,3.7799999713897705,3.6500000953674316,3.6600000858306885,3.759999990463257,960200.0,3.634709358215332
2015-11-04,3.8399999141693115,3.700000047683716,3.759999990463257,3.740000009536743,920900.0,3.6153759956359863
2015-11-05,3.799999952316284,3.6700000762939453,3.759999990463257,3.740000009536743,771400.0,3.6153759956359863
2015-11-06,3.75,3.549999952316284,3.6700000762939453,3.680000066757202,660300.0,3.557375192642212
2015-11-09,3.700000047683716,3.509999990463257,3.640000104904175,3.569999933242798,940200.0,3.451040267944336
2015-11-10,3.7899999618530273,3.549999952316284,3.559999942779541,3.7200000286102295,958500.0,3.5960421562194824
2015-11-11,3.819999933242798,3.6500000953674316,3.75,3.6700000762939453,1523300.0,3.547708511352539
2015-11-12,3.9100000858306885,3.559999942779541,3.609999895095825,3.759999990463257,1813700.0,3.634709358215332
2015-11-13,3.799999952316284,3.609999895095825,3.7799999713897705,3.640000104904175,604800.0,3.5187079906463623
2015-11-16,3.809999942779541,3.6600000858306885,3.680000066757202,3.799999952316284,916600.0,3.6733765602111816
2015-11-17,3.8299999237060547,3.6600000858306885,3.799999952316284,3.690000057220459,1415300.0,3.5670418739318848
2015-11-18,3.8399999141693115,3.6700000762939453,3.740000009536743,3.819999933242798,961800.0,3.6927101612091064
2015-11-19,3.890000104904175,3.740000009536743,3.7699999809265137,3.8399999141693115,1348600.0,3.712043523788452
2015-11-20,3.940000057220459,3.7699999809265137,3.8499999046325684,3.819999933242798,605500.0,3.6927101612091064
2015-11-23,3.9200000762939453,3.7899999618530273,3.7899999618530273,3.9000000953674316,848600.0,3.7700445652008057
2015-11-24,4.070000171661377,3.9000000953674316,3.9000000953674316,3.9800000190734863,998300.0,3.847378730773926
2015-11-25,3.890000104904175,3.759999990463257,3.8499999046325684,3.859999895095825,651900.0,3.731377363204956
2015-11-27,3.880000114440918,3.740000009536743,3.8299999237060547,3.7699999809265137,996800.0,3.644376039505005
2015-11-30,3.8399999141693115,3.6500000953674316,3.680000066757202,3.799999952316284,1502400.0,3.6733765602111816
2015-12-01,3.950000047683716,3.7300000190734863,3.7899999618530273,3.930000066757202,1286000.0,3.7990448474884033
2015-12-02,4.070000171661377,3.880000114440918,3.930000066757202,4.010000228881836,1469700.0,3.8763792514801025
2015-12-03,4.199999809265137,4.019999980926514,4.099999904632568,4.070000171661377,1023800.0,3.9343795776367188
2015-12-04,4.090000152587891,3.9200000762939453,4.070000171661377,3.990000009536743,1296000.0,3.8570454120635986
2015-12-07,3.9700000286102295,3.809999942779541,3.950000047683716,3.8399999141693115,1151000.0,3.712043523788452
2015-12-08,3.8299999237060547,3.5799999237060547,3.75,3.690000057220459,2708700.0,3.5670418739318848
2015-12-09,3.9200000762939453,3.7300000190734863,3.7799999713897705,3.759999990463257,1732900.0,3.634709358215332
2015-12-10,3.990000009536743,3.700000047683716,3.700000047683716,3.799999952316284,3027300.0,3.6733765602111816
2015-12-11,3.75,3.640000104904175,3.740000009536743,3.680000066757202,605900.0,3.557375192642212
2015-12-14,3.6700000762939453,3.4200000762939453,3.640000104904175,3.490000009536743,1163400.0,3.373706340789795
2015-12-15,3.6700000762939453,3.5299999713897705,3.559999942779541,3.5899999141693115,925600.0,3.47037410736084
2015-12-16,3.8299999237060547,3.5399999618530273,3.549999952316284,3.75,1010500.0,3.625042676925659
2015-12-17,3.7899999618530273,3.609999895095825,3.7899999618530273,3.619999885559082,407700.0,3.4993743896484375
2015-12-18,3.5799999237060547,3.4200000762939453,3.559999942779541,3.440000057220459,1845700.0,3.3253724575042725
2015-12-21,3.5399999618530273,3.2799999713897705,3.4700000286102295,3.3299999237060547,702700.0,3.2190380096435547
2015-12-22,3.509999990463257,3.309999942779541,3.359999895095825,3.4800000190734863,619500.0,3.364039421081543
2015-12-23,3.6500000953674316,3.490000009536743,3.5199999809265137,3.609999895095825,771400.0,3.4897074699401855
2015-12-24,3.7799999713897705,3.630000114440918,3.630000114440918,3.700000047683716,449700.0,3.5767087936401367
2015-12-28,3.700000047683716,3.5399999618530273,3.6700000762939453,3.609999895095825,336500.0,3.4897074699401855
2015-12-29,3.7200000286102295,3.5799999237060547,3.640000104904175,3.680000066757202,687500.0,3.557375192642212
2015-12-30,3.640000104904175,3.569999933242798,3.630000114440918,3.5999999046325684,672700.0,3.4800407886505127
2015-12-31,3.700000047683716,3.549999952316284,3.549999952316284,3.690000057220459,348500.0,3.5670418739318848
2016-01-04,3.680000066757202,3.4800000190734863,3.5899999141693115,3.509999990463257,711000.0,3.3930397033691406
2016-01-05,3.549999952316284,3.3399999141693115,3.549999952316284,3.359999895095825,949300.0,3.2480380535125732
2016-01-06,3.3299999237060547,3.2300000190734863,3.3299999237060547,3.259999990463257,1207200.0,3.1513705253601074
2016-01-07,3.0999999046325684,2.990000009536743,3.0899999141693115,3.0,2002000.0,2.900034189224243
2016-01-08,3.109999895095825,2.9000000953674316,3.049999952316284,2.950000047683716,994000.0,2.8517000675201416
2016-01-11,3.0,2.75,2.9800000190734863,2.75,1219400.0,2.6583645343780518
2016-01-12,2.880000114440918,2.7300000190734863,2.799999952316284,2.7699999809265137,1001700.0,2.6776983737945557
2016-01-13,2.940000057220459,2.819999933242798,2.819999933242798,2.9000000953674316,630000.0,2.803366184234619
2016-01-14,3.059999942779541,2.7899999618530273,2.880000114440918,2.990000009536743,1053700.0,2.890367269515991
2016-01-15,2.9200000762939453,2.740000009536743,2.869999885559082,2.7699999809265137,468400.0,2.6776983737945557
2016-01-19,2.799999952316284,2.5899999141693115,2.7899999618530273,2.5999999046325684,820000.0,2.5133628845214844
2016-01-20,2.7699999809265137,2.4700000286102295,2.5999999046325684,2.6700000762939453,1664800.0,2.5810303688049316
2016-01-21,2.759999990463257,2.619999885559082,2.6500000953674316,2.6600000858306885,510400.0,2.571363687515259
2016-01-22,3.0,2.740000009536743,2.75,3.0,1095300.0,2.900034189224243
2016-01-25,3.059999942779541,2.859999895095825,2.9800000190734863,2.869999885559082,491600.0,2.7743656635284424
2016-01-26,2.930000066757202,2.8299999237060547,2.880000114440918,2.869999885559082,476300.0,2.7743656635284424
2016-01-27,2.9600000381469727,2.8399999141693115,2.859999895095825,2.880000114440918,559000.0,2.7840328216552734
2016-01-28,3.0399999618530273,2.8499999046325684,2.950000047683716,3.0399999618530273,693600.0,2.9387011528015137
2016-01-29,3.259999990463257,3.059999942779541,3.059999942779541,3.240000009536743,1008300.0,3.1320366859436035
2016-02-01,3.259999990463257,2.8499999046325684,3.190000057220459,3.2200000286102295,1715300.0,3.112703323364258
2016-02-02,3.119999885559082,2.950000047683716,3.119999885559082,2.990000009536743,389600.0,2.890367269515991
2016-02-03,3.2100000381469727,2.930000066757202,3.049999952316284,3.0899999141693115,1012800.0,2.987035036087036
2016-02-04,3.2300000190734863,3.009999990463257,3.130000114440918,3.140000104904175,617600.0,3.0353691577911377
2016-02-05,3.1700000762939453,3.059999942779541,3.0999999046325684,3.140000104904175,796400.0,3.0353691577911377
2016-02-08,3.049999952316284,2.9000000953674316,3.049999952316284,2.9700000286102295,408800.0,2.8710339069366455
2016-02-09,2.8499999046325684,2.6700000762939453,2.8499999046325684,2.7699999809265137,454800.0,2.6776983737945557
2016-02-10,2.880000114440918,2.700000047683716,2.819999933242798,2.7899999618530273,556400.0,2.6970317363739014
2016-02-11,2.700000047683716,2.549999952316284,2.690000057220459,2.6600000858306885,656700.0,2.571363687515259
2016-02-12,3.009999990463257,2.6600000858306885,2.690000057220459,2.9700000286102295,668000.0,2.8710339069366455
2016-02-16,3.049999952316284,2.8499999046325684,2.990000009536743,3.0,632500.0,2.900034189224243
2016-02-17,3.1600000858306885,3.0199999809265137,3.0299999713897705,3.0999999046325684,780800.0,2.996701717376709
2016-02-18,3.1500000953674316,3.0199999809265137,3.119999885559082,3.130000114440918,321900.0,3.025702476501465
2016-02-19,3.200000047683716,3.0399999618530273,3.109999895095825,3.1600000858306885,310900.0,3.0547025203704834
2016-02-22,3.490000009536743,3.2200000286102295,3.2300000190734863,3.450000047683716,1015700.0,3.3350393772125244
2016-02-23,3.4800000190734863,3.390000104904175,3.430000066757202,3.430000066757202,967000.0,3.3157057762145996
2016-02-24,3.430000066757202,3.2899999618530273,3.3499999046325684,3.430000066757202,774700.0,3.3157057762145996
2016-02-25,3.490000009536743,3.369999885559082,3.4200000762939453,3.430000066757202,434800.0,3.3157057762145996
2016-02-26,3.5399999618530273,3.4200000762939453,3.4800000190734863,3.4700000286102295,644000.0,3.35437273979187
2016-02-29,3.5799999237060547,3.450000047683716,3.490000009536743,3.559999942779541,463200.0,3.441373586654663
2016-03-01,3.680000066757202,3.5,3.559999942779541,3.619999885559082,598700.0,3.4993743896484375
2016-03-02,3.7799999713897705,3.5999999046325684,3.609999895095825,3.7300000190734863,964400.0,3.6057090759277344
2016-03-03,3.8299999237060547,3.690000057220459,3.7699999809265137,3.75,1414700.0,3.625042676925659
2016-03-04,4.099999904632568,3.7799999713897705,3.7799999713897705,4.090000152587891,1506300.0,3.9537131786346436
2016-03-07,4.159999847412109,3.890000104904175,4.119999885559082,4.0,1284500.0,3.8667123317718506
2016-03-08,4.0,3.819999933242798,3.9600000381469727,3.9600000381469727,923300.0,3.828045129776001
2016-03-09,4.179999828338623,4.0,4.010000228881836,4.099999904632568,2144800.0,3.9633796215057373
2016-03-10,4.25,4.019999980926514,4.090000152587891,4.230000019073486,853900.0,4.089047908782959
2016-03-11,4.400000095367432,4.28000020980835,4.300000190734863,4.349999904632568,1009600.0,4.205049514770508
2016-03-14,4.309999942779541,4.119999885559082,4.300000190734863,4.260000228881836,889000.0,4.118048667907715
2016-03-15,4.199999809265137,3.940000057220459,4.199999809265137,4.0,999300.0,3.8667123317718506
2016-03-16,4.130000114440918,3.950000047683716,3.950000047683716,4.110000133514404,501600.0,3.9730470180511475
2016-03-17,4.409999847412109,4.199999809265137,4.199999809265137,4.369999885559082,934700.0,4.2243828773498535
2016-03-18,4.519999980926514,4.349999904632568,4.400000095367432,4.510000228881836,1582100.0,4.359718322753906
2016-03-21,4.650000095367432,4.480000019073486,4.480000019073486,4.550000190734863,989800.0,4.398385047912598
2016-03-22,4.599999904632568,4.519999980926514,4.550000190734863,4.590000152587891,1060900.0,4.437052249908447
2016-03-23,4.699999809265137,4.340000152587891,4.630000114440918,4.380000114440918,1075600.0,4.2340497970581055
2016-03-24,4.389999866485596,4.25,4.28000020980835,4.389999866485596,490900.0,4.243716239929199
2016-03-28,4.619999885559082,4.429999828338623,4.489999771118164,4.619999885559082,1005800.0,4.466052532196045
2016-03-29,4.800000190734863,4.539999961853027,4.539999961853027,4.78000020980835,926000.0,4.620721340179443
2016-03-30,5.099999904632568,4.840000152587891,4.869999885559082,4.860000133514404,1536900.0,4.698055744171143
2016-03-31,5.0,4.840000152587891,4.860000133514404,4.920000076293945,617900.0,4.75605583190918
2016-04-01,5.03000020980835,4.78000020980835,4.829999923706055,4.920000076293945,736300.0,4.75605583190918
2016-04-04,4.920000076293945,4.610000133514404,4.920000076293945,4.650000095367432,941700.0,4.495052814483643
2016-04-05,4.659999847412109,4.5,4.579999923706055,4.599999904632568,702500.0,4.446718692779541
2016-04-06,4.639999866485596,4.489999771118164,4.590000152587891,4.550000190734863,475300.0,4.398385047912598
2016-04-07,4.590000152587891,4.46999979019165,4.5,4.590000152587891,392000.0,4.437052249908447
2016-04-08,4.929999828338623,4.690000057220459,4.699999809265137,4.869999885559082,641500.0,4.707721710205078
2016-04-11,5.079999923706055,4.889999866485596,4.96999979019165,4.920000076293945,1040800.0,4.75605583190918
2016-04-12,5.150000095367432,4.889999866485596,4.920000076293945,5.119999885559082,1480200.0,4.949391841888428
2016-04-13,5.340000152587891,5.159999847412109,5.199999809265137,5.210000038146973,1382700.0,5.036392688751221
2016-04-14,5.239999771118164,5.059999942779541,5.210000038146973,5.159999847412109,612400.0,4.988058567047119
2016-04-15,5.420000076293945,5.130000114440918,5.130000114440918,5.349999904632568,1449000.0,5.171727657318115
2016-04-18,5.449999809265137,5.099999904632568,5.28000020980835,5.199999809265137,1565900.0,5.026725769042969
2016-04-19,5.480000019073486,5.300000190734863,5.300000190734863,5.340000152587891,1367100.0,5.162060737609863
2016-04-20,5.420000076293945,5.300000190734863,5.329999923706055,5.320000171661377,980400.0,5.142727375030518
2016-04-21,5.489999771118164,5.269999980926514,5.300000190734863,5.289999961853027,600700.0,5.113726615905762
2016-04-22,5.400000095367432,5.260000228881836,5.289999961853027,5.369999885559082,783300.0,5.191061019897461
2016-04-25,5.420000076293945,5.230000019073486,5.369999885559082,5.28000020980835,662300.0,5.104060649871826
2016-04-26,5.369999885559082,5.269999980926514,5.309999942779541,5.360000133514404,964300.0,5.181394577026367
2016-04-27,5.5,5.400000095367432,5.420000076293945,5.460000038146973,1451300.0,5.278062343597412
2016-04-28,5.519999980926514,5.400000095367432,5.449999809265137,5.409999847412109,1011800.0,5.2297282218933105
2016-04-29,5.53000020980835,5.289999961853027,5.440000057220459,5.380000114440918,1032600.0,5.200727939605713
2016-05-02,5.369999885559082,5.199999809265137,5.369999885559082,5.230000019073486,642300.0,5.055726528167725
2016-05-03,5.139999866485596,4.980000019073486,5.139999866485596,5.039999961853027,1256600.0,4.8720574378967285
2016-05-04,5.349999904632568,5.0,5.0,5.25,1176200.0,5.07505989074707
2016-05-05,5.489999771118164,5.110000133514404,5.329999923706055,5.139999866485596,613400.0,4.968725204467773
2016-05-06,5.25,5.050000190734863,5.099999904632568,5.150000095367432,1138700.0,4.978392124176025
2016-05-09,5.130000114440918,4.75,5.099999904632568,4.889999866485596,1050200.0,4.727055072784424
2016-05-10,5.190000057220459,5.0,5.019999980926514,5.150000095367432,1225600.0,4.978392124176025
2016-05-11,5.400000095367432,5.090000152587891,5.199999809265137,5.329999923706055,1310800.0,5.1523942947387695
2016-05-12,5.519999980926514,5.300000190734863,5.400000095367432,5.449999809265137,1659800.0,5.268394947052002
2016-05-13,5.619999885559082,5.329999923706055,5.429999828338623,5.539999961853027,1216900.0,5.355396747589111
2016-05-16,5.679999828338623,5.53000020980835,5.610000133514404,5.570000171661377,771300.0,5.384397029876709
2016-05-17,5.739999771118164,5.599999904632568,5.599999904632568,5.699999809265137,1066900.0,5.510064601898193
2016-05-18,5.71999979019165,5.480000019073486,5.619999885559082,5.5,878800.0,5.3167290687561035
2016-05-19,5.489999771118164,5.28000020980835,5.380000114440918,5.460000038146973,886800.0,5.278062343597412
2016-05-20,5.739999771118164,5.480000019073486,5.53000020980835,5.690000057220459,1875300.0,5.500397682189941
2016-05-23,5.75,5.550000190734863,5.590000152587891,5.619999885559082,2426900.0,5.520898818969727
2016-05-24,5.659999847412109,5.360000133514404,5.659999847412109,5.460000038146973,1659800.0,5.363720417022705
2016-05-25,5.550000190734863,5.440000057220459,5.519999980926514,5.460000038146973,833000.0,5.363720417022705
2016-05-26,5.539999961853027,5.380000114440918,5.5,5.449999809265137,661400.0,5.353896141052246
2016-05-27,5.510000228881836,5.300000190734863,5.420000076293945,5.460000038146973,1200900.0,5.363720417022705
2016-05-31,5.550000190734863,5.369999885559082,5.46999979019165,5.409999847412109,1290300.0,5.314601898193359
2016-06-01,5.550000190734863,5.28000020980835,5.389999866485596,5.480000019073486,2633400.0,5.383367538452148
2016-06-02,5.46999979019165,5.329999923706055,5.46999979019165,5.389999866485596,1317700.0,5.294954776763916
2016-06-03,5.840000152587891,5.489999771118164,5.5,5.820000171661377,2789200.0,5.717372417449951
2016-06-06,6.190000057220459,5.860000133514404,5.860000133514404,6.0,3122000.0,5.894198417663574
2016-06-07,6.289999961853027,5.929999828338623,6.0,6.21999979019165,1992400.0,6.110318660736084
2016-06-08,6.510000228881836,6.300000190734863,6.349999904632568,6.320000171661377,1473600.0,6.208555221557617
2016-06-09,6.320000171661377,5.989999771118164,6.28000020980835,6.070000171661377,2070200.0,5.962964057922363
2016-06-10,6.079999923706055,5.889999866485596,5.960000038146973,6.03000020980835,1034700.0,5.923669338226318
2016-06-13,5.900000095367432,5.78000020980835,5.869999885559082,5.789999961853027,747100.0,5.687901020050049
2016-06-14,5.860000133514404,5.639999866485596,5.739999771118164,5.690000057220459,820000.0,5.589664459228516
2016-06-15,5.960000038146973,5.690000057220459,5.739999771118164,5.900000095367432,1076500.0,5.795961380004883
2016-06-16,5.980000019073486,5.75,5.820000171661377,5.920000076293945,1280600.0,5.815608978271484
2016-06-17,6.190000057220459,5.980000019073486,6.0,6.190000057220459,2448400.0,6.08084774017334
2016-06-20,6.489999771118164,6.260000228881836,6.320000171661377,6.349999904632568,1618800.0,6.238026142120361
2016-06-21,6.420000076293945,6.090000152587891,6.409999847412109,6.230000019073486,1789000.0,6.120142459869385
2016-06-22,6.489999771118164,6.199999809265137,6.28000020980835,6.230000019073486,1010300.0,6.120142459869385
2016-06-23,6.460000038146973,6.039999961853027,6.360000133514404,6.449999809265137,1692100.0,6.336263179779053
2016-06-24,6.179999828338623,5.96999979019165,6.170000076293945,6.0,1254900.0,5.894198417663574
2016-06-27,6.0,5.71999979019165,5.980000019073486,5.789999961853027,929000.0,5.687901020050049
2016-06-28,6.260000228881836,5.889999866485596,5.900000095367432,6.190000057220459,897500.0,6.08084774017334
2016-06-29,6.559999942779541,6.269999980926514,6.28000020980835,6.5,1752600.0,6.385381698608398
2016-06-30,6.550000190734863,6.329999923706055,6.5,6.510000228881836,1060800.0,6.395205020904541
2016-07-01,6.789999961853027,6.5,6.550000190734863,6.760000228881836,969600.0,6.640797138214111
2016-07-05,6.710000038146973,6.360000133514404,6.699999809265137,6.460000038146973,783600.0,6.346086502075195
2016-07-06,6.360000133514404,6.099999904632568,6.360000133514404,6.230000019073486,1387400.0,6.120142459869385
2016-07-07,6.449999809265137,6.159999847412109,6.289999961853027,6.349999904632568,905900.0,6.238026142120361
2016-07-08,6.539999961853027,6.420000076293945,6.489999771118164,6.510000228881836,910200.0,6.395205020904541
2016-07-11,6.75,6.570000171661377,6.599999904632568,6.599999904632568,650400.0,6.483617782592773
2016-07-12,6.840000152587891,6.690000057220459,6.78000020980835,6.690000057220459,894600.0,6.572031021118164
2016-07-13,6.789999961853027,6.460000038146973,6.730000019073486,6.539999961853027,753300.0,6.424675941467285
2016-07-14,6.760000228881836,6.559999942779541,6.75,6.670000076293945,724200.0,6.5523834228515625
2016-07-15,6.710000038146973,6.579999923706055,6.650000095367432,6.659999847412109,608200.0,6.54256010055542
2016-07-18,6.78000020980835,6.539999961853027,6.650000095367432,6.760000228881836,363700.0,6.640797138214111
2016-07-19,6.75,6.590000152587891,6.639999866485596,6.650000095367432,657700.0,6.532736301422119
2016-07-20,6.699999809265137,6.519999980926514,6.639999866485596,6.679999828338623,1707500.0,6.562207221984863
2016-07-21,6.78000020980835,6.650000095367432,6.690000057220459,6.71999979019165,620600.0,6.60150146484375
2016-07-22,6.739999771118164,6.519999980926514,6.730000019073486,6.559999942779541,522600.0,6.4443230628967285
2016-07-25,6.550000190734863,6.369999885559082,6.550000190734863,6.420000076293945,781900.0,6.306792259216309
2016-07-26,6.579999923706055,6.329999923706055,6.400000095367432,6.510000228881836,360000.0,6.395205020904541
2016-07-27,6.579999923706055,6.389999866485596,6.579999923706055,6.46999979019165,607500.0,6.355910301208496
2016-07-28,6.46999979019165,6.349999904632568,6.440000057220459,6.440000057220459,521200.0,6.326439380645752
2016-07-29,6.699999809265137,6.329999923706055,6.449999809265137,6.679999828338623,1334200.0,6.562207221984863
2016-08-01,6.639999866485596,6.369999885559082,6.630000114440918,6.389999866485596,777800.0,6.277320861816406
2016-08-02,6.590000152587891,6.199999809265137,6.389999866485596,6.21999979019165,1016000.0,6.110318660736084
2016-08-03,6.440000057220459,6.150000095367432,6.21999979019165,6.429999828338623,736000.0,6.316615581512451
2016-08-04,6.570000171661377,6.380000114440918,6.440000057220459,6.46999979019165,999900.0,6.355910301208496
2016-08-05,6.650000095367432,6.489999771118164,6.519999980926514,6.519999980926514,913900.0,6.405028820037842
2016-08-08,6.659999847412109,6.489999771118164,6.519999980926514,6.53000020980835,734400.0,6.414852142333984
2016-08-09,6.619999885559082,6.53000020980835,6.559999942779541,6.590000152587891,463900.0,6.473794460296631
2016-08-10,6.670000076293945,6.440000057220459,6.639999866485596,6.510000228881836,600000.0,6.395205020904541
2016-08-11,6.650000095367432,6.400000095367432,6.440000057220459,6.579999923706055,903500.0,6.46397066116333
2016-08-12,6.650000095367432,6.400000095367432,6.610000133514404,6.440000057220459,1030200.0,6.326439380645752
2016-08-15,6.599999904632568,6.46999979019165,6.5,6.519999980926514,1179500.0,6.405028820037842
2016-08-16,6.570000171661377,6.449999809265137,6.550000190734863,6.480000019073486,481600.0,6.365733623504639
2016-08-17,6.539999961853027,6.380000114440918,6.480000019073486,6.489999771118164,1049100.0,6.3755574226379395
2016-08-18,6.889999866485596,6.53000020980835,6.570000171661377,6.739999771118164,1490100.0,6.621149063110352
2016-08-19,6.949999809265137,6.699999809265137,6.75,6.920000076293945,1145800.0,6.797975540161133
2016-08-22,6.920000076293945,6.75,6.880000114440918,6.880000114440918,611300.0,6.75868034362793
2016-08-23,7.03000020980835,6.769999980926514,6.940000057220459,6.849999904632568,1020400.0,6.7292094230651855
2016-08-24,6.980000019073486,6.75,6.829999923706055,6.869999885559082,688700.0,6.748857021331787
2016-08-25,6.960000038146973,6.869999885559082,6.900000095367432,6.960000038146973,634400.0,6.8372697830200195
2016-08-26,7.150000095367432,6.909999847412109,6.980000019073486,6.949999809265137,1128400.0,6.827445983886719
2016-08-29,7.110000133514404,6.909999847412109,6.909999847412109,7.090000152587891,965100.0,6.964977264404297
2016-08-30,7.179999828338623,7.0,7.079999923706055,7.179999828338623,1245700.0,7.0533905029296875
2016-08-31,7.230000019073486,6.920000076293945,7.179999828338623,7.039999961853027,1029500.0,6.915859222412109
2016-09-01,7.199999809265137,7.059999942779541,7.139999866485596,7.170000076293945,815100.0,7.043566703796387
2016-09-02,7.400000095367432,7.21999979019165,7.25,7.28000020980835,1335200.0,7.151627063751221
2016-09-06,7.389999866485596,7.179999828338623,7.360000133514404,7.300000190734863,1221100.0,7.171274185180664
2016-09-07,7.460000038146973,7.260000228881836,7.349999904632568,7.380000114440918,826100.0,7.249863624572754
2016-09-08,7.5,7.320000171661377,7.420000076293945,7.460000038146973,1326600.0,7.328453063964844
2016-09-09,7.360000133514404,6.989999771118164,7.340000152587891,7.059999942779541,1422200.0,6.935506343841553
2016-09-12,7.059999942779541,6.829999923706055,7.03000020980835,7.0,1096300.0,6.8765645027160645
2016-09-13,7.059999942779541,6.760000228881836,6.900000095367432,6.769999980926514,1507300.0,6.650619983673096
2016-09-14,6.889999866485596,6.610000133514404,6.75,6.710000038146973,971200.0,6.591678619384766
2016-09-15,6.940000057220459,6.71999979019165,6.78000020980835,6.809999942779541,855800.0,6.689914703369141
2016-09-16,6.75,6.630000114440918,6.730000019073486,6.690000057220459,1114500.0,6.572031021118164
2016-09-19,6.800000190734863,6.670000076293945,6.71999979019165,6.739999771118164,1698600.0,6.621149063110352
2016-09-20,6.869999885559082,6.670000076293945,6.78000020980835,6.679999828338623,4260100.0,6.562207221984863
2016-09-21,6.789999961853027,6.699999809265137,6.75,6.75,4656900.0,6.630972862243652
2016-09-22,6.940000057220459,6.800000190734863,6.880000114440918,6.929999828338623,4169600.0,6.807798385620117
2016-09-23,7.019999980926514,6.800000190734863,6.889999866485596,6.889999866485596,4753400.0,6.7685041427612305
2016-09-26,6.940000057220459,6.840000152587891,6.889999866485596,6.900000095367432,2405100.0,6.7783284187316895
2016-09-27,6.989999771118164,6.860000133514404,6.880000114440918,6.889999866485596,1773000.0,6.7685041427612305
2016-09-28,7.199999809265137,6.820000171661377,6.940000057220459,7.170000076293945,3868500.0,7.043566703796387
2016-09-29,7.21999979019165,6.949999809265137,7.199999809265137,7.059999942779541,2123700.0,6.935506343841553
2016-09-30,7.210000038146973,7.050000190734863,7.139999866485596,7.150000095367432,1777700.0,7.023919582366943
2016-10-03,7.46999979019165,7.079999923706055,7.150000095367432,7.440000057220459,2076700.0,7.308805465698242
2016-10-04,7.46999979019165,7.269999980926514,7.440000057220459,7.309999942779541,3480100.0,7.181097984313965
2016-10-05,7.630000114440918,7.340000152587891,7.369999885559082,7.539999961853027,4763900.0,7.407042026519775
2016-10-06,7.960000038146973,7.539999961853027,7.570000171661377,7.849999904632568,4734900.0,7.711575984954834
2016-10-07,8.09000015258789,7.809999942779541,7.949999809265137,8.0,3945400.0,7.858931064605713
2016-10-10,8.15999984741211,7.889999866485596,8.039999961853027,7.960000038146973,2264000.0,7.819636344909668
2016-10-11,8.020000457763672,7.880000114440918,7.940000057220459,7.929999828338623,1860400.0,7.790165424346924
2016-10-12,8.149999618530273,7.860000133514404,7.920000076293945,8.0600004196167,2435000.0,7.917873382568359
2016-10-13,8.300000190734863,7.909999847412109,8.0,8.279999732971191,2443400.0,8.133993148803711
2016-10-14,8.40999984741211,8.260000228881836,8.329999923706055,8.380000114440918,2353700.0,8.232230186462402
2016-10-17,8.65999984741211,8.380000114440918,8.380000114440918,8.489999771118164,3387900.0,8.340290069580078
2016-10-18,8.649999618530273,8.539999961853027,8.619999885559082,8.630000114440918,2246900.0,8.477822303771973
2016-10-19,8.84000015258789,8.65999984741211,8.680000305175781,8.760000228881836,3165100.0,8.60552978515625
2016-10-20,8.960000038146973,8.720000267028809,8.720000267028809,8.949999809265137,2524700.0,8.792179107666016
2016-10-21,9.369999885559082,8.84000015258789,8.930000305175781,9.289999961853027,3347900.0,9.12618350982666
2016-10-24,9.5,9.119999885559082,9.369999885559082,9.279999732971191,2346000.0,9.11635971069336
2016-10-25,9.300000190734863,9.050000190734863,9.239999771118164,9.109999656677246,2699400.0,8.949357986450195
2016-10-26,9.1899995803833,8.869999885559082,8.989999771118164,9.050000190734863,2419700.0,8.890416145324707
2016-10-27,9.270000457763672,9.029999732971191,9.180000305175781,9.039999961853027,1302800.0,8.88059139251709
2016-10-28,9.130000114440918,8.819999694824219,9.0,8.920000076293945,2324800.0,8.76270866394043
2016-10-31,8.989999771118164,8.779999732971191,8.960000038146973,8.899999618530273,3201700.0,8.743060111999512
2016-11-01,8.949999809265137,8.569999694824219,8.90999984741211,8.640000343322754,2595300.0,8.487646102905273
2016-11-02,8.539999961853027,8.3100004196167,8.5,8.489999771118164,2316600.0,8.340290069580078
2016-11-03,8.65999984741211,8.350000381469727,8.489999771118164,8.380000114440918,1539400.0,8.232230186462402
2016-11-04,8.529999732971191,8.210000038146973,8.359999656677246,8.34000015258789,1527900.0,8.192935943603516
2016-11-07,8.640000343322754,8.470000267028809,8.539999961853027,8.5,2953700.0,8.350114822387695
2016-11-08,8.710000038146973,8.470000267028809,8.5,8.550000190734863,4414200.0,8.399232864379883
2016-11-09,8.550000190734863,7.880000114440918,8.109999656677246,8.300000190734863,2627300.0,8.153640747070312
2016-11-10,8.1899995803833,7.150000095367432,8.0600004196167,7.159999847412109,5025300.0,7.033742904663086
2016-11-11,7.210000038146973,6.909999847412109,7.179999828338623,7.139999866485596,4895500.0,7.014095306396484
2016-11-14,7.139999866485596,6.840000152587891,6.96999979019165,7.139999866485596,5192600.0,7.014095306396484
2016-11-15,7.309999942779541,7.090000152587891,7.230000019073486,7.159999847412109,2131300.0,7.033742904663086
2016-11-16,7.159999847412109,6.980000019073486,6.989999771118164,7.079999923706055,2394100.0,6.955153942108154
2016-11-17,7.079999923706055,6.940000057220459,7.019999980926514,6.980000019073486,2483500.0,6.856917381286621
2016-11-18,7.179999828338623,6.949999809265137,7.010000228881836,7.050000190734863,1793700.0,6.92568302154541
2016-11-21,7.289999961853027,7.050000190734863,7.190000057220459,7.090000152587891,1848200.0,6.964977264404297
2016-11-22,7.559999942779541,7.179999828338623,7.25,7.21999979019165,3536800.0,7.092684745788574
2016-11-23,7.21999979019165,7.039999961853027,7.079999923706055,7.199999809265137,1806200.0,7.073037624359131
2016-11-25,7.230000019073486,7.110000133514404,7.179999828338623,7.150000095367432,927800.0,7.023919582366943
2016-11-28,7.329999923706055,7.099999904632568,7.210000038146973,7.199999809265137,1386100.0,7.073037624359131
2016-11-29,7.159999847412109,6.949999809265137,7.159999847412109,7.010000228881836,1963300.0,6.886388301849365
2016-11-30,7.360000133514404,7.170000076293945,7.21999979019165,7.190000057220459,1963100.0,7.063214302062988
2016-12-01,7.25,6.869999885559082,7.150000095367432,6.920000076293945,3297100.0,6.797975540161133
2016-12-02,7.139999866485596,6.920000076293945,6.920000076293945,7.110000133514404,2882500.0,6.984625339508057
2016-12-05,7.480000019073486,7.150000095367432,7.170000076293945,7.300000190734863,4494400.0,7.171274185180664
2016-12-06,7.539999961853027,7.269999980926514,7.289999961853027,7.510000228881836,1265400.0,7.3775715827941895
2016-12-07,7.760000228881836,7.579999923706055,7.579999923706055,7.670000076293945,1532200.0,7.534749984741211
2016-12-08,7.760000228881836,7.5,7.699999809265137,7.739999771118164,1819600.0,7.603515625
2016-12-09,7.940000057220459,7.699999809265137,7.71999979019165,7.800000190734863,2155900.0,7.6624579429626465
2016-12-12,8.029999732971191,7.650000095367432,7.980000019073486,7.710000038146973,2380300.0,7.574044704437256
2016-12-13,7.989999771118164,7.690000057220459,7.699999809265137,7.829999923706055,3122800.0,7.691928386688232
2016-12-14,7.920000076293945,7.570000171661377,7.78000020980835,7.590000152587891,1589800.0,7.456160545349121
2016-12-15,7.739999771118164,7.510000228881836,7.510000228881836,7.690000057220459,1201400.0,7.5543975830078125
2016-12-16,7.820000171661377,7.579999923706055,7.710000038146973,7.809999942779541,2359300.0,7.672281265258789
2016-12-19,7.840000152587891,7.710000038146973,7.820000171661377,7.75,1415000.0,7.613338947296143
2016-12-20,7.769999980926514,7.420000076293945,7.730000019073486,7.510000228881836,1205100.0,7.3775715827941895
2016-12-21,7.630000114440918,7.28000020980835,7.630000114440918,7.460000038146973,1067800.0,7.328453063964844
2016-12-22,7.539999961853027,7.329999923706055,7.440000057220459,7.539999961853027,1840900.0,7.407042026519775
2016-12-23,7.599999904632568,7.480000019073486,7.599999904632568,7.559999942779541,698700.0,7.426689624786377
2016-12-27,7.619999885559082,7.510000228881836,7.539999961853027,7.53000020980835,503300.0,7.397219181060791
2016-12-28,7.730000019073486,7.519999980926514,7.519999980926514,7.639999866485596,880600.0,7.505279064178467
2016-12-29,7.730000019073486,7.550000190734863,7.639999866485596,7.619999885559082,658900.0,7.485631465911865
2016-12-30,7.659999847412109,7.480000019073486,7.630000114440918,7.510000228881836,529900.0,7.3775715827941895
2017-01-03,8.039999961853027,7.650000095367432,7.650000095367432,7.860000133514404,1222400.0,7.721399784088135
2017-01-04,8.029999732971191,7.730000019073486,7.940000057220459,7.940000057220459,1219100.0,7.799988746643066
2017-01-05,8.15999984741211,7.860000133514404,8.140000343322754,7.929999828338623,802000.0,7.790165424346924
2017-01-06,7.949999809265137,7.730000019073486,7.920000076293945,7.730000019073486,632800.0,7.593691825866699
2017-01-09,7.829999923706055,7.679999828338623,7.829999923706055,7.75,411200.0,7.613338947296143
2017-01-10,7.889999866485596,7.690000057220459,7.809999942779541,7.789999961853027,749000.0,7.652634143829346
2017-01-11,7.840000152587891,7.670000076293945,7.78000020980835,7.829999923706055,855800.0,7.691928386688232
2017-01-12,7.949999809265137,7.739999771118164,7.929999828338623,7.739999771118164,1142700.0,7.603515625
2017-01-13,8.039999961853027,7.730000019073486,7.760000228881836,8.0,1598400.0,7.858931064605713
2017-01-17,8.199999809265137,7.949999809265137,8.020000457763672,8.130000114440918,1113700.0,7.98663854598999
2017-01-18,8.270000457763672,8.069999694824219,8.09000015258789,8.229999542236328,1150000.0,8.084874153137207
2017-01-19,8.4399995803833,8.260000228881836,8.279999732971191,8.3100004196167,1198700.0,8.16346549987793
2017-01-20,8.5,8.34000015258789,8.380000114440918,8.460000038146973,1035900.0,8.310818672180176
2017-01-23,8.729999542236328,8.430000305175781,8.489999771118164,8.5600004196167,3141500.0,8.409055709838867
2017-01-24,8.779999732971191,8.600000381469727,8.609999656677246,8.649999618530273,3086100.0,8.497467994689941
2017-01-25,8.779999732971191,8.600000381469727,8.699999809265137,8.680000305175781,1258700.0,8.52694034576416
2017-01-26,8.699999809265137,8.4399995803833,8.670000076293945,8.449999809265137,1554300.0,8.300995826721191
2017-01-27,8.520000457763672,8.270000457763672,8.4399995803833,8.289999961853027,1163000.0,8.143816947937012
2017-01-30,8.319999694824219,8.020000457763672,8.279999732971191,8.069999694824219,1509700.0,7.927696228027344
2017-01-31,8.319999694824219,8.039999961853027,8.050000190734863,8.180000305175781,1360500.0,8.035757064819336
2017-02-01,8.260000228881836,8.140000343322754,8.239999771118164,8.229999542236328,901900.0,8.084874153137207
2017-02-02,8.539999961853027,8.210000038146973,8.279999732971191,8.5,4486100.0,8.350114822387695
2017-02-03,8.869999885559082,8.529999732971191,8.5600004196167,8.770000457763672,1994800.0,8.61535358428955
2017-02-06,8.859999656677246,8.619999885559082,8.850000381469727,8.649999618530273,958800.0,8.497467994689941
2017-02-07,8.739999771118164,8.479999542236328,8.710000038146973,8.479999542236328,953500.0,8.330466270446777
2017-02-08,8.600000381469727,8.369999885559082,8.470000267028809,8.539999961853027,787300.0,8.389409065246582
2017-02-09,8.699999809265137,8.539999961853027,8.539999961853027,8.680000305175781,679000.0,8.52694034576416
2017-02-10,8.8100004196167,8.649999618530273,8.710000038146973,8.760000228881836,870300.0,8.60552978515625
2017-02-13,8.970000267028809,8.770000457763672,8.800000190734863,8.960000038146973,1067900.0,8.802002906799316
2017-02-14,9.010000228881836,8.770000457763672,8.979999542236328,8.90999984741211,1050000.0,8.752883911132812
2017-02-15,9.170000076293945,8.84000015258789,8.930000305175781,9.039999961853027,1293000.0,8.88059139251709
2017-02-16,9.180000305175781,9.0,9.050000190734863,9.09000015258789,1334300.0,8.929710388183594
2017-02-17,9.09000015258789,8.970000267028809,9.0600004196167,9.029999732971191,994600.0,8.870767593383789
2017-02-21,9.34000015258789,9.050000190734863,9.079999923706055,9.329999923706055,1442300.0,9.165477752685547
2017-02-22,9.399999618530273,9.170000076293945,9.260000228881836,9.289999961853027,1284200.0,9.12618350982666
2017-02-23,9.449999809265137,9.210000038146973,9.359999656677246,9.260000228881836,1547100.0,9.096712112426758
2017-02-24,9.050000190734863,8.479999542236328,9.050000190734863,8.6899995803833,3508200.0,8.536763191223145
2017-02-27,8.680000305175781,8.479999542236328,8.640000343322754,8.479999542236328,1955600.0,8.330466270446777
2017-02-28,8.640000343322754,8.319999694824219,8.529999732971191,8.34000015258789,1016300.0,8.192935943603516
2017-03-01,8.600000381469727,8.390000343322754,8.390000343322754,8.489999771118164,1381400.0,8.340290069580078
2017-03-02,8.5600004196167,8.40999984741211,8.420000076293945,8.430000305175781,2228600.0,8.28134822845459
2017-03-03,8.510000228881836,8.319999694824219,8.479999542236328,8.470000267028809,1767500.0,8.320643424987793
2017-03-06,8.399999618530273,8.220000267028809,8.390000343322754,8.279999732971191,1308500.0,8.133993148803711
2017-03-07,8.359999656677246,8.09000015258789,8.279999732971191,8.199999809265137,1741400.0,8.055403709411621
2017-03-08,8.210000038146973,7.909999847412109,8.109999656677246,7.940000057220459,1522900.0,7.799988746643066
2017-03-09,8.119999885559082,7.860000133514404,7.900000095367432,7.940000057220459,1072000.0,7.799988746643066
2017-03-10,8.079999923706055,7.889999866485596,8.069999694824219,7.949999809265137,712200.0,7.809812545776367
2017-03-13,8.1899995803833,7.980000019073486,8.0,8.15999984741211,630600.0,8.016109466552734
2017-03-14,8.15999984741211,7.829999923706055,8.109999656677246,7.829999923706055,1749000.0,7.691928386688232
2017-03-15,8.09000015258789,7.730000019073486,7.900000095367432,8.079999923706055,1562600.0,7.937519550323486
2017-03-16,8.420000076293945,8.119999885559082,8.119999885559082,8.300000190734863,1366800.0,8.153640747070312
2017-03-17,8.479999542236328,8.25,8.359999656677246,8.420000076293945,2599000.0,8.271524429321289
2017-03-20,8.520000457763672,8.369999885559082,8.420000076293945,8.430000305175781,834700.0,8.28134822845459
2017-03-21,8.4399995803833,7.96999979019165,8.420000076293945,8.0600004196167,1229500.0,7.917873382568359
2017-03-22,8.199999809265137,8.0,8.079999923706055,8.199999809265137,962300.0,8.055403709411621
2017-03-23,8.220000267028809,7.929999828338623,8.069999694824219,8.140000343322754,867700.0,7.996462345123291
2017-03-24,8.289999961853027,8.15999984741211,8.180000305175781,8.239999771118164,571900.0,8.094697952270508
2017-03-27,8.3100004196167,8.010000228881836,8.130000114440918,8.289999961853027,1060500.0,8.143816947937012
2017-03-28,8.789999961853027,8.329999923706055,8.329999923706055,8.760000228881836,1748500.0,8.60552978515625
2017-03-29,8.829999923706055,8.680000305175781,8.760000228881836,8.739999771118164,2044800.0,8.585882186889648
2017-03-30,8.739999771118164,8.460000038146973,8.739999771118164,8.489999771118164,1651000.0,8.340290069580078
2017-03-31,8.630000114440918,8.399999618530273,8.510000228881836,8.539999961853027,1507500.0,8.389409065246582
2017-04-03,8.84000015258789,8.550000190734863,8.579999923706055,8.779999732971191,1484300.0,8.625176429748535
2017-04-04,9.100000381469727,8.630000114440918,8.739999771118164,9.029999732971191,2791100.0,8.870767593383789
2017-04-05,9.289999961853027,8.890000343322754,9.079999923706055,8.890000343322754,1716100.0,8.733237266540527
2017-04-06,8.989999771118164,8.710000038146973,8.890000343322754,8.739999771118164,1031000.0,8.585882186889648
2017-04-07,8.890000343322754,8.579999923706055,8.75,8.600000381469727,585100.0,8.44835090637207
2017-04-10,8.8100004196167,8.520000457763672,8.59000015258789,8.8100004196167,795200.0,8.654647827148438
2017-04-11,8.869999885559082,8.65999984741211,8.729999542236328,8.699999809265137,1222200.0,8.546586990356445
2017-04-12,8.649999618530273,8.399999618530273,8.649999618530273,8.40999984741211,1008400.0,8.261701583862305
2017-04-13,8.489999771118164,8.149999618530273,8.399999618530273,8.170000076293945,967800.0,8.025933265686035
2017-04-17,8.270000457763672,8.15999984741211,8.229999542236328,8.25,772800.0,8.104522705078125
2017-04-18,8.279999732971191,8.079999923706055,8.220000267028809,8.09000015258789,841800.0,7.9473443031311035
2017-04-19,8.149999618530273,7.949999809265137,8.119999885559082,8.0,817400.0,7.858931064605713
2017-04-20,8.050000190734863,7.860000133514404,8.029999732971191,7.980000019073486,1821700.0,7.839283466339111
2017-04-21,8.039999961853027,7.849999904632568,7.960000038146973,7.860000133514404,1113400.0,7.721399784088135
2017-04-24,8.079999923706055,7.949999809265137,8.0,7.96999979019165,1081300.0,7.8294596672058105
2017-04-25,8.020000457763672,7.909999847412109,7.96999979019165,7.980000019073486,1125900.0,7.839283466339111
2017-04-26,8.069999694824219,7.730000019073486,7.949999809265137,7.739999771118164,1158800.0,7.603515625
2017-04-27,7.739999771118164,7.519999980926514,7.730000019073486,7.539999961853027,1413800.0,7.407042026519775
2017-04-28,7.75,7.429999828338623,7.519999980926514,7.690000057220459,1392100.0,7.5543975830078125
2017-05-01,7.78000020980835,7.659999847412109,7.710000038146973,7.739999771118164,1070600.0,7.603515625
2017-05-02,7.889999866485596,7.75,7.75,7.849999904632568,1389100.0,7.711575984954834
2017-05-03,7.909999847412109,7.610000133514404,7.880000114440918,7.860000133514404,1782300.0,7.721399784088135
2017-05-04,7.800000190734863,7.480000019073486,7.800000190734863,7.539999961853027,1581200.0,7.407042026519775
2017-05-05,7.75,7.519999980926514,7.559999942779541,7.739999771118164,833100.0,7.603515625
2017-05-08,7.800000190734863,7.539999961853027,7.760000228881836,7.699999809265137,1007700.0,7.564220428466797
2017-05-09,7.809999942779541,7.650000095367432,7.75,7.789999961853027,1097100.0,7.652634143829346
2017-05-10,8.09000015258789,7.849999904632568,7.869999885559082,7.980000019073486,1236800.0,7.839283466339111
2017-05-11,8.100000381469727,7.760000228881836,7.880000114440918,8.050000190734863,1605300.0,7.9080491065979
2017-05-12,8.199999809265137,8.039999961853027,8.140000343322754,8.149999618530273,1013500.0,8.006285667419434
2017-05-15,8.319999694824219,8.1899995803833,8.25,8.279999732971191,865800.0,8.133993148803711
2017-05-16,8.460000038146973,8.180000305175781,8.260000228881836,8.4399995803833,1236600.0,8.36752986907959
2017-05-17,8.399999618530273,8.069999694824219,8.369999885559082,8.079999923706055,1585300.0,8.010622024536133
2017-05-18,7.239999771118164,6.690000057220459,7.119999885559082,6.760000228881836,3304600.0,6.701956272125244
2017-05-19,7.480000019073486,6.920000076293945,6.949999809265137,7.380000114440918,1315300.0,7.316632270812988
2017-05-22,7.269999980926514,7.0,7.199999809265137,7.119999885559082,1046000.0,7.058864593505859
2017-05-23,7.230000019073486,7.099999904632568,7.150000095367432,7.179999828338623,1270800.0,7.118349552154541
2017-05-24,7.309999942779541,7.119999885559082,7.260000228881836,7.25,1337300.0,7.187748432159424
2017-05-25,7.429999828338623,7.079999923706055,7.260000228881836,7.099999904632568,863800.0,7.039036273956299
2017-05-26,7.400000095367432,7.090000152587891,7.139999866485596,7.28000020980835,901900.0,7.217491149902344
2017-05-30,7.329999923706055,7.119999885559082,7.289999961853027,7.139999866485596,1382000.0,7.07869291305542
2017-05-31,7.150000095367432,6.96999979019165,7.150000095367432,7.079999923706055,1084100.0,7.019207954406738
2017-06-01,7.5,7.110000133514404,7.139999866485596,7.119999885559082,1113300.0,7.058864593505859
2017-06-02,7.150000095367432,6.940000057220459,7.130000114440918,6.980000019073486,1620000.0,6.920066833496094
2017-06-05,6.989999771118164,6.590000152587891,6.920000076293945,6.730000019073486,2526400.0,6.672213554382324
2017-06-06,6.789999961853027,6.610000133514404,6.699999809265137,6.630000114440918,1367800.0,6.57307243347168
2017-06-07,6.730000019073486,6.46999979019165,6.659999847412109,6.510000228881836,2316200.0,6.454102516174316
2017-06-08,6.539999961853027,6.289999961853027,6.429999828338623,6.519999980926514,1410000.0,6.464016437530518
2017-06-09,6.579999923706055,6.369999885559082,6.53000020980835,6.389999866485596,843400.0,6.335132598876953
2017-06-12,6.420000076293945,6.239999771118164,6.360000133514404,6.289999961853027,1562800.0,6.235991477966309
2017-06-13,6.289999961853027,6.070000171661377,6.289999961853027,6.150000095367432,2758100.0,6.097193717956543
2017-06-14,6.309999942779541,6.070000171661377,6.179999828338623,6.099999904632568,1571400.0,6.0476226806640625
2017-06-15,6.130000114440918,5.960000038146973,6.03000020980835,6.130000114440918,2730200.0,6.077365398406982
2017-06-16,6.159999847412109,6.050000190734863,6.119999885559082,6.159999847412109,1176500.0,6.107107639312744
2017-06-19,6.25,6.119999885559082,6.119999885559082,6.179999828338623,875500.0,6.126935958862305
2017-06-20,6.170000076293945,5.880000114440918,6.139999866485596,5.889999866485596,1365300.0,5.839426040649414
2017-06-21,5.989999771118164,5.679999828338623,5.920000076293945,5.690000057220459,1315300.0,5.641143321990967
2017-06-22,5.900000095367432,5.630000114440918,5.690000057220459,5.860000133514404,1375000.0,5.809683799743652
2017-06-23,6.03000020980835,5.840000152587891,5.860000133514404,6.019999980926514,1906900.0,5.9683098793029785
2017-06-26,6.340000152587891,6.090000152587891,6.099999904632568,6.269999980926514,1512800.0,6.216163158416748
2017-06-27,6.320000171661377,6.150000095367432,6.239999771118164,6.300000190734863,1662000.0,6.245905876159668
2017-06-28,6.409999847412109,6.28000020980835,6.360000133514404,6.320000171661377,1240000.0,6.2657341957092285
2017-06-29,6.400000095367432,6.239999771118164,6.340000152587891,6.300000190734863,1222600.0,6.245905876159668
2017-06-30,6.440000057220459,6.28000020980835,6.300000190734863,6.409999847412109,965900.0,6.354960918426514
2017-07-03,6.539999961853027,6.380000114440918,6.440000057220459,6.389999866485596,530300.0,6.335132598876953
2017-07-05,6.449999809265137,6.260000228881836,6.400000095367432,6.420000076293945,1105300.0,6.364875316619873
2017-07-06,6.449999809265137,6.300000190734863,6.409999847412109,6.420000076293945,878500.0,6.364875316619873
2017-07-07,6.449999809265137,6.309999942779541,6.449999809265137,6.320000171661377,845900.0,6.2657341957092285
2017-07-10,6.5,6.329999923706055,6.340000152587891,6.400000095367432,1193100.0,6.3450469970703125
2017-07-11,6.46999979019165,6.340000152587891,6.429999828338623,6.409999847412109,2412900.0,6.354960918426514
2017-07-12,6.900000095367432,6.53000020980835,6.53000020980835,6.760000228881836,1880900.0,6.701956272125244
2017-07-13,6.96999979019165,6.789999961853027,6.789999961853027,6.949999809265137,1108900.0,6.890324115753174
2017-07-14,7.039999961853027,6.900000095367432,7.0,6.909999847412109,727400.0,6.850667953491211
2017-07-17,6.96999979019165,6.860000133514404,6.940000057220459,6.869999885559082,1499200.0,6.81101131439209
2017-07-18,7.099999904632568,6.800000190734863,6.909999847412109,7.070000171661377,1305500.0,7.009294509887695
2017-07-19,7.190000057220459,7.0,7.119999885559082,7.150000095367432,1665500.0,7.088607311248779
2017-07-20,7.260000228881836,7.099999904632568,7.179999828338623,7.170000076293945,899800.0,7.10843563079834
2017-07-21,7.199999809265137,7.059999942779541,7.190000057220459,7.090000152587891,783300.0,7.029122352600098
2017-07-24,7.210000038146973,7.070000171661377,7.139999866485596,7.079999923706055,665500.0,7.019207954406738
2017-07-25,7.269999980926514,7.130000114440918,7.130000114440918,7.230000019073486,1097300.0,7.167920112609863
2017-07-26,7.300000190734863,7.190000057220459,7.25,7.269999980926514,1377800.0,7.207576751708984
2017-07-27,7.340000152587891,7.21999979019165,7.289999961853027,7.260000228881836,2364500.0,7.197662830352783
2017-07-28,7.300000190734863,7.159999847412109,7.230000019073486,7.230000019073486,580100.0,7.167920112609863
2017-07-31,7.360000133514404,7.110000133514404,7.230000019073486,7.320000171661377,823600.0,7.257147789001465
2017-08-01,7.349999904632568,7.21999979019165,7.309999942779541,7.329999923706055,859300.0,7.267061710357666
2017-08-02,7.380000114440918,7.230000019073486,7.340000152587891,7.349999904632568,661300.0,7.286890029907227
2017-08-03,7.400000095367432,7.190000057220459,7.320000171661377,7.21999979019165,693100.0,7.158005714416504
2017-08-04,7.360000133514404,7.230000019073486,7.239999771118164,7.320000171661377,707400.0,7.257147789001465
2017-08-07,7.539999961853027,7.28000020980835,7.28000020980835,7.489999771118164,631300.0,7.425687789916992
2017-08-08,7.539999961853027,7.369999885559082,7.46999979019165,7.409999847412109,692600.0,7.34637451171875
2017-08-09,7.46999979019165,7.199999809265137,7.360000133514404,7.239999771118164,605200.0,7.1778340339660645
2017-08-10,7.230000019073486,7.099999904632568,7.190000057220459,7.119999885559082,1046300.0,7.058864593505859
2017-08-11,7.110000133514404,6.929999828338623,6.96999979019165,7.039999961853027,871400.0,6.979551792144775
2017-08-14,7.269999980926514,7.079999923706055,7.090000152587891,7.179999828338623,701100.0,7.118349552154541
2017-08-15,7.329999923706055,7.119999885559082,7.239999771118164,7.309999942779541,626300.0,7.2472333908081055
2017-08-16,7.380000114440918,7.269999980926514,7.380000114440918,7.329999923706055,585600.0,7.267061710357666
2017-08-17,7.329999923706055,7.070000171661377,7.25,7.090000152587891,751100.0,7.029122352600098
2017-08-18,7.559999942779541,7.139999866485596,7.139999866485596,7.320000171661377,1320900.0,7.257147789001465
2017-08-21,7.340000152587891,7.230000019073486,7.289999961853027,7.28000020980835,811900.0,7.217491149902344
2017-08-22,7.409999847412109,7.260000228881836,7.329999923706055,7.289999961853027,540300.0,7.227405071258545
2017-08-23,7.46999979019165,7.28000020980835,7.28000020980835,7.400000095367432,456000.0,7.336460590362549
2017-08-24,7.630000114440918,7.440000057220459,7.440000057220459,7.570000171661377,1000000.0,7.505001068115234
2017-08-25,7.869999885559082,7.619999885559082,7.639999866485596,7.849999904632568,2183000.0,7.782596588134766
2017-08-28,8.039999961853027,7.800000190734863,7.840000152587891,8.020000457763672,1714700.0,7.951137542724609
2017-08-29,8.1899995803833,7.809999942779541,7.949999809265137,8.15999984741211,1693700.0,8.089934349060059
2017-08-30,8.119999885559082,7.989999771118164,8.119999885559082,8.029999732971191,808400.0,7.961050987243652
2017-08-31,8.199999809265137,8.020000457763672,8.050000190734863,8.199999809265137,1224600.0,8.12959098815918
2017-09-01,8.390000343322754,8.220000267028809,8.239999771118164,8.329999923706055,1017000.0,8.258475303649902
2017-09-05,8.489999771118164,8.079999923706055,8.430000305175781,8.149999618530273,1015900.0,8.0800199508667
2017-09-06,8.260000228881836,7.880000114440918,8.220000267028809,8.069999694824219,3143100.0,8.000707626342773
2017-09-07,8.220000267028809,8.09000015258789,8.119999885559082,8.140000343322754,665000.0,8.070107460021973
2017-09-08,8.130000114440918,7.880000114440918,8.100000381469727,7.96999979019165,972900.0,7.901566028594971
2017-09-11,8.149999618530273,7.980000019073486,8.039999961853027,8.130000114440918,1455400.0,8.060193061828613
2017-09-12,8.140000343322754,8.0,8.119999885559082,8.050000190734863,924300.0,7.980879783630371
2017-09-13,8.09000015258789,7.96999979019165,8.0600004196167,8.079999923706055,649500.0,8.010622024536133
2017-09-14,8.140000343322754,7.96999979019165,8.079999923706055,8.050000190734863,669500.0,7.980879783630371
2017-09-15,8.180000305175781,8.010000228881836,8.109999656677246,8.15999984741211,908100.0,8.089934349060059
2017-09-18,8.34000015258789,8.210000038146973,8.210000038146973,8.300000190734863,993700.0,8.22873306274414
2017-09-19,8.420000076293945,8.270000457763672,8.359999656677246,8.40999984741211,1465600.0,8.337788581848145
2017-09-20,8.489999771118164,8.380000114440918,8.399999618530273,8.40999984741211,588600.0,8.337788581848145
2017-09-21,8.470000267028809,8.279999732971191,8.4399995803833,8.300000190734863,945800.0,8.22873306274414
2017-09-22,8.350000381469727,8.15999984741211,8.289999961853027,8.289999961853027,750500.0,8.218818664550781
2017-09-25,8.359999656677246,8.180000305175781,8.289999961853027,8.220000267028809,550800.0,8.149419784545898
2017-09-26,8.300000190734863,8.140000343322754,8.239999771118164,8.170000076293945,853100.0,8.099848747253418
2017-09-27,8.170000076293945,7.949999809265137,8.149999618530273,8.0,1142100.0,7.931308746337891
2017-09-28,8.0600004196167,7.929999828338623,7.960000038146973,8.039999961853027,861200.0,7.970965385437012
2017-09-29,8.15999984741211,8.0,8.079999923706055,8.130000114440918,908300.0,8.060193061828613
2017-10-02,8.300000190734863,8.079999923706055,8.119999885559082,8.289999961853027,659200.0,8.218818664550781
2017-10-03,8.630000114440918,8.3100004196167,8.3100004196167,8.619999885559082,1177100.0,8.545985221862793
2017-10-04,8.949999809265137,8.630000114440918,8.699999809265137,8.850000381469727,2101700.0,8.77401065826416
2017-10-05,9.119999885559082,8.829999923706055,8.850000381469727,9.039999961853027,3050300.0,8.96237850189209
2017-10-06,9.100000381469727,8.520000457763672,8.729999542236328,8.90999984741211,2314800.0,8.833495140075684
2017-10-09,8.930000305175781,8.619999885559082,8.90999984741211,8.6899995803833,1406500.0,8.615384101867676
2017-10-10,9.0600004196167,8.819999694824219,8.829999923706055,9.020000457763672,1065500.0,8.942550659179688
2017-10-11,9.09000015258789,8.779999732971191,9.029999732971191,8.949999809265137,1154600.0,8.873151779174805
2017-10-12,8.9399995803833,8.640000343322754,8.84000015258789,8.6899995803833,555600.0,8.615384101867676
2017-10-13,8.970000267028809,8.770000457763672,8.779999732971191,8.949999809265137,1586400.0,8.873151779174805
2017-10-16,9.319999694824219,8.90999984741211,8.949999809265137,9.199999809265137,2920800.0,9.121005058288574
2017-10-17,9.199999809265137,9.020000457763672,9.109999656677246,9.140000343322754,893800.0,9.06152057647705
2017-10-18,9.199999809265137,9.029999732971191,9.170000076293945,9.119999885559082,1903300.0,9.041691780090332
2017-10-19,9.199999809265137,8.949999809265137,9.029999732971191,9.130000114440918,729500.0,9.051606178283691
2017-10-20,9.260000228881836,9.109999656677246,9.199999809265137,9.149999618530273,845500.0,9.071434020996094
2017-10-23,9.220000267028809,9.010000228881836,9.170000076293945,9.149999618530273,1215200.0,9.071434020996094
2017-10-24,9.220000267028809,9.020000457763672,9.149999618530273,9.079999923706055,638600.0,9.002035140991211
2017-10-25,9.180000305175781,8.8100004196167,9.100000381469727,8.930000305175781,730900.0,8.853323936462402
2017-10-26,9.010000228881836,8.75,8.979999542236328,8.779999732971191,668300.0,8.704610824584961
2017-10-27,8.880000114440918,8.729999542236328,8.789999961853027,8.859999656677246,498900.0,8.783924102783203
2017-10-30,8.819999694824219,8.59000015258789,8.789999961853027,8.680000305175781,903300.0,8.605470657348633
2017-10-31,8.75,8.59000015258789,8.6899995803833,8.6899995803833,783400.0,8.615384101867676
2017-11-01,8.9399995803833,8.649999618530273,8.710000038146973,8.729999542236328,1115400.0,8.65503978729248
2017-11-02,8.739999771118164,8.40999984741211,8.729999542236328,8.59000015258789,1551700.0,8.516242980957031
2017-11-03,8.619999885559082,8.279999732971191,8.5600004196167,8.390000343322754,885100.0,8.317960739135742
2017-11-06,8.630000114440918,8.390000343322754,8.399999618530273,8.529999732971191,2650000.0,8.456757545471191
2017-11-07,8.579999923706055,8.279999732971191,8.579999923706055,8.430000305175781,1036200.0,8.357616424560547
2017-11-08,8.569999694824219,8.390000343322754,8.529999732971191,8.520000457763672,2203700.0,8.446844100952148
2017-11-09,8.569999694824219,8.420000076293945,8.470000267028809,8.430000305175781,873600.0,8.357616424560547
2017-11-10,8.390000343322754,8.170000076293945,8.34000015258789,8.170000076293945,936200.0,8.099848747253418
2017-11-13,8.270000457763672,8.069999694824219,8.220000267028809,8.09000015258789,888500.0,8.020536422729492
2017-11-14,8.15999984741211,7.860000133514404,8.119999885559082,7.869999885559082,909500.0,7.802424907684326
2017-11-15,7.960000038146973,7.610000133514404,7.809999942779541,7.949999809265137,736400.0,7.88173770904541
2017-11-16,8.149999618530273,8.010000228881836,8.079999923706055,8.119999885559082,464200.0,8.050278663635254
2017-11-17,8.430000305175781,8.140000343322754,8.170000076293945,8.390000343322754,955900.0,8.317960739135742
2017-11-20,9.239999771118164,8.630000114440918,9.069999694824219,9.140000343322754,1927000.0,9.06152057647705
2017-11-21,9.529999732971191,9.079999923706055,9.079999923706055,9.289999961853027,2494300.0,9.21023178100586
2017-11-22,9.5,9.3100004196167,9.3100004196167,9.34000015258789,907600.0,9.25980281829834
2017-11-24,9.5,9.359999656677246,9.369999885559082,9.40999984741211,1107700.0,9.329201698303223
2017-11-27,9.449999809265137,9.289999961853027,9.399999618530273,9.40999984741211,887300.0,9.329201698303223
2017-11-28,9.529999732971191,9.369999885559082,9.470000267028809,9.390000343322754,1008700.0,9.30937385559082
2017-11-29,9.529999732971191,9.319999694824219,9.420000076293945,9.4399995803833,1237300.0,9.358943939208984
2017-11-30,9.40999984741211,9.199999809265137,9.229999542236328,9.260000228881836,1667100.0,9.180490493774414
2017-12-01,9.350000381469727,9.130000114440918,9.300000190734863,9.270000457763672,1608800.0,9.190404891967773
2017-12-04,9.510000228881836,9.289999961853027,9.390000343322754,9.399999618530273,1345200.0,9.319287300109863
2017-12-05,9.4399995803833,9.210000038146973,9.40999984741211,9.279999732971191,1996300.0,9.200318336486816
2017-12-06,9.329999923706055,9.199999809265137,9.270000457763672,9.289999961853027,1722100.0,9.21023178100586
2017-12-07,9.34000015258789,9.069999694824219,9.079999923706055,9.239999771118164,2245200.0,9.160661697387695
2017-12-08,9.319999694824219,9.140000343322754,9.300000190734863,9.199999809265137,1706100.0,9.121005058288574
2017-12-11,9.300000190734863,9.15999984741211,9.25,9.239999771118164,2673500.0,9.160661697387695
2017-12-12,9.300000190734863,9.119999885559082,9.25,9.229999542236328,3811600.0,9.150747299194336
2017-12-13,9.699999809265137,9.369999885559082,9.369999885559082,9.609999656677246,4057200.0,9.527483940124512
2017-12-14,9.6899995803833,9.4399995803833,9.550000190734863,9.460000038146973,995600.0,9.378772735595703
2017-12-15,9.579999923706055,9.430000305175781,9.520000457763672,9.520000457763672,2280900.0,9.438258171081543
2017-12-18,9.569999694824219,9.399999618530273,9.520000457763672,9.489999771118164,1369700.0,9.408514976501465
2017-12-19,9.520000457763672,9.399999618530273,9.489999771118164,9.40999984741211,1185000.0,9.329201698303223
2017-12-20,9.819999694824219,9.489999771118164,9.5,9.819999694824219,2409200.0,9.735681533813477
2017-12-21,10.0,9.609999656677246,9.699999809265137,9.890000343322754,1473100.0,9.80508041381836
2017-12-22,9.960000038146973,9.770000457763672,9.84000015258789,9.789999961853027,1640100.0,9.705939292907715
2017-12-26,10.25,9.819999694824219,9.850000381469727,10.130000114440918,1171600.0,10.043020248413086
2017-12-27,10.149999618530273,9.920000076293945,10.130000114440918,9.970000267028809,700100.0,9.884393692016602
2017-12-28,10.029999732971191,9.6899995803833,10.029999732971191,9.75,1245600.0,9.666282653808594
2017-12-29,9.819999694824219,9.65999984741211,9.819999694824219,9.699999809265137,635400.0,9.616711616516113
2018-01-02,10.239999771118164,9.6899995803833,9.8100004196167,10.210000038146973,1221100.0,10.122332572937012
2018-01-03,10.289999961853027,10.0600004196167,10.220000267028809,10.09000015258789,568200.0,10.003363609313965
2018-01-04,10.279999732971191,10.069999694824219,10.09000015258789,10.180000305175781,930900.0,10.09259033203125
2018-01-05,10.539999961853027,10.149999618530273,10.220000267028809,10.470000267028809,2031700.0,10.38010025024414
2018-01-08,10.470000267028809,10.279999732971191,10.460000038146973,10.359999656677246,550800.0,10.271044731140137
2018-01-09,10.34000015258789,10.140000343322754,10.329999923706055,10.210000038146973,662600.0,10.122332572937012
2018-01-10,10.329999923706055,10.119999885559082,10.199999809265137,10.130000114440918,718900.0,10.043020248413086
2018-01-11,10.390000343322754,10.140000343322754,10.180000305175781,10.359999656677246,625400.0,10.271044731140137
2018-01-12,10.550000190734863,10.3100004196167,10.319999694824219,10.399999618530273,1115400.0,10.310701370239258
2018-01-16,10.619999885559082,10.40999984741211,10.40999984741211,10.420000076293945,1044900.0,10.330530166625977
2018-01-17,10.65999984741211,10.430000305175781,10.430000305175781,10.4399995803833,499100.0,10.350357055664062
2018-01-18,10.5600004196167,10.390000343322754,10.520000457763672,10.550000190734863,753100.0,10.459413528442383
2018-01-19,10.710000038146973,10.569999694824219,10.579999923706055,10.600000381469727,726000.0,10.508984565734863
2018-01-22,10.720000267028809,10.550000190734863,10.65999984741211,10.59000015258789,580300.0,10.499070167541504
2018-01-23,10.569999694824219,10.319999694824219,10.520000457763672,10.4399995803833,613500.0,10.350357055664062
2018-01-24,10.989999771118164,10.510000228881836,10.789999961853027,10.899999618530273,1074300.0,10.806407928466797
2018-01-25,11.149999618530273,10.890000343322754,10.949999809265137,11.130000114440918,826600.0,11.034433364868164
2018-01-26,11.550000190734863,11.050000190734863,11.100000381469727,11.529999732971191,744000.0,11.430998802185059
2018-01-29,11.65999984741211,11.199999809265137,11.4399995803833,11.25,1145100.0,11.153403282165527
2018-01-30,11.210000038146973,10.850000381469727,11.199999809265137,11.149999618530273,1041700.0,11.054261207580566
2018-01-31,11.470000267028809,11.25,11.34000015258789,11.460000038146973,1128400.0,11.361599922180176
2018-02-01,11.720000267028809,11.390000343322754,11.390000343322754,11.609999656677246,992200.0,11.510311126708984
2018-02-02,11.430000305175781,11.039999961853027,11.430000305175781,11.1899995803833,1313500.0,11.093917846679688
2018-02-05,11.460000038146973,10.930000305175781,11.100000381469727,11.050000190734863,1190400.0,10.955120086669922
2018-02-06,11.479999542236328,10.399999618530273,10.5,11.319999694824219,1298200.0,11.222801208496094
2018-02-07,11.319999694824219,11.0,11.229999542236328,11.0,848700.0,10.905550003051758
2018-02-08,11.010000228881836,10.510000228881836,10.989999771118164,10.510000228881836,1762700.0,10.419756889343262
2018-02-09,10.84000015258789,10.300000190734863,10.680000305175781,10.789999961853027,1157400.0,10.697352409362793
2018-02-12,11.0,10.680000305175781,10.960000038146973,10.789999961853027,484800.0,10.697352409362793
2018-02-13,10.880000114440918,10.640000343322754,10.710000038146973,10.710000038146973,294300.0,10.618040084838867
2018-02-14,11.010000228881836,10.520000457763672,10.579999923706055,10.960000038146973,618900.0,10.865893363952637
2018-02-15,11.020000457763672,10.800000190734863,11.020000457763672,10.899999618530273,624800.0,10.806407928466797
2018-02-16,10.989999771118164,10.770000457763672,10.869999885559082,10.84000015258789,418000.0,10.746923446655273
2018-02-20,11.460000038146973,10.670000076293945,10.670000076293945,11.34000015258789,1962200.0,11.242630004882812
2018-02-21,11.890000343322754,11.350000381469727,11.430000305175781,11.680000305175781,1837900.0,11.579710960388184
2018-02-22,11.710000038146973,11.369999885559082,11.699999809265137,11.539999961853027,1276600.0,11.440913200378418
2018-02-23,11.680000305175781,11.260000228881836,11.489999771118164,11.3100004196167,1727200.0,11.21288776397705
2018-02-26,11.770000457763672,11.380000114440918,11.399999618530273,11.720000267028809,1840700.0,11.619367599487305
2018-02-27,11.84000015258789,11.550000190734863,11.75,11.609999656677246,977000.0,11.510311126708984
2018-02-28,11.710000038146973,11.039999961853027,11.630000114440918,11.220000267028809,2647100.0,11.123661041259766
2018-03-01,11.600000381469727,11.270000457763672,11.300000190734863,11.40999984741211,1898100.0,11.312028884887695
2018-03-02,11.670000076293945,11.130000114440918,11.319999694824219,11.550000190734863,1237100.0,11.450827598571777
2018-03-05,11.720000267028809,11.380000114440918,11.5600004196167,11.5,938600.0,11.401256561279297
2018-03-06,11.880000114440918,11.5600004196167,11.619999885559082,11.760000228881836,1225200.0,11.659024238586426
2018-03-07,11.729999542236328,11.369999885559082,11.680000305175781,11.520000457763672,1070600.0,11.421085357666016
2018-03-08,11.579999923706055,11.329999923706055,11.539999961853027,11.550000190734863,786000.0,11.450827598571777
2018-03-09,11.6899995803833,11.4399995803833,11.6899995803833,11.640000343322754,993100.0,11.540054321289062
2018-03-12,11.619999885559082,11.270000457763672,11.600000381469727,11.399999618530273,965900.0,11.302114486694336
2018-03-13,11.449999809265137,11.210000038146973,11.430000305175781,11.289999961853027,868300.0,11.193058967590332
2018-03-14,11.359999656677246,11.180000305175781,11.359999656677246,11.210000038146973,697200.0,11.113746643066406
2018-03-15,11.170000076293945,10.729999542236328,11.149999618530273,10.800000190734863,1307100.0,10.707266807556152
2018-03-16,11.0,10.680000305175781,10.869999885559082,10.899999618530273,1424200.0,10.806407928466797
2018-03-19,10.899999618530273,10.699999809265137,10.789999961853027,10.890000343322754,857500.0,10.796494483947754
2018-03-20,11.0,10.779999732971191,10.90999984741211,10.930000305175781,752600.0,10.836151123046875
2018-03-21,11.239999771118164,10.850000381469727,10.970000267028809,11.210000038146973,1077300.0,11.113746643066406
2018-03-22,11.220000267028809,10.960000038146973,11.100000381469727,10.970000267028809,1250400.0,10.875807762145996
2018-03-23,11.079999923706055,10.75,11.0,10.760000228881836,639000.0,10.667610168457031
2018-03-26,11.050000190734863,10.699999809265137,10.949999809265137,10.899999618530273,723300.0,10.806407928466797
2018-03-27,10.850000381469727,10.4399995803833,10.850000381469727,10.479999542236328,706200.0,10.390013694763184
2018-03-28,10.449999809265137,10.119999885559082,10.4399995803833,10.1899995803833,1181200.0,10.102503776550293
2018-03-29,10.460000038146973,10.140000343322754,10.199999809265137,10.390000343322754,1017800.0,10.300787925720215
2018-04-02,10.430000305175781,10.109999656677246,10.390000343322754,10.220000267028809,555000.0,10.132246971130371
2018-04-03,10.350000381469727,10.069999694824219,10.300000190734863,10.140000343322754,715600.0,10.052934646606445
2018-04-04,10.15999984741211,9.800000190734863,9.989999771118164,10.15999984741211,731400.0,10.072761535644531
2018-04-05,10.75,10.329999923706055,10.329999923706055,10.600000381469727,1263000.0,10.508984565734863
2018-04-06,10.579999923706055,10.40999984741211,10.460000038146973,10.510000228881836,1197600.0,10.419756889343262
2018-04-09,10.6899995803833,10.5,10.510000228881836,10.5600004196167,1250300.0,10.469327926635742
2018-04-10,10.720000267028809,10.470000267028809,10.65999984741211,10.520000457763672,875500.0,10.429671287536621
2018-04-11,10.880000114440918,10.380000114440918,10.420000076293945,10.779999732971191,972500.0,10.687438011169434
2018-04-12,10.960000038146973,10.649999618530273,10.8100004196167,10.670000076293945,1605300.0,10.578383445739746
2018-04-13,10.680000305175781,10.369999885559082,10.680000305175781,10.369999885559082,572500.0,10.280959129333496
2018-04-16,10.40999984741211,10.1899995803833,10.399999618530273,10.260000228881836,749900.0,10.171903610229492
2018-04-17,10.390000343322754,10.1899995803833,10.260000228881836,10.279999732971191,744500.0,10.191731452941895
2018-04-18,10.720000267028809,10.420000076293945,10.449999809265137,10.5600004196167,959500.0,10.469327926635742
2018-04-19,10.65999984741211,10.380000114440918,10.640000343322754,10.390000343322754,562900.0,10.300787925720215
2018-04-20,10.399999618530273,10.09000015258789,10.399999618530273,10.130000114440918,1067800.0,10.043020248413086
2018-04-23,10.130000114440918,9.8100004196167,10.079999923706055,9.829999923706055,732400.0,9.745595932006836
2018-04-24,10.15999984741211,9.880000114440918,9.979999542236328,10.050000190734863,1446200.0,9.963706970214844
2018-04-25,10.109999656677246,9.8100004196167,9.850000381469727,10.050000190734863,834000.0,9.963706970214844
2018-04-26,10.15999984741211,9.970000267028809,10.109999656677246,10.130000114440918,513500.0,10.043020248413086
2018-04-27,10.25,9.989999771118164,10.130000114440918,10.069999694824219,536000.0,9.983534812927246
2018-04-30,10.15999984741211,9.960000038146973,10.050000190734863,10.079999923706055,500800.0,9.993449211120605
2018-05-01,10.079999923706055,9.850000381469727,10.039999961853027,9.899999618530273,725600.0,9.814993858337402
2018-05-02,10.0,9.819999694824219,9.880000114440918,9.890000343322754,1139300.0,9.80508041381836
2018-05-03,9.869999885559082,9.529999732971191,9.829999923706055,9.550000190734863,986500.0,9.468000411987305
2018-05-04,9.640000343322754,9.5,9.520000457763672,9.550000190734863,704000.0,9.468000411987305
2018-05-07,9.699999809265137,9.399999618530273,9.399999618530273,9.569999694824219,579300.0,9.569999694824219
2018-05-08,9.6899995803833,9.3100004196167,9.479999542236328,9.65999984741211,878300.0,9.65999984741211
2018-05-09,9.779999732971191,9.640000343322754,9.720000267028809,9.729999542236328,580400.0,9.729999542236328
2018-05-10,9.960000038146973,9.729999542236328,9.84000015258789,9.84000015258789,692800.0,9.84000015258789
2018-05-11,10.029999732971191,9.529999732971191,9.880000114440918,9.739999771118164,1394600.0,9.739999771118164
2018-05-14,9.890000343322754,9.65999984741211,9.779999732971191,9.800000190734863,624400.0,9.800000190734863
2018-05-15,9.899999618530273,9.5600004196167,9.600000381469727,9.829999923706055,1082400.0,9.829999923706055
2018-05-16,9.970000267028809,9.640000343322754,9.829999923706055,9.800000190734863,1290900.0,9.800000190734863
2018-05-17,9.960000038146973,9.630000114440918,9.770000457763672,9.680000305175781,1153600.0,9.680000305175781
2018-05-18,9.640000343322754,9.449999809265137,9.5,9.630000114440918,1865700.0,9.630000114440918
2018-05-21,9.949999809265137,9.6899995803833,9.729999542236328,9.739999771118164,853700.0,9.739999771118164
2018-05-22,10.140000343322754,9.8100004196167,9.850000381469727,10.0600004196167,951500.0,10.0600004196167
2018-05-23,10.119999885559082,9.75,9.75,10.039999961853027,1039800.0,10.039999961853027
2018-05-24,9.829999923706055,9.5,9.800000190734863,9.670000076293945,1107000.0,9.670000076293945
2018-05-25,9.75,9.520000457763672,9.649999618530273,9.579999923706055,1144700.0,9.579999923706055
2018-05-29,9.430000305175781,9.039999961853027,9.180000305175781,9.0600004196167,1432900.0,9.0600004196167
2018-05-30,9.15999984741211,8.890000343322754,9.130000114440918,8.920000076293945,1892600.0,8.920000076293945
2018-05-31,8.989999771118164,8.789999961853027,8.90999984741211,8.850000381469727,1002300.0,8.850000381469727
2018-06-01,9.09000015258789,8.760000228881836,9.010000228881836,8.9399995803833,974000.0,8.9399995803833
2018-06-04,9.069999694824219,8.800000190734863,9.039999961853027,8.890000343322754,803200.0,8.890000343322754
2018-06-05,8.930000305175781,8.760000228881836,8.770000457763672,8.819999694824219,1183900.0,8.819999694824219
2018-06-06,8.859999656677246,8.649999618530273,8.800000190734863,8.699999809265137,1352400.0,8.699999809265137
2018-06-07,8.75,8.039999961853027,8.619999885559082,8.229999542236328,2776700.0,8.229999542236328
2018-06-08,8.460000038146973,8.140000343322754,8.420000076293945,8.34000015258789,3462500.0,8.34000015258789
2018-06-11,8.430000305175781,8.279999732971191,8.329999923706055,8.289999961853027,1425800.0,8.289999961853027
2018-06-12,8.550000190734863,8.199999809265137,8.300000190734863,8.510000228881836,2143100.0,8.510000228881836
2018-06-13,8.470000267028809,8.1899995803833,8.470000267028809,8.289999961853027,1538000.0,8.289999961853027
2018-06-14,8.3100004196167,8.020000457763672,8.3100004196167,8.020000457763672,1210900.0,8.020000457763672
2018-06-15,8.029999732971191,7.809999942779541,8.029999732971191,7.860000133514404,1766600.0,7.860000133514404
2018-06-18,8.079999923706055,7.769999980926514,7.800000190734863,7.869999885559082,1083700.0,7.869999885559082
2018-06-19,7.949999809265137,7.659999847412109,7.760000228881836,7.920000076293945,1284100.0,7.920000076293945
2018-06-20,8.0,7.78000020980835,8.0,7.920000076293945,723400.0,7.920000076293945
2018-06-21,7.940000057220459,7.690000057220459,7.940000057220459,7.730000019073486,903600.0,7.730000019073486
2018-06-22,8.100000381469727,7.800000190734863,7.809999942779541,7.96999979019165,943600.0,7.96999979019165
2018-06-25,7.980000019073486,7.699999809265137,7.960000038146973,7.889999866485596,1198700.0,7.889999866485596
2018-06-26,7.949999809265137,7.739999771118164,7.909999847412109,7.940000057220459,924500.0,7.940000057220459
2018-06-27,8.039999961853027,7.730000019073486,7.840000152587891,7.739999771118164,607200.0,7.739999771118164
2018-06-28,7.789999961853027,7.610000133514404,7.789999961853027,7.679999828338623,727300.0,7.679999828338623
2018-06-29,7.739999771118164,7.619999885559082,7.710000038146973,7.630000114440918,653900.0,7.630000114440918
2018-07-02,7.699999809265137,7.5,7.53000020980835,7.599999904632568,911900.0,7.599999904632568
2018-07-03,7.829999923706055,7.599999904632568,7.670000076293945,7.699999809265137,352800.0,7.699999809265137
2018-07-05,7.71999979019165,7.429999828338623,7.599999904632568,7.5,856000.0,7.5
2018-07-06,7.78000020980835,7.429999828338623,7.449999809265137,7.679999828338623,761300.0,7.679999828338623
2018-07-09,7.889999866485596,7.730000019073486,7.730000019073486,7.829999923706055,514100.0,7.829999923706055
2018-07-10,7.840000152587891,7.579999923706055,7.820000171661377,7.75,1657800.0,7.75
2018-07-11,7.96999979019165,7.619999885559082,7.679999828338623,7.900000095367432,1131200.0,7.900000095367432
2018-07-12,8.119999885559082,7.820000171661377,7.960000038146973,8.069999694824219,1126000.0,8.069999694824219
2018-07-13,8.270000457763672,8.010000228881836,8.039999961853027,8.210000038146973,975800.0,8.210000038146973
2018-07-16,8.260000228881836,7.909999847412109,8.199999809265137,7.980000019073486,595500.0,7.980000019073486
2018-07-17,8.279999732971191,7.909999847412109,8.0,8.260000228881836,1258500.0,8.260000228881836
2018-07-18,8.3100004196167,8.066900253295898,8.239999771118164,8.199999809265137,657080.0,8.199999809265137
