Date,High,Low,Open,Close,Volume,Adj Close
1987-09-22,0.3648833930492401,0.36213991045951843,0.36213991045951843,0.36213991045951843,69211800.0,0.07999133318662643
1987-09-23,0.37311384081840515,0.36213991045951843,0.36213991045951843,0.36213991045951843,23109300.0,0.07999133318662643
1987-09-24,0.37037035822868347,0.3511659801006317,0.36213991045951843,0.37037035822868347,13159800.0,0.08180929720401764
1987-09-25,0.37311384081840515,0.3648833930492401,0.37037035822868347,0.37311384081840515,12757500.0,0.08241526782512665
1987-09-28,0.37311384081840515,0.3648833930492401,0.37311384081840515,0.3648833930492401,7698900.0,0.08059731125831604
1987-09-29,0.3676268756389618,0.3566529452800751,0.3648833930492401,0.3566529452800751,17860500.0,0.07877932488918304
1987-09-30,0.3511659801006317,0.3374485671520233,0.3511659801006317,0.34842249751091003,16738500.0,0.07696133106946945
1987-10-01,0.35939642786979675,0.3429355323314667,0.34842249751091003,0.35939642786979675,10754100.0,0.07938531041145325
1987-10-02,0.36213991045951843,0.3539094626903534,0.35939642786979675,0.35939642786979675,1548300.0,0.07938531041145325
1987-10-05,0.3539094626903534,0.3429355323314667,0.3539094626903534,0.3511659801006317,3835200.0,0.07756730169057846
1987-10-06,0.3511659801006317,0.34567901492118835,0.3511659801006317,0.3511659801006317,2253000.0,0.07756730169057846
1987-10-07,0.34842249751091003,0.340192049741745,0.34842249751091003,0.34567901492118835,3183300.0,0.07635531574487686
1987-10-08,0.34842249751091003,0.33196160197257996,0.34567901492118835,0.340192049741745,3993300.0,0.07514330744743347
1987-10-09,0.3429355323314667,0.33196160197257996,0.340192049741745,0.33196160197257996,1787400.0,0.07332535088062286
1987-10-12,0.33470508456230164,0.31001371145248413,0.33196160197257996,0.31824415922164917,5248800.0,0.07029535621404648
1987-10-13,0.32098764181137085,0.3127571940422058,0.31824415922164917,0.3155006766319275,2490600.0,0.06968938559293747
1987-10-14,0.3155006766319275,0.29629629850387573,0.3155006766319275,0.2990397810935974,6933600.0,0.06605342775583267
1987-10-15,0.3017832636833191,0.2908093333244324,0.2990397810935974,0.2990397810935974,5050200.0,0.06605342775583267
1987-10-16,0.30452674627304077,0.28257888555526733,0.2990397810935974,0.28257888555526733,6250500.0,0.06241747736930847
1987-10-19,0.277091920375824,0.2606309950351715,0.277091920375824,0.26886144280433655,12394200.0,0.059387486428022385
1987-10-20,0.2716049253940582,0.23319615423679352,0.26886144280433655,0.2606309950351715,10299000.0,0.05756950378417969
1987-10-21,0.2606309950351715,0.23319615423679352,0.2606309950351715,0.2469135820865631,10290900.0,0.054539527744054794
1987-10-22,0.23868313431739807,0.2085047960281372,0.23868313431739807,0.21399177610874176,5776500.0,0.04726758226752281
1987-10-23,0.20576131343841553,0.19204390048980713,0.20576131343841553,0.1975308656692505,5177100.0,0.04363162815570831
1987-10-26,0.1947873830795288,0.16186556220054626,0.1947873830795288,0.17283950746059418,5649600.0,0.03817765787243843
1987-10-27,0.18655692040920258,0.17283950746059418,0.17283950746059418,0.17558299005031586,3808200.0,0.03878365084528923
1987-10-28,0.17558299005031586,0.16186556220054626,0.17558299005031586,0.16460905969142914,3828600.0,0.03635968267917633
1987-10-29,0.1454046666622162,0.1316872388124466,0.1454046666622162,0.1426611840724945,12118800.0,0.03151174634695053
1987-10-30,0.17558299005031586,0.15912207961082458,0.15912207961082458,0.17283950746059418,18318000.0,0.03817765787243843
1987-11-02,0.1975308656692505,0.18655692040920258,0.18655692040920258,0.1975308656692505,11153700.0,0.04363162815570831
1987-11-03,0.20301783084869385,0.17832647264003754,0.1975308656692505,0.18655692040920258,7028100.0,0.041207633912563324
1987-11-04,0.18655692040920258,0.17832647264003754,0.18655692040920258,0.18106995522975922,4787100.0,0.03999566659331322
1987-11-05,0.18106995522975922,0.16460905969142914,0.18106995522975922,0.1700960248708725,9197400.0,0.037571653723716736
1987-11-06,0.17558299005031586,0.16735254228115082,0.1700960248708725,0.1700960248708725,4795200.0,0.037571653723716736
1987-11-09,0.17283950746059418,0.16460905969142914,0.1700960248708725,0.16460905969142914,3972900.0,0.03635968267917633
1987-11-10,0.16460905969142914,0.15912207961082458,0.16460905969142914,0.15912207961082458,2277300.0,0.03514767810702324
1987-11-11,0.16735254228115082,0.16186556220054626,0.16186556220054626,0.16186556220054626,1931700.0,0.03575366735458374
1987-11-12,0.17558299005031586,0.16735254228115082,0.16735254228115082,0.16735254228115082,2559600.0,0.03696567937731743
1987-11-13,0.1700960248708725,0.16460905969142914,0.16735254228115082,0.16735254228115082,3993300.0,0.03696567937731743
1987-11-16,0.1700960248708725,0.16460905969142914,0.16735254228115082,0.1700960248708725,1560600.0,0.037571653723716736
1987-11-17,0.1700960248708725,0.15363511443138123,0.1700960248708725,0.15912207961082458,6015600.0,0.03514767810702324
1987-11-18,0.16460905969142914,0.15912207961082458,0.15912207961082458,0.16460905969142914,1101600.0,0.03635968267917633
1987-11-19,0.16460905969142914,0.15089163184165955,0.16460905969142914,0.15363511443138123,4581900.0,0.033935703337192535
1987-11-20,0.15912207961082458,0.15089163184165955,0.15363511443138123,0.15912207961082458,2332800.0,0.03514767810702324
1987-11-23,0.16186556220054626,0.1563785970211029,0.15912207961082458,0.15912207961082458,1410600.0,0.03514767810702324
1987-11-24,0.16186556220054626,0.1563785970211029,0.15912207961082458,0.15912207961082458,1009800.0,0.03514767810702324
1987-11-25,0.15912207961082458,0.15363511443138123,0.15912207961082458,0.1563785970211029,2577000.0,0.03454170003533363
1987-11-27,0.15912207961082458,0.15363511443138123,0.1563785970211029,0.15363511443138123,1337700.0,0.033935703337192535
1987-11-30,0.14814814925193787,0.13991770148277283,0.14814814925193787,0.1454046666622162,5128500.0,0.03211772069334984
1987-12-01,0.14814814925193787,0.1426611840724945,0.1454046666622162,0.1454046666622162,2735100.0,0.03211772069334984
1987-12-02,0.1454046666622162,0.1426611840724945,0.1454046666622162,0.1426611840724945,1393200.0,0.03151174634695053
1987-12-03,0.1454046666622162,0.13717420399188995,0.1426611840724945,0.13991770148277283,2523000.0,0.03090572915971279
1987-12-04,0.13717420399188995,0.1316872388124466,0.13717420399188995,0.1316872388124466,3033300.0,0.029087746515870094
1987-12-07,0.13717420399188995,0.1316872388124466,0.1316872388124466,0.13443072140216827,4185000.0,0.029693743214011192
1987-12-08,0.13443072140216827,0.1316872388124466,0.13443072140216827,0.1316872388124466,1976400.0,0.029087746515870094
1987-12-09,0.13717420399188995,0.1316872388124466,0.1316872388124466,0.13443072140216827,2532600.0,0.029693743214011192
1987-12-10,0.13443072140216827,0.1316872388124466,0.13443072140216827,0.13443072140216827,2139600.0,0.029693743214011192
1987-12-11,0.13717420399188995,0.1316872388124466,0.13443072140216827,0.1316872388124466,3288600.0,0.029087746515870094
1987-12-14,0.1316872388124466,0.12894375622272491,0.1316872388124466,0.12894375622272491,3434400.0,0.028481749817728996
1987-12-15,0.1316872388124466,0.12620027363300323,0.12894375622272491,0.12894375622272491,4993500.0,0.028481749817728996
1987-12-16,0.1316872388124466,0.12894375622272491,0.12894375622272491,0.12894375622272491,3415500.0,0.028481749817728996
1987-12-17,0.13717420399188995,0.12894375622272491,0.12894375622272491,0.1316872388124466,5621400.0,0.029087746515870094
1987-12-18,0.13991770148277283,0.1316872388124466,0.1316872388124466,0.13717420399188995,2568900.0,0.03029974363744259
1987-12-21,0.14814814925193787,0.13991770148277283,0.13991770148277283,0.1454046666622162,4677600.0,0.03211772069334984
1987-12-22,0.1426611840724945,0.13443072140216827,0.1426611840724945,0.13717420399188995,3717900.0,0.03029974363744259
1987-12-23,0.1426611840724945,0.13717420399188995,0.13717420399188995,0.1426611840724945,3972900.0,0.03151174634695053
1987-12-24,0.1454046666622162,0.13717420399188995,0.1426611840724945,0.13991770148277283,3292500.0,0.03090572915971279
1987-12-28,0.1454046666622162,0.13443072140216827,0.13991770148277283,0.13991770148277283,5059800.0,0.03090572915971279
1987-12-29,0.1426611840724945,0.1316872388124466,0.13991770148277283,0.13717420399188995,6088500.0,0.03029974363744259
1987-12-30,0.13717420399188995,0.12894375622272491,0.13717420399188995,0.12894375622272491,8075700.0,0.028481749817728996
1987-12-31,0.13717420399188995,0.12894375622272491,0.12894375622272491,0.1316872388124466,10369200.0,0.029087746515870094
1988-01-04,0.13717420399188995,0.13443072140216827,0.13443072140216827,0.13717420399188995,4885500.0,0.03029974363744259
1988-01-05,0.1454046666622162,0.13717420399188995,0.13717420399188995,0.13991770148277283,4290300.0,0.03090572915971279
1988-01-06,0.1454046666622162,0.13991770148277283,0.13991770148277283,0.1454046666622162,6554100.0,0.03211772069334984
1988-01-07,0.14814814925193787,0.1426611840724945,0.1454046666622162,0.14814814925193787,3535500.0,0.03272372484207153
1988-01-08,0.15363511443138123,0.13991770148277283,0.14814814925193787,0.13991770148277283,4248300.0,0.03090572915971279
1988-01-11,0.1426611840724945,0.13717420399188995,0.13991770148277283,0.13991770148277283,2199000.0,0.03090572915971279
1988-01-12,0.1426611840724945,0.13443072140216827,0.13991770148277283,0.13717420399188995,1368900.0,0.03029974363744259
1988-01-13,0.13717420399188995,0.1316872388124466,0.13717420399188995,0.13717420399188995,3609900.0,0.03029974363744259
1988-01-14,0.13443072140216827,0.12894375622272491,0.13443072140216827,0.1316872388124466,3847500.0,0.029087746515870094
1988-01-15,0.13717420399188995,0.1316872388124466,0.1316872388124466,0.1316872388124466,4774800.0,0.029087746515870094
1988-01-18,0.13443072140216827,0.12894375622272491,0.1316872388124466,0.1316872388124466,4148400.0,0.029087746515870094
1988-01-19,0.1316872388124466,0.12894375622272491,0.1316872388124466,0.1316872388124466,2187000.0,0.029087746515870094
1988-01-20,0.1316872388124466,0.12894375622272491,0.1316872388124466,0.1316872388124466,3233100.0,0.029087746515870094
1988-01-21,0.13443072140216827,0.12894375622272491,0.1316872388124466,0.13443072140216827,2313900.0,0.029693743214011192
1988-01-22,0.13991770148277283,0.13443072140216827,0.13443072140216827,0.13991770148277283,1933200.0,0.03090572915971279
1988-01-25,0.13991770148277283,0.13443072140216827,0.13991770148277283,0.13717420399188995,5030100.0,0.03029974363744259
1988-01-26,0.13991770148277283,0.13443072140216827,0.13717420399188995,0.13991770148277283,4063500.0,0.03090572915971279
1988-01-27,0.13991770148277283,0.13717420399188995,0.13991770148277283,0.13991770148277283,1259400.0,0.03090572915971279
1988-01-28,0.1454046666622162,0.13717420399188995,0.13991770148277283,0.1426611840724945,2231400.0,0.03151174634695053
1988-01-29,0.1454046666622162,0.13991770148277283,0.1426611840724945,0.1426611840724945,1210800.0,0.03151174634695053
1988-02-01,0.14814814925193787,0.1426611840724945,0.1426611840724945,0.14814814925193787,5123100.0,0.03272372484207153
1988-02-02,0.15089163184165955,0.1454046666622162,0.14814814925193787,0.15089163184165955,3252000.0,0.033329714089632034
1988-02-03,0.15363511443138123,0.14814814925193787,0.15089163184165955,0.15089163184165955,2271900.0,0.033329714089632034
1988-02-04,0.15089163184165955,0.14814814925193787,0.15089163184165955,0.15089163184165955,1575300.0,0.033329714089632034
1988-02-05,0.15089163184165955,0.14814814925193787,0.15089163184165955,0.14814814925193787,3087300.0,0.03272372484207153
1988-02-08,0.15089163184165955,0.14814814925193787,0.14814814925193787,0.15089163184165955,1466100.0,0.033329714089632034
1988-02-09,0.15089163184165955,0.14814814925193787,0.15089163184165955,0.15089163184165955,576300.0,0.033329714089632034
1988-02-10,0.15363511443138123,0.15089163184165955,0.15089163184165955,0.15363511443138123,1082700.0,0.033935703337192535
1988-02-11,0.15363511443138123,0.15089163184165955,0.15363511443138123,0.15363511443138123,1385100.0,0.033935703337192535
1988-02-12,0.15363511443138123,0.15089163184165955,0.15363511443138123,0.15089163184165955,1210800.0,0.033329714089632034
1988-02-16,0.15363511443138123,0.15089163184165955,0.15089163184165955,0.15363511443138123,1277100.0,0.033935703337192535
1988-02-17,0.15363511443138123,0.15089163184165955,0.15363511443138123,0.15363511443138123,712800.0,0.033935703337192535
1988-02-18,0.15363511443138123,0.15089163184165955,0.15363511443138123,0.15363511443138123,1113600.0,0.033935703337192535
1988-02-19,0.1563785970211029,0.15089163184165955,0.15363511443138123,0.15363511443138123,1775100.0,0.033935703337192535
1988-02-22,0.15912207961082458,0.15363511443138123,0.15363511443138123,0.15912207961082458,2872800.0,0.03514767810702324
1988-02-23,0.16735254228115082,0.15912207961082458,0.15912207961082458,0.16460905969142914,8445600.0,0.03635968267917633
1988-02-24,0.1700960248708725,0.16735254228115082,0.16735254228115082,0.16735254228115082,3456000.0,0.03696567937731743
1988-02-25,0.17832647264003754,0.1700960248708725,0.1700960248708725,0.17558299005031586,3616500.0,0.03878365084528923
1988-02-26,0.18655692040920258,0.1700960248708725,0.17558299005031586,0.18655692040920258,3555900.0,0.041207633912563324
1988-02-29,0.1975308656692505,0.18655692040920258,0.18655692040920258,0.1975308656692505,6095100.0,0.04363162815570831
1988-03-01,0.20301783084869385,0.19204390048980713,0.1975308656692505,0.1947873830795288,4691100.0,0.043025609105825424
1988-03-02,0.20027434825897217,0.1947873830795288,0.1947873830795288,0.1947873830795288,1506600.0,0.043025609105825424
1988-03-03,0.1975308656692505,0.19204390048980713,0.1947873830795288,0.19204390048980713,2425800.0,0.04241962358355522
1988-03-04,0.1947873830795288,0.19204390048980713,0.19204390048980713,0.19204390048980713,722100.0,0.04241962358355522
1988-03-07,0.1947873830795288,0.19204390048980713,0.19204390048980713,0.1947873830795288,1137900.0,0.043025609105825424
1988-03-08,0.20027434825897217,0.1975308656692505,0.1975308656692505,0.1975308656692505,3972900.0,0.04363162815570831
1988-03-09,0.2112482786178589,0.1975308656692505,0.1975308656692505,0.2085047960281372,11882700.0,0.04605560004711151
1988-03-10,0.2112482786178589,0.20576131343841553,0.2085047960281372,0.2085047960281372,6043800.0,0.04605560004711151
1988-03-11,0.2085047960281372,0.1975308656692505,0.2085047960281372,0.20301783084869385,4557600.0,0.04484361410140991
1988-03-14,0.20301783084869385,0.1947873830795288,0.20301783084869385,0.1947873830795288,1640100.0,0.043025609105825424
1988-03-15,0.1947873830795288,0.18655692040920258,0.1947873830795288,0.18655692040920258,3045600.0,0.041207633912563324
1988-03-16,0.18930041790008545,0.18655692040920258,0.18655692040920258,0.18930041790008545,1150200.0,0.041813649237155914
1988-03-17,0.19204390048980713,0.18655692040920258,0.18930041790008545,0.18930041790008545,1542900.0,0.041813649237155914
1988-03-18,0.19204390048980713,0.18655692040920258,0.18930041790008545,0.18655692040920258,1220400.0,0.041207633912563324
1988-03-21,0.19204390048980713,0.18655692040920258,0.18655692040920258,0.18655692040920258,2916000.0,0.041207633912563324
1988-03-22,0.18655692040920258,0.1838134378194809,0.18655692040920258,0.18655692040920258,1113600.0,0.041207633912563324
1988-03-23,0.18930041790008545,0.18655692040920258,0.18655692040920258,0.18930041790008545,838200.0,0.041813649237155914
1988-03-24,0.18655692040920258,0.17832647264003754,0.18655692040920258,0.18106995522975922,2880900.0,0.03999566659331322
1988-03-25,0.17832647264003754,0.17283950746059418,0.17832647264003754,0.17558299005031586,3152100.0,0.03878365084528923
1988-03-28,0.17283950746059418,0.1700960248708725,0.17283950746059418,0.17283950746059418,1065000.0,0.03817765787243843
1988-03-29,0.17283950746059418,0.1700960248708725,0.17283950746059418,0.17283950746059418,673500.0,0.03817765787243843
1988-03-30,0.17283950746059418,0.16735254228115082,0.17283950746059418,0.1700960248708725,1341900.0,0.037571653723716736
1988-03-31,0.16735254228115082,0.15912207961082458,0.16735254228115082,0.16186556220054626,2808000.0,0.03575366735458374
1988-04-04,0.16186556220054626,0.15363511443138123,0.16186556220054626,0.1563785970211029,2662200.0,0.03454170003533363
1988-04-05,0.15912207961082458,0.1563785970211029,0.1563785970211029,0.15912207961082458,1283700.0,0.03514767810702324
1988-04-06,0.16460905969142914,0.15912207961082458,0.15912207961082458,0.16460905969142914,2224800.0,0.03635968267917633
1988-04-07,0.16460905969142914,0.16186556220054626,0.16460905969142914,0.16460905969142914,1839900.0,0.03635968267917633
1988-04-08,0.16735254228115082,0.16186556220054626,0.16460905969142914,0.16460905969142914,977400.0,0.03635968267917633
1988-04-11,0.1700960248708725,0.16735254228115082,0.16735254228115082,0.1700960248708725,1077300.0,0.037571653723716736
1988-04-12,0.17283950746059418,0.16735254228115082,0.1700960248708725,0.17283950746059418,548100.0,0.03817765787243843
1988-04-13,0.17283950746059418,0.16735254228115082,0.17283950746059418,0.1700960248708725,795000.0,0.037571653723716736
1988-04-14,0.16735254228115082,0.16186556220054626,0.16735254228115082,0.16186556220054626,1532100.0,0.03575366735458374
1988-04-15,0.16186556220054626,0.15363511443138123,0.16186556220054626,0.16186556220054626,1269000.0,0.03575366735458374
1988-04-18,0.16460905969142914,0.15912207961082458,0.16186556220054626,0.16460905969142914,649200.0,0.03635968267917633
1988-04-19,0.1700960248708725,0.16460905969142914,0.16460905969142914,0.16460905969142914,858600.0,0.03635968267917633
1988-04-20,0.16735254228115082,0.16460905969142914,0.16460905969142914,0.16735254228115082,1348500.0,0.03696567937731743
1988-04-21,0.1700960248708725,0.16460905969142914,0.16735254228115082,0.1700960248708725,712800.0,0.037571653723716736
1988-04-22,0.16735254228115082,0.16460905969142914,0.16735254228115082,0.16735254228115082,1312200.0,0.03696567937731743
1988-04-25,0.16735254228115082,0.16460905969142914,0.16735254228115082,0.16735254228115082,284700.0,0.03696567937731743
1988-04-26,0.16460905969142914,0.16186556220054626,0.16460905969142914,0.16460905969142914,819300.0,0.03635968267917633
1988-04-27,0.16735254228115082,0.16460905969142914,0.16460905969142914,0.16460905969142914,102600.0,0.03635968267917633
1988-04-28,0.16735254228115082,0.16460905969142914,0.16460905969142914,0.16460905969142914,627600.0,0.03635968267917633
1988-04-29,0.16735254228115082,0.16460905969142914,0.16460905969142914,0.16735254228115082,785700.0,0.03696567937731743
1988-05-02,0.17283950746059418,0.16460905969142914,0.16735254228115082,0.1700960248708725,1483500.0,0.037571653723716736
1988-05-03,0.17558299005031586,0.1700960248708725,0.1700960248708725,0.17558299005031586,1757700.0,0.03878365084528923
1988-05-04,0.17558299005031586,0.1700960248708725,0.17558299005031586,0.1700960248708725,749100.0,0.037571653723716736
1988-05-05,0.1700960248708725,0.16735254228115082,0.1700960248708725,0.16735254228115082,827400.0,0.03696567937731743
1988-05-06,0.1700960248708725,0.16735254228115082,0.16735254228115082,0.16735254228115082,256500.0,0.03696567937731743
1988-05-09,0.16735254228115082,0.16460905969142914,0.16735254228115082,0.16460905969142914,1056900.0,0.03635968267917633
1988-05-10,0.16735254228115082,0.16460905969142914,0.16460905969142914,0.16735254228115082,693900.0,0.03696567937731743
1988-05-11,0.16735254228115082,0.15912207961082458,0.16735254228115082,0.15912207961082458,3324900.0,0.03514767810702324
1988-05-12,0.16460905969142914,0.15912207961082458,0.15912207961082458,0.15912207961082458,364500.0,0.03514767810702324
1988-05-13,0.16460905969142914,0.16186556220054626,0.16186556220054626,0.16186556220054626,454800.0,0.03575366735458374
1988-05-16,0.16186556220054626,0.16186556220054626,0.16186556220054626,0.16186556220054626,309000.0,0.03575366735458374
1988-05-17,0.16460905969142914,0.15912207961082458,0.16186556220054626,0.15912207961082458,1988400.0,0.03514767810702324
1988-05-18,0.15912207961082458,0.1563785970211029,0.15912207961082458,0.15912207961082458,1287900.0,0.03514767810702324
1988-05-19,0.1563785970211029,0.15089163184165955,0.1563785970211029,0.15363511443138123,3881100.0,0.033935703337192535
1988-05-20,0.15363511443138123,0.15089163184165955,0.15363511443138123,0.15363511443138123,996300.0,0.033935703337192535
1988-05-23,0.15089163184165955,0.14814814925193787,0.15089163184165955,0.14814814925193787,810000.0,0.03272372484207153
1988-05-24,0.14814814925193787,0.1454046666622162,0.14814814925193787,0.14814814925193787,900300.0,0.03272372484207153
1988-05-25,0.15089163184165955,0.14814814925193787,0.14814814925193787,0.14814814925193787,408900.0,0.03272372484207153
1988-05-26,0.15089163184165955,0.14814814925193787,0.14814814925193787,0.14814814925193787,850500.0,0.03272372484207153
1988-05-27,0.14814814925193787,0.1454046666622162,0.14814814925193787,0.1454046666622162,402300.0,0.03211772069334984
1988-05-31,0.15089163184165955,0.1454046666622162,0.1454046666622162,0.15089163184165955,1166400.0,0.033329714089632034
1988-06-01,0.16186556220054626,0.15089163184165955,0.15089163184165955,0.15912207961082458,1129800.0,0.03514767810702324
1988-06-02,0.16186556220054626,0.15912207961082458,0.15912207961082458,0.15912207961082458,1020600.0,0.03514767810702324
1988-06-03,0.15912207961082458,0.15912207961082458,0.15912207961082458,0.15912207961082458,292800.0,0.03514767810702324
1988-06-06,0.15912207961082458,0.15912207961082458,0.15912207961082458,0.15912207961082458,291600.0,0.03514767810702324
1988-06-07,0.16186556220054626,0.15912207961082458,0.15912207961082458,0.15912207961082458,631800.0,0.03514767810702324
1988-06-08,0.16460905969142914,0.15912207961082458,0.15912207961082458,0.16460905969142914,1568700.0,0.03635968267917633
1988-06-09,0.16735254228115082,0.16460905969142914,0.16460905969142914,0.16460905969142914,1337700.0,0.03635968267917633
1988-06-10,0.16735254228115082,0.16460905969142914,0.16460905969142914,0.16460905969142914,839700.0,0.03635968267917633
1988-06-13,0.16460905969142914,0.16186556220054626,0.16460905969142914,0.16186556220054626,1839900.0,0.03575366735458374
1988-06-14,0.16460905969142914,0.16186556220054626,0.16186556220054626,0.16186556220054626,729000.0,0.03575366735458374
1988-06-15,0.16460905969142914,0.16186556220054626,0.16186556220054626,0.16460905969142914,1131300.0,0.03635968267917633
1988-06-16,0.16460905969142914,0.15912207961082458,0.16460905969142914,0.16186556220054626,718200.0,0.03575366735458374
1988-06-17,0.16460905969142914,0.16186556220054626,0.16186556220054626,0.16460905969142914,510300.0,0.03635968267917633
1988-06-20,0.16460905969142914,0.15912207961082458,0.16460905969142914,0.16460905969142914,1478100.0,0.03635968267917633
1988-06-21,0.16186556220054626,0.16186556220054626,0.16186556220054626,0.16186556220054626,163200.0,0.03575366735458374
1988-06-22,0.16735254228115082,0.16186556220054626,0.16186556220054626,0.16735254228115082,619500.0,0.03696567937731743
1988-06-23,0.16735254228115082,0.16460905969142914,0.16735254228115082,0.16460905969142914,627600.0,0.03635968267917633
1988-06-24,0.16460905969142914,0.16186556220054626,0.16460905969142914,0.16186556220054626,1077300.0,0.03575366735458374
1988-06-27,0.17832647264003754,0.15912207961082458,0.16186556220054626,0.15912207961082458,758700.0,0.03514767810702324
1988-06-28,0.16186556220054626,0.15912207961082458,0.15912207961082458,0.15912207961082458,600600.0,0.03514767810702324
1988-06-29,0.16186556220054626,0.15912207961082458,0.15912207961082458,0.15912207961082458,718200.0,0.03514767810702324
1988-06-30,0.15912207961082458,0.1563785970211029,0.15912207961082458,0.15912207961082458,1259400.0,0.03514767810702324
1988-07-01,0.16186556220054626,0.15912207961082458,0.15912207961082458,0.16186556220054626,959700.0,0.03575366735458374
1988-07-05,0.16186556220054626,0.15912207961082458,0.16186556220054626,0.15912207961082458,1046100.0,0.03514767810702324
1988-07-06,0.16186556220054626,0.15912207961082458,0.15912207961082458,0.15912207961082458,948900.0,0.03514767810702324
1988-07-07,0.16186556220054626,0.15912207961082458,0.15912207961082458,0.16186556220054626,1038000.0,0.03575366735458374
1988-07-08,0.15912207961082458,0.1563785970211029,0.15912207961082458,0.15912207961082458,457500.0,0.03514767810702324
1988-07-11,0.15912207961082458,0.1563785970211029,0.15912207961082458,0.15912207961082458,190200.0,0.03514767810702324
1988-07-12,0.15912207961082458,0.1563785970211029,0.15912207961082458,0.1563785970211029,1147500.0,0.03454170003533363
1988-07-13,0.1563785970211029,0.1563785970211029,0.1563785970211029,0.1563785970211029,357600.0,0.03454170003533363
1988-07-14,0.15912207961082458,0.1563785970211029,0.1563785970211029,0.15912207961082458,1069200.0,0.03514767810702324
1988-07-15,0.15912207961082458,0.1563785970211029,0.15912207961082458,0.15912207961082458,336000.0,0.03514767810702324
1988-07-18,0.16186556220054626,0.15912207961082458,0.15912207961082458,0.16186556220054626,1542900.0,0.03575366735458374
1988-07-19,0.15912207961082458,0.1563785970211029,0.15912207961082458,0.1563785970211029,1094700.0,0.03454170003533363
1988-07-20,0.16460905969142914,0.15363511443138123,0.1563785970211029,0.16460905969142914,3281700.0,0.03635968267917633
1988-07-21,0.16460905969142914,0.15912207961082458,0.16460905969142914,0.16186556220054626,1757700.0,0.03575366735458374
1988-07-22,0.16460905969142914,0.16186556220054626,0.16186556220054626,0.16186556220054626,2012700.0,0.03575366735458374
1988-07-25,0.16186556220054626,0.15912207961082458,0.16186556220054626,0.15912207961082458,1539000.0,0.03514767810702324
1988-07-26,0.16186556220054626,0.1563785970211029,0.15912207961082458,0.1563785970211029,1834500.0,0.03454170003533363
1988-07-27,0.15912207961082458,0.1563785970211029,0.1563785970211029,0.1563785970211029,327900.0,0.03454170003533363
1988-07-28,0.16186556220054626,0.15912207961082458,0.15912207961082458,0.16186556220054626,1174500.0,0.03575366735458374
1988-07-29,0.16460905969142914,0.16186556220054626,0.16186556220054626,0.16460905969142914,996300.0,0.03635968267917633
1988-08-01,0.16460905969142914,0.16186556220054626,0.16460905969142914,0.16186556220054626,418500.0,0.03575366735458374
1988-08-02,0.16460905969142914,0.16186556220054626,0.16186556220054626,0.16186556220054626,627600.0,0.03575366735458374
1988-08-03,0.16186556220054626,0.16186556220054626,0.16186556220054626,0.16186556220054626,280800.0,0.03575366735458374
1988-08-04,0.16186556220054626,0.15912207961082458,0.16186556220054626,0.15912207961082458,583200.0,0.03514767810702324
1988-08-05,0.16186556220054626,0.1563785970211029,0.15912207961082458,0.1563785970211029,530400.0,0.03454170003533363
1988-08-08,0.15912207961082458,0.1563785970211029,0.1563785970211029,0.1563785970211029,530400.0,0.03454170003533363
1988-08-09,0.15912207961082458,0.1563785970211029,0.1563785970211029,0.1563785970211029,511500.0,0.03454170003533363
1988-08-10,0.15912207961082458,0.1563785970211029,0.1563785970211029,0.1563785970211029,710100.0,0.03454170003533363
1988-08-11,0.15912207961082458,0.1563785970211029,0.1563785970211029,0.1563785970211029,2180100.0,0.03454170003533363
1988-08-12,0.1563785970211029,0.1563785970211029,0.1563785970211029,0.1563785970211029,608700.0,0.03454170003533363
1988-08-15,0.15912207961082458,0.15363511443138123,0.1563785970211029,0.15363511443138123,758700.0,0.033935703337192535
1988-08-16,0.16186556220054626,0.15363511443138123,0.15363511443138123,0.16186556220054626,1721100.0,0.03575366735458374
1988-08-17,0.16186556220054626,0.1563785970211029,0.16186556220054626,0.1563785970211029,400800.0,0.03454170003533363
1988-08-18,0.15363511443138123,0.15363511443138123,0.15363511443138123,0.15363511443138123,66000.0,0.033935703337192535
1988-08-19,0.15363511443138123,0.15363511443138123,0.15363511443138123,0.15363511443138123,400800.0,0.033935703337192535
1988-08-22,0.1563785970211029,0.15363511443138123,0.15363511443138123,0.15363511443138123,357600.0,0.033935703337192535
1988-08-23,0.1563785970211029,0.15089163184165955,0.15363511443138123,0.15363511443138123,1077300.0,0.033935703337192535
1988-08-24,0.15363511443138123,0.15089163184165955,0.15363511443138123,0.15089163184165955,357600.0,0.033329714089632034
1988-08-25,0.15089163184165955,0.15089163184165955,0.15089163184165955,0.15089163184165955,309000.0,0.033329714089632034
1988-08-26,0.15089163184165955,0.1454046666622162,0.15089163184165955,0.1454046666622162,1038000.0,0.03211772069334984
1988-08-29,0.14814814925193787,0.1454046666622162,0.1454046666622162,0.1454046666622162,656100.0,0.03211772069334984
1988-08-30,0.14814814925193787,0.1454046666622162,0.1454046666622162,0.1454046666622162,1337700.0,0.03211772069334984
1988-08-31,0.14814814925193787,0.1426611840724945,0.1454046666622162,0.14814814925193787,2235600.0,0.03272372484207153
1988-09-01,0.14814814925193787,0.1454046666622162,0.14814814925193787,0.14814814925193787,673500.0,0.03272372484207153
1988-09-02,0.14814814925193787,0.1454046666622162,0.14814814925193787,0.14814814925193787,284700.0,0.03272372484207153
1988-09-06,0.14814814925193787,0.14814814925193787,0.14814814925193787,0.14814814925193787,657300.0,0.03272372484207153
1988-09-07,0.15089163184165955,0.1454046666622162,0.14814814925193787,0.1454046666622162,1086600.0,0.03211772069334984
1988-09-08,0.14814814925193787,0.1454046666622162,0.1454046666622162,0.1454046666622162,238800.0,0.03211772069334984
1988-09-09,0.14814814925193787,0.1454046666622162,0.1454046666622162,0.14814814925193787,503400.0,0.03272372484207153
1988-09-12,0.14814814925193787,0.1454046666622162,0.14814814925193787,0.1454046666622162,965100.0,0.03211772069334984
1988-09-13,0.14814814925193787,0.1454046666622162,0.1454046666622162,0.1454046666622162,567000.0,0.03211772069334984
1988-09-14,0.15089163184165955,0.1454046666622162,0.1454046666622162,0.14814814925193787,2686500.0,0.03272372484207153
1988-09-15,0.15089163184165955,0.1454046666622162,0.14814814925193787,0.1454046666622162,72900.0,0.03211772069334984
1988-09-16,0.15089163184165955,0.1454046666622162,0.1454046666622162,0.14814814925193787,858600.0,0.03272372484207153
1988-09-19,0.15089163184165955,0.1454046666622162,0.14814814925193787,0.1454046666622162,722100.0,0.03211772069334984
1988-09-20,0.15089163184165955,0.1454046666622162,0.1454046666622162,0.14814814925193787,900300.0,0.03272372484207153
1988-09-21,0.15089163184165955,0.14814814925193787,0.14814814925193787,0.15089163184165955,741000.0,0.033329714089632034
1988-09-22,0.15089163184165955,0.14814814925193787,0.15089163184165955,0.14814814925193787,639900.0,0.03272372484207153
1988-09-23,0.14814814925193787,0.1454046666622162,0.14814814925193787,0.1454046666622162,965100.0,0.03211772069334984
1988-09-26,0.1454046666622162,0.1454046666622162,0.1454046666622162,0.1454046666622162,1183800.0,0.03211772069334984
1988-09-27,0.1454046666622162,0.1426611840724945,0.1454046666622162,0.1426611840724945,1356600.0,0.03151174634695053
1988-09-28,0.1426611840724945,0.13991770148277283,0.1426611840724945,0.1426611840724945,467100.0,0.03151174634695053
1988-09-29,0.14814814925193787,0.1426611840724945,0.1426611840724945,0.14814814925193787,1621200.0,0.03272372484207153
1988-09-30,0.14814814925193787,0.1454046666622162,0.14814814925193787,0.14814814925193787,919200.0,0.03272372484207153
1988-10-03,0.14814814925193787,0.1454046666622162,0.14814814925193787,0.1454046666622162,627600.0,0.03211772069334984
1988-10-04,0.15089163184165955,0.14814814925193787,0.14814814925193787,0.15089163184165955,2187000.0,0.033329714089632034
1988-10-05,0.15912207961082458,0.15363511443138123,0.15363511443138123,0.15912207961082458,3589500.0,0.03514767810702324
1988-10-06,0.15912207961082458,0.1563785970211029,0.15912207961082458,0.1563785970211029,718200.0,0.03454170003533363
1988-10-07,0.16186556220054626,0.1563785970211029,0.1563785970211029,0.15912207961082458,1223100.0,0.03514767810702324
1988-10-10,0.15912207961082458,0.1563785970211029,0.15912207961082458,0.15912207961082458,1433700.0,0.03514767810702324
1988-10-11,0.16186556220054626,0.15912207961082458,0.15912207961082458,0.15912207961082458,936900.0,0.03514767810702324
1988-10-12,0.16186556220054626,0.15912207961082458,0.15912207961082458,0.15912207961082458,1287900.0,0.03514767810702324
1988-10-13,0.16186556220054626,0.15912207961082458,0.15912207961082458,0.15912207961082458,421200.0,0.03514767810702324
1988-10-14,0.16186556220054626,0.15912207961082458,0.15912207961082458,0.16186556220054626,692400.0,0.03575366735458374
1988-10-17,0.16460905969142914,0.16186556220054626,0.16186556220054626,0.16460905969142914,1915500.0,0.03635968267917633
1988-10-18,0.16735254228115082,0.16460905969142914,0.16460905969142914,0.16460905969142914,1183800.0,0.03635968267917633
1988-10-19,0.16735254228115082,0.16460905969142914,0.16460905969142914,0.16460905969142914,741000.0,0.03635968267917633
1988-10-20,0.17283950746059418,0.16460905969142914,0.16460905969142914,0.17283950746059418,2058600.0,0.03817765787243843
1988-10-21,0.18655692040920258,0.1700960248708725,0.17283950746059418,0.1838134378194809,4819500.0,0.04060165584087372
1988-10-24,0.18655692040920258,0.17832647264003754,0.1838134378194809,0.18106995522975922,2139600.0,0.03999566659331322
1988-10-25,0.17558299005031586,0.1700960248708725,0.17558299005031586,0.17558299005031586,2334000.0,0.03878365084528923
1988-10-26,0.17558299005031586,0.1700960248708725,0.17558299005031586,0.17283950746059418,1329600.0,0.03817765787243843
1988-10-27,0.17558299005031586,0.17283950746059418,0.17283950746059418,0.17283950746059418,1020600.0,0.03817765787243843
1988-10-28,0.17283950746059418,0.1700960248708725,0.17283950746059418,0.1700960248708725,765300.0,0.037571653723716736
1988-10-31,0.16460905969142914,0.16186556220054626,0.16460905969142914,0.16460905969142914,1640100.0,0.03635968267917633
1988-11-01,0.16735254228115082,0.16186556220054626,0.16460905969142914,0.16460905969142914,494100.0,0.03635968267917633
1988-11-02,0.16186556220054626,0.15912207961082458,0.16186556220054626,0.15912207961082458,2030400.0,0.03514767810702324
1988-11-03,0.16460905969142914,0.16186556220054626,0.16186556220054626,0.16460905969142914,1038000.0,0.03635968267917633
1988-11-04,0.16460905969142914,0.15912207961082458,0.16460905969142914,0.16460905969142914,765300.0,0.03635968267917633
1988-11-07,0.15912207961082458,0.1563785970211029,0.15912207961082458,0.1563785970211029,600600.0,0.03454170003533363
1988-11-08,0.1563785970211029,0.15363511443138123,0.1563785970211029,0.1563785970211029,1750800.0,0.03454170003533363
1988-11-09,0.15363511443138123,0.14814814925193787,0.15363511443138123,0.14814814925193787,546600.0,0.03272372484207153
1988-11-10,0.15363511443138123,0.14814814925193787,0.14814814925193787,0.15363511443138123,900300.0,0.033935703337192535
1988-11-11,0.15363511443138123,0.15089163184165955,0.15363511443138123,0.15363511443138123,394200.0,0.033935703337192535
1988-11-14,0.15089163184165955,0.14814814925193787,0.15089163184165955,0.15089163184165955,681600.0,0.033329714089632034
1988-11-15,0.15089163184165955,0.14814814925193787,0.15089163184165955,0.14814814925193787,619500.0,0.03272372484207153
1988-11-16,0.15089163184165955,0.14814814925193787,0.14814814925193787,0.15089163184165955,317100.0,0.033329714089632034
1988-11-17,0.15089163184165955,0.1454046666622162,0.15089163184165955,0.15089163184165955,527700.0,0.033329714089632034
1988-11-18,0.14814814925193787,0.1454046666622162,0.14814814925193787,0.14814814925193787,572400.0,0.03272372484207153
1988-11-21,0.15089163184165955,0.14814814925193787,0.14814814925193787,0.14814814925193787,540000.0,0.03272372484207153
1988-11-22,0.15089163184165955,0.14814814925193787,0.14814814925193787,0.14814814925193787,765300.0,0.03272372484207153
1988-11-23,0.15089163184165955,0.14814814925193787,0.14814814925193787,0.14814814925193787,408900.0,0.03272372484207153
1988-11-25,0.14814814925193787,0.1454046666622162,0.14814814925193787,0.1454046666622162,84900.0,0.03211772069334984
1988-11-28,0.14814814925193787,0.1454046666622162,0.1454046666622162,0.1454046666622162,365700.0,0.03211772069334984
1988-11-29,0.14814814925193787,0.1454046666622162,0.1454046666622162,0.14814814925193787,1183800.0,0.03272372484207153
1988-11-30,0.15089163184165955,0.1454046666622162,0.14814814925193787,0.14814814925193787,400800.0,0.03272372484207153
1988-12-01,0.15089163184165955,0.1454046666622162,0.14814814925193787,0.14814814925193787,467100.0,0.03272372484207153
1988-12-02,0.15089163184165955,0.1454046666622162,0.14814814925193787,0.14814814925193787,491400.0,0.03272372484207153
1988-12-05,0.15089163184165955,0.14814814925193787,0.14814814925193787,0.14814814925193787,1065000.0,0.03272372484207153
1988-12-06,0.15089163184165955,0.1454046666622162,0.14814814925193787,0.1454046666622162,491400.0,0.03211772069334984
1988-12-07,0.14814814925193787,0.1454046666622162,0.1454046666622162,0.14814814925193787,813900.0,0.03272372484207153
1988-12-08,0.14814814925193787,0.1454046666622162,0.14814814925193787,0.14814814925193787,959700.0,0.03272372484207153
1988-12-09,0.14814814925193787,0.1454046666622162,0.14814814925193787,0.1454046666622162,384600.0,0.03211772069334984
1988-12-12,0.15089163184165955,0.1454046666622162,0.1454046666622162,0.14814814925193787,1629300.0,0.03272372484207153
1988-12-13,0.15089163184165955,0.1454046666622162,0.14814814925193787,0.1454046666622162,454800.0,0.03211772069334984
1988-12-14,0.14814814925193787,0.1454046666622162,0.1454046666622162,0.1454046666622162,1907400.0,0.03211772069334984
1988-12-15,0.15089163184165955,0.1454046666622162,0.1454046666622162,0.14814814925193787,1166400.0,0.03272372484207153
1988-12-16,0.15089163184165955,0.14814814925193787,0.14814814925193787,0.14814814925193787,749100.0,0.03272372484207153
1988-12-19,0.15089163184165955,0.1426611840724945,0.14814814925193787,0.14814814925193787,1232400.0,0.03272372484207153
1988-12-20,0.14814814925193787,0.1454046666622162,0.14814814925193787,0.1454046666622162,1623900.0,0.03211772069334984
1988-12-21,0.1454046666622162,0.1426611840724945,0.1454046666622162,0.1426611840724945,1228500.0,0.03151174634695053
1988-12-22,0.1454046666622162,0.1426611840724945,0.1426611840724945,0.1454046666622162,1360800.0,0.03211772069334984
1988-12-23,0.1454046666622162,0.1426611840724945,0.1454046666622162,0.1426611840724945,813900.0,0.03151174634695053
1988-12-27,0.14814814925193787,0.1426611840724945,0.1426611840724945,0.1454046666622162,2673000.0,0.03211772069334984
1988-12-28,0.14814814925193787,0.1426611840724945,0.1454046666622162,0.1454046666622162,3026700.0,0.03211772069334984
1988-12-29,0.14814814925193787,0.1454046666622162,0.1454046666622162,0.14814814925193787,1750800.0,0.03272372484207153
1988-12-30,0.14814814925193787,0.13717420399188995,0.14814814925193787,0.14814814925193787,3657000.0,0.03272372484207153
1989-01-03,0.14814814925193787,0.14814814925193787,0.14814814925193787,0.14814814925193787,867900.0,0.03272372484207153
1989-01-04,0.1563785970211029,0.14814814925193787,0.14814814925193787,0.1563785970211029,2150400.0,0.03454170003533363
1989-01-05,0.16186556220054626,0.1563785970211029,0.1563785970211029,0.15912207961082458,1470000.0,0.03514767810702324
1989-01-06,0.16735254228115082,0.15912207961082458,0.15912207961082458,0.16735254228115082,1912800.0,0.03696567937731743
1989-01-09,0.1700960248708725,0.16735254228115082,0.16735254228115082,0.16735254228115082,3917700.0,0.03696567937731743
1989-01-10,0.1700960248708725,0.16735254228115082,0.16735254228115082,0.1700960248708725,1247400.0,0.037571653723716736
1989-01-11,0.1700960248708725,0.16735254228115082,0.1700960248708725,0.16735254228115082,850500.0,0.03696567937731743
1989-01-12,0.1700960248708725,0.16735254228115082,0.16735254228115082,0.1700960248708725,1269000.0,0.037571653723716736
1989-01-13,0.17558299005031586,0.1700960248708725,0.1700960248708725,0.17558299005031586,3196800.0,0.03878365084528923
1989-01-16,0.17832647264003754,0.17558299005031586,0.17558299005031586,0.17558299005031586,668100.0,0.03878365084528923
1989-01-17,0.17558299005031586,0.1700960248708725,0.17558299005031586,0.1700960248708725,1341900.0,0.037571653723716736
1989-01-18,0.1700960248708725,0.16735254228115082,0.1700960248708725,0.1700960248708725,1360800.0,0.037571653723716736
1989-01-19,0.17832647264003754,0.1700960248708725,0.1700960248708725,0.17832647264003754,3402000.0,0.03938966244459152
1989-01-20,0.18655692040920258,0.17832647264003754,0.17832647264003754,0.1838134378194809,7752900.0,0.04060165584087372
1989-01-23,0.18930041790008545,0.18655692040920258,0.18655692040920258,0.18930041790008545,2613600.0,0.041813649237155914
1989-01-24,0.19204390048980713,0.18655692040920258,0.18930041790008545,0.19204390048980713,2868600.0,0.04241962358355522
1989-01-25,0.1947873830795288,0.18930041790008545,0.19204390048980713,0.1947873830795288,2523000.0,0.043025609105825424
1989-01-26,0.20576131343841553,0.1947873830795288,0.1947873830795288,0.20301783084869385,5560500.0,0.04484361410140991
1989-01-27,0.2222222238779068,0.20576131343841553,0.20576131343841553,0.21947874128818512,10952400.0,0.0484795942902565
1989-01-30,0.2222222238779068,0.21673525869846344,0.21947874128818512,0.2222222238779068,6258600.0,0.04908556118607521
1989-01-31,0.22496570646762848,0.2222222238779068,0.2222222238779068,0.22496570646762848,4410300.0,0.0496915765106678
1989-02-01,0.2359396368265152,0.22496570646762848,0.22496570646762848,0.23319615423679352,3601800.0,0.05150953307747841
1989-02-02,0.23319615423679352,0.23045267164707184,0.23319615423679352,0.23045267164707184,4002600.0,0.0509035624563694
1989-02-03,0.23045267164707184,0.2222222238779068,0.23045267164707184,0.22496570646762848,5339100.0,0.0496915765106678
1989-02-06,0.22496570646762848,0.21399177610874176,0.22496570646762848,0.21399177610874176,5238000.0,0.04726758226752281
1989-02-07,0.21399177610874176,0.2112482786178589,0.21399177610874176,0.2112482786178589,2496000.0,0.04666158929467201
1989-02-08,0.21399177610874176,0.2112482786178589,0.2112482786178589,0.2112482786178589,1730700.0,0.04666158929467201
1989-02-09,0.21399177610874176,0.2112482786178589,0.2112482786178589,0.2112482786178589,1178400.0,0.04666158929467201
1989-02-10,0.2112482786178589,0.20027434825897217,0.2112482786178589,0.20027434825897217,4755900.0,0.04423760250210762
1989-02-13,0.20027434825897217,0.19204390048980713,0.20027434825897217,0.20027434825897217,3256200.0,0.04423760250210762
1989-02-14,0.2085047960281372,0.20027434825897217,0.20027434825897217,0.20576131343841553,2681100.0,0.0454496331512928
1989-02-15,0.2085047960281372,0.20301783084869385,0.20576131343841553,0.20576131343841553,621000.0,0.0454496331512928
1989-02-16,0.2085047960281372,0.20576131343841553,0.20576131343841553,0.20576131343841553,965100.0,0.0454496331512928
1989-02-17,0.20576131343841553,0.20301783084869385,0.20576131343841553,0.20576131343841553,408900.0,0.0454496331512928
1989-02-21,0.2085047960281372,0.20027434825897217,0.20576131343841553,0.20301783084869385,1677900.0,0.04484361410140991
1989-02-22,0.20301783084869385,0.1975308656692505,0.20301783084869385,0.1975308656692505,1256700.0,0.04363162815570831
1989-02-23,0.1975308656692505,0.19204390048980713,0.1975308656692505,0.1947873830795288,2058600.0,0.043025609105825424
1989-02-24,0.19204390048980713,0.1838134378194809,0.19204390048980713,0.18655692040920258,3342600.0,0.041207633912563324
1989-02-27,0.18930041790008545,0.18655692040920258,0.18655692040920258,0.18655692040920258,1393200.0,0.041207633912563324
1989-02-28,0.19204390048980713,0.18930041790008545,0.18930041790008545,0.18930041790008545,1069200.0,0.041813649237155914
1989-03-01,0.1947873830795288,0.18930041790008545,0.18930041790008545,0.18930041790008545,1240500.0,0.041813649237155914
1989-03-02,0.20027434825897217,0.1947873830795288,0.1947873830795288,0.1975308656692505,1429500.0,0.04363162815570831
1989-03-03,0.20027434825897217,0.1975308656692505,0.1975308656692505,0.1975308656692505,157800.0,0.04363162815570831
1989-03-06,0.20301783084869385,0.1975308656692505,0.1975308656692505,0.20301783084869385,1621200.0,0.04484361410140991
1989-03-07,0.20576131343841553,0.20027434825897217,0.20301783084869385,0.20576131343841553,1657800.0,0.0454496331512928
1989-03-08,0.2112482786178589,0.20027434825897217,0.20576131343841553,0.2085047960281372,2006100.0,0.04605560004711151
1989-03-09,0.2085047960281372,0.20576131343841553,0.2085047960281372,0.20576131343841553,600600.0,0.0454496331512928
1989-03-10,0.2085047960281372,0.20576131343841553,0.20576131343841553,0.20576131343841553,426600.0,0.0454496331512928
1989-03-13,0.2085047960281372,0.20576131343841553,0.20576131343841553,0.20576131343841553,56700.0,0.0454496331512928
1989-03-14,0.2085047960281372,0.20576131343841553,0.20576131343841553,0.2085047960281372,311700.0,0.04605560004711151
1989-03-15,0.2085047960281372,0.20576131343841553,0.2085047960281372,0.20576131343841553,6670200.0,0.0454496331512928
1989-03-16,0.2085047960281372,0.20576131343841553,0.20576131343841553,0.2085047960281372,2625600.0,0.04605560004711151
1989-03-17,0.20576131343841553,0.20027434825897217,0.20576131343841553,0.20301783084869385,1329600.0,0.04484361410140991
1989-03-20,0.20301783084869385,0.18930041790008545,0.20301783084869385,0.1947873830795288,1980300.0,0.043025609105825424
1989-03-21,0.1975308656692505,0.1947873830795288,0.1947873830795288,0.1975308656692505,199800.0,0.04363162815570831
1989-03-22,0.1975308656692505,0.1947873830795288,0.1975308656692505,0.1975308656692505,207900.0,0.04363162815570831
1989-03-23,0.1947873830795288,0.18930041790008545,0.1947873830795288,0.19204390048980713,668100.0,0.04241962358355522
1989-03-27,0.19204390048980713,0.18930041790008545,0.19204390048980713,0.19204390048980713,1459200.0,0.04241962358355522
1989-03-28,0.19204390048980713,0.18930041790008545,0.19204390048980713,0.19204390048980713,754500.0,0.04241962358355522
1989-03-29,0.1947873830795288,0.19204390048980713,0.19204390048980713,0.19204390048980713,291600.0,0.04241962358355522
1989-03-30,0.1947873830795288,0.19204390048980713,0.19204390048980713,0.19204390048980713,600600.0,0.04241962358355522
1989-03-31,0.1947873830795288,0.19204390048980713,0.19204390048980713,0.1947873830795288,499500.0,0.043025609105825424
1989-04-03,0.1947873830795288,0.19204390048980713,0.1947873830795288,0.1947873830795288,4374000.0,0.043025609105825424
1989-04-04,0.1947873830795288,0.1947873830795288,0.1947873830795288,0.1947873830795288,874800.0,0.043025609105825424
1989-04-05,0.1947873830795288,0.19204390048980713,0.1947873830795288,0.19204390048980713,1410600.0,0.04241962358355522
1989-04-06,0.1975308656692505,0.19204390048980713,0.19204390048980713,0.1975308656692505,1494300.0,0.04363162815570831
1989-04-07,0.1975308656692505,0.1947873830795288,0.1975308656692505,0.1975308656692505,426600.0,0.04363162815570831
1989-04-10,0.1975308656692505,0.1947873830795288,0.1975308656692505,0.1947873830795288,1439100.0,0.043025609105825424
1989-04-11,0.20027434825897217,0.1975308656692505,0.1975308656692505,0.1975308656692505,955800.0,0.04363162815570831
1989-04-12,0.20027434825897217,0.1975308656692505,0.1975308656692505,0.20027434825897217,777600.0,0.04423760250210762
1989-04-13,0.20301783084869385,0.20027434825897217,0.20027434825897217,0.20301783084869385,673500.0,0.04484361410140991
1989-04-14,0.21399177610874176,0.20027434825897217,0.20301783084869385,0.21399177610874176,2649900.0,0.04726758226752281
1989-04-17,0.21673525869846344,0.21399177610874176,0.21399177610874176,0.21399177610874176,1429500.0,0.04726758226752281
1989-04-18,0.23045267164707184,0.21947874128818512,0.21947874128818512,0.23045267164707184,6281400.0,0.0509035624563694
1989-04-19,0.23868313431739807,0.23045267164707184,0.23045267164707184,0.23868313431739807,3233100.0,0.052721548825502396
1989-04-20,0.23868313431739807,0.22770918905735016,0.23868313431739807,0.23045267164707184,3179100.0,0.0509035624563694
1989-04-21,0.22496570646762848,0.21947874128818512,0.22496570646762848,0.2222222238779068,4282200.0,0.04908556118607521
1989-04-24,0.2222222238779068,0.21673525869846344,0.2222222238779068,0.2222222238779068,1738800.0,0.04908556118607521
1989-04-25,0.2222222238779068,0.21947874128818512,0.2222222238779068,0.21947874128818512,656100.0,0.0484795942902565
1989-04-26,0.2222222238779068,0.21947874128818512,0.21947874128818512,0.21947874128818512,527700.0,0.0484795942902565
1989-04-27,0.22496570646762848,0.21947874128818512,0.21947874128818512,0.2222222238779068,2398800.0,0.04908556118607521
1989-04-28,0.22496570646762848,0.2222222238779068,0.2222222238779068,0.2222222238779068,645300.0,0.04908556118607521
1989-05-01,0.2222222238779068,0.21947874128818512,0.2222222238779068,0.21947874128818512,984000.0,0.0484795942902565
1989-05-02,0.2222222238779068,0.21947874128818512,0.21947874128818512,0.21947874128818512,996300.0,0.0484795942902565
1989-05-03,0.2222222238779068,0.21947874128818512,0.21947874128818512,0.21947874128818512,603300.0,0.0484795942902565
1989-05-04,0.2222222238779068,0.21673525869846344,0.21947874128818512,0.21947874128818512,867900.0,0.0484795942902565
1989-05-05,0.21947874128818512,0.21673525869846344,0.21947874128818512,0.21947874128818512,1077300.0,0.0484795942902565
1989-05-08,0.21947874128818512,0.21673525869846344,0.21947874128818512,0.21947874128818512,1895400.0,0.0484795942902565
1989-05-09,0.21947874128818512,0.21673525869846344,0.21947874128818512,0.21673525869846344,801900.0,0.0478735975921154
1989-05-10,0.21947874128818512,0.21673525869846344,0.21673525869846344,0.21947874128818512,1296000.0,0.0484795942902565
1989-05-11,0.22496570646762848,0.21947874128818512,0.21947874128818512,0.22496570646762848,1414800.0,0.0496915765106678
1989-05-12,0.22770918905735016,0.22496570646762848,0.22496570646762848,0.22496570646762848,1101600.0,0.0496915765106678
1989-05-15,0.24417009949684143,0.22770918905735016,0.22770918905735016,0.24142661690711975,5451300.0,0.0533275343477726
1989-05-16,0.24142661690711975,0.2359396368265152,0.24142661690711975,0.23868313431739807,2836200.0,0.052721548825502396
1989-05-17,0.24417009949684143,0.23868313431739807,0.23868313431739807,0.24417009949684143,2386800.0,0.053933512419462204
1989-05-18,0.2469135820865631,0.24142661690711975,0.24417009949684143,0.24417009949684143,1915500.0,0.053933512419462204
1989-05-19,0.2469135820865631,0.24417009949684143,0.24417009949684143,0.2469135820865631,1251300.0,0.054539527744054794
1989-05-22,0.2496570646762848,0.2469135820865631,0.2469135820865631,0.2496570646762848,900300.0,0.0551455020904541
1989-05-23,0.25788751244544983,0.25240054726600647,0.25240054726600647,0.25514402985572815,1366200.0,0.05635750666260719
1989-05-24,0.25788751244544983,0.25514402985572815,0.25514402985572815,0.25788751244544983,2143800.0,0.05696349963545799
1989-05-25,0.25788751244544983,0.25240054726600647,0.25788751244544983,0.25240054726600647,2216700.0,0.060502298176288605
1989-05-26,0.25240054726600647,0.24417009949684143,0.25240054726600647,0.2469135820865631,1713000.0,0.05918705835938454
1989-05-30,0.2496570646762848,0.2469135820865631,0.2469135820865631,0.2469135820865631,4090500.0,0.05918705835938454
1989-05-31,0.25788751244544983,0.2469135820865631,0.2469135820865631,0.25788751244544983,3755700.0,0.06181755289435387
1989-06-01,0.25788751244544983,0.25514402985572815,0.25788751244544983,0.25514402985572815,535800.0,0.061159953474998474
1989-06-02,0.2606309950351715,0.25788751244544983,0.25788751244544983,0.25788751244544983,2644500.0,0.06181755289435387
1989-06-05,0.2606309950351715,0.25788751244544983,0.25788751244544983,0.25788751244544983,967800.0,0.06181755289435387
1989-06-06,0.25788751244544983,0.2496570646762848,0.25788751244544983,0.2496570646762848,1976400.0,0.05984468013048172
1989-06-07,0.25240054726600647,0.2496570646762848,0.2496570646762848,0.25240054726600647,535800.0,0.060502298176288605
1989-06-08,0.2633744776248932,0.25240054726600647,0.25240054726600647,0.2606309950351715,3025200.0,0.06247520446777344
1989-06-09,0.2633744776248932,0.25788751244544983,0.2606309950351715,0.2633744776248932,2061300.0,0.0631328672170639
1989-06-12,0.2633744776248932,0.25788751244544983,0.2633744776248932,0.2606309950351715,1669800.0,0.06247520446777344
1989-06-13,0.2633744776248932,0.25788751244544983,0.2606309950351715,0.2633744776248932,3045600.0,0.0631328672170639
1989-06-14,0.26611796021461487,0.2606309950351715,0.2633744776248932,0.2633744776248932,3410100.0,0.0631328672170639
1989-06-15,0.2606309950351715,0.25788751244544983,0.2606309950351715,0.25788751244544983,475200.0,0.06181755289435387
1989-06-16,0.2606309950351715,0.25788751244544983,0.25788751244544983,0.2606309950351715,791100.0,0.06247520446777344
1989-06-19,0.2606309950351715,0.25788751244544983,0.2606309950351715,0.2606309950351715,426600.0,0.06247520446777344
1989-06-20,0.2633744776248932,0.25788751244544983,0.2606309950351715,0.2633744776248932,2012700.0,0.0631328672170639
1989-06-21,0.2633744776248932,0.2606309950351715,0.2633744776248932,0.2633744776248932,1167600.0,0.0631328672170639
1989-06-22,0.26611796021461487,0.2606309950351715,0.2633744776248932,0.26611796021461487,2261100.0,0.0637904703617096
1989-06-23,0.26611796021461487,0.2633744776248932,0.26611796021461487,0.26611796021461487,1093500.0,0.0637904703617096
1989-06-26,0.26611796021461487,0.2633744776248932,0.26611796021461487,0.2633744776248932,267300.0,0.0631328672170639
1989-06-27,0.2633744776248932,0.2606309950351715,0.2633744776248932,0.2606309950351715,1058400.0,0.06247520446777344
1989-06-28,0.2633744776248932,0.25240054726600647,0.2606309950351715,0.25240054726600647,882900.0,0.060502298176288605
1989-06-29,0.25240054726600647,0.2359396368265152,0.25240054726600647,0.23868313431739807,10134300.0,0.05721414461731911
1989-06-30,0.24142661690711975,0.23319615423679352,0.24142661690711975,0.24142661690711975,2061300.0,0.057871777564287186
1989-07-03,0.2496570646762848,0.24142661690711975,0.24142661690711975,0.2469135820865631,1167600.0,0.05918705835938454
1989-07-05,0.25788751244544983,0.2496570646762848,0.25240054726600647,0.25788751244544983,1137900.0,0.06181755289435387
1989-07-06,0.26611796021461487,0.2606309950351715,0.2606309950351715,0.26611796021461487,4107900.0,0.0637904703617096
1989-07-07,0.2743484079837799,0.26611796021461487,0.26611796021461487,0.26886144280433655,5157000.0,0.06444810330867767
1989-07-10,0.27983540296554565,0.26886144280433655,0.26886144280433655,0.277091920375824,2131500.0,0.06642100214958191
1989-07-11,0.27983540296554565,0.277091920375824,0.27983540296554565,0.277091920375824,1433700.0,0.06642100214958191
1989-07-12,0.27983540296554565,0.277091920375824,0.277091920375824,0.27983540296554565,1183800.0,0.06707864999771118
1989-07-13,0.27983540296554565,0.277091920375824,0.277091920375824,0.27983540296554565,1360800.0,0.06707864999771118
1989-07-14,0.27983540296554565,0.2743484079837799,0.277091920375824,0.277091920375824,3264300.0,0.06642100214958191
1989-07-17,0.2908093333244324,0.277091920375824,0.27983540296554565,0.285322368144989,2176200.0,0.06839395314455032
1989-07-18,0.30452674627304077,0.2880658507347107,0.2908093333244324,0.3017832636833191,1848000.0,0.07233970612287521
1989-07-19,0.33470508456230164,0.30727022886276245,0.33470508456230164,0.3264746367931366,5868300.0,0.07825841009616852
1989-07-20,0.340192049741745,0.33196160197257996,0.33470508456230164,0.33196160197257996,5205600.0,0.07957370579242706
1989-07-21,0.33470508456230164,0.32098764181137085,0.33470508456230164,0.32373112440109253,1787400.0,0.07760076224803925
1989-07-24,0.32098764181137085,0.31824415922164917,0.32098764181137085,0.32098764181137085,1495800.0,0.07694317400455475
1989-07-25,0.32373112440109253,0.31824415922164917,0.31824415922164917,0.32098764181137085,1368900.0,0.07694317400455475
1989-07-26,0.32098764181137085,0.3155006766319275,0.32098764181137085,0.32098764181137085,838200.0,0.08212409913539886
1989-07-27,0.340192049741745,0.32373112440109253,0.32373112440109253,0.3374485671520233,2095200.0,0.08633559197187424
1989-07-28,0.34842249751091003,0.3292181193828583,0.33470508456230164,0.3429355323314667,3985200.0,0.08773939311504364
1989-07-31,0.36213991045951843,0.34567901492118835,0.34842249751091003,0.36213991045951843,2741700.0,0.0926528349518776
1989-08-01,0.37311384081840515,0.35939642786979675,0.3648833930492401,0.35939642786979675,6969900.0,0.0919509083032608
1989-08-02,0.3676268756389618,0.35939642786979675,0.35939642786979675,0.35939642786979675,2868600.0,0.0919509083032608
1989-08-03,0.36213991045951843,0.3511659801006317,0.36213991045951843,0.3539094626903534,1725300.0,0.09054708480834961
1989-08-04,0.3566529452800751,0.3374485671520233,0.3566529452800751,0.3429355323314667,1876500.0,0.08773939311504364
1989-08-07,0.3539094626903534,0.34567901492118835,0.34567901492118835,0.34842249751091003,2151900.0,0.08914324641227722
1989-08-08,0.3511659801006317,0.34567901492118835,0.3511659801006317,0.34842249751091003,928800.0,0.08914324641227722
1989-08-09,0.34842249751091003,0.34567901492118835,0.34842249751091003,0.34567901492118835,1405200.0,0.08844131976366043
1989-08-10,0.34842249751091003,0.33470508456230164,0.3429355323314667,0.34842249751091003,1952100.0,0.08914324641227722
1989-08-11,0.3511659801006317,0.3292181193828583,0.34842249751091003,0.33470508456230164,3318300.0,0.08563365042209625
1989-08-14,0.340192049741745,0.33470508456230164,0.3374485671520233,0.33470508456230164,1093500.0,0.08563365042209625
1989-08-15,0.3374485671520233,0.32373112440109253,0.3374485671520233,0.33470508456230164,3146700.0,0.08563365042209625
1989-08-16,0.33470508456230164,0.3264746367931366,0.33196160197257996,0.3264746367931366,2199000.0,0.08352790027856827
1989-08-17,0.3292181193828583,0.32098764181137085,0.3264746367931366,0.3264746367931366,1915500.0,0.08352790027856827
1989-08-18,0.3292181193828583,0.32373112440109253,0.3264746367931366,0.3264746367931366,959700.0,0.08352790027856827
1989-08-21,0.3292181193828583,0.3264746367931366,0.3292181193828583,0.3264746367931366,1147500.0,0.08352790027856827
1989-08-22,0.32373112440109253,0.3127571940422058,0.32373112440109253,0.3155006766319275,2406900.0,0.08072023838758469
1989-08-23,0.3292181193828583,0.3155006766319275,0.3155006766319275,0.3292181193828583,1094700.0,0.08422982692718506
1989-08-24,0.34567901492118835,0.33196160197257996,0.33196160197257996,0.3429355323314667,2352900.0,0.08773939311504364
1989-08-25,0.3566529452800751,0.34567901492118835,0.34567901492118835,0.34842249751091003,5771100.0,0.08914324641227722
1989-08-28,0.3566529452800751,0.3429355323314667,0.3511659801006317,0.34842249751091003,3215700.0,0.08914324641227722
1989-08-29,0.34842249751091003,0.340192049741745,0.3429355323314667,0.34842249751091003,3306000.0,0.08914324641227722
1989-08-30,0.3511659801006317,0.34842249751091003,0.3511659801006317,0.34842249751091003,413100.0,0.08914324641227722
1989-08-31,0.3511659801006317,0.34567901492118835,0.3511659801006317,0.34567901492118835,1082700.0,0.08844131976366043
1989-09-01,0.34567901492118835,0.340192049741745,0.340192049741745,0.340192049741745,1767000.0,0.08703748136758804
1989-09-05,0.34842249751091003,0.3429355323314667,0.3429355323314667,0.34567901492118835,572400.0,0.08844131976366043
1989-09-06,0.34842249751091003,0.33470508456230164,0.34842249751091003,0.3429355323314667,1879200.0,0.08773939311504364
1989-09-07,0.34567901492118835,0.340192049741745,0.34567901492118835,0.3429355323314667,1232400.0,0.08773939311504364
1989-09-08,0.34567901492118835,0.3429355323314667,0.34567901492118835,0.34567901492118835,365700.0,0.08844131976366043
1989-09-11,0.3429355323314667,0.340192049741745,0.3429355323314667,0.340192049741745,390000.0,0.08703748136758804
1989-09-12,0.34567901492118835,0.340192049741745,0.3429355323314667,0.3429355323314667,1385100.0,0.08773939311504364
1989-09-13,0.3429355323314667,0.33470508456230164,0.3429355323314667,0.3374485671520233,657300.0,0.08633559197187424
1989-09-14,0.3374485671520233,0.31824415922164917,0.33470508456230164,0.3264746367931366,2459700.0,0.08352790027856827
1989-09-15,0.3264746367931366,0.3155006766319275,0.32373112440109253,0.3155006766319275,2042400.0,0.08072023838758469
1989-09-18,0.32098764181137085,0.31001371145248413,0.32098764181137085,0.31824415922164917,1475400.0,0.08142215758562088
1989-09-19,0.32098764181137085,0.3155006766319275,0.3155006766319275,0.32098764181137085,1665900.0,0.08212409913539886
1989-09-20,0.3264746367931366,0.32098764181137085,0.32373112440109253,0.32098764181137085,510300.0,0.08212409913539886
1989-09-21,0.3264746367931366,0.32098764181137085,0.32373112440109253,0.32373112440109253,1223100.0,0.08282595872879028
1989-09-22,0.3292181193828583,0.3264746367931366,0.3292181193828583,0.3292181193828583,426600.0,0.08422982692718506
1989-09-25,0.3264746367931366,0.32373112440109253,0.32373112440109253,0.3264746367931366,190200.0,0.08352790027856827
1989-09-26,0.3264746367931366,0.3127571940422058,0.3264746367931366,0.31824415922164917,5196000.0,0.08142215758562088
1989-09-27,0.3155006766319275,0.30727022886276245,0.3155006766319275,0.31001371145248413,2770200.0,0.07931643724441528
1989-09-28,0.30727022886276245,0.29629629850387573,0.30727022886276245,0.3017832636833191,1447200.0,0.0772106871008873
1989-09-29,0.30727022886276245,0.3017832636833191,0.3017832636833191,0.30727022886276245,791100.0,0.07861451804637909
1989-10-02,0.31001371145248413,0.3017832636833191,0.31001371145248413,0.30727022886276245,1738800.0,0.07861451804637909
1989-10-03,0.32373112440109253,0.30727022886276245,0.30727022886276245,0.32373112440109253,1466100.0,0.08282595872879028
1989-10-04,0.3264746367931366,0.32098764181137085,0.3264746367931366,0.32098764181137085,1196100.0,0.08212409913539886
1989-10-05,0.32373112440109253,0.32098764181137085,0.32373112440109253,0.32373112440109253,2022300.0,0.08282595872879028
1989-10-06,0.3292181193828583,0.32373112440109253,0.32373112440109253,0.32373112440109253,1694100.0,0.08282595872879028
1989-10-09,0.32373112440109253,0.32098764181137085,0.32373112440109253,0.32373112440109253,603300.0,0.08282595872879028
1989-10-10,0.32373112440109253,0.3155006766319275,0.32373112440109253,0.3155006766319275,931500.0,0.08072023838758469
1989-10-11,0.3155006766319275,0.31001371145248413,0.3155006766319275,0.31001371145248413,810000.0,0.07931643724441528
1989-10-12,0.3127571940422058,0.30727022886276245,0.3127571940422058,0.30727022886276245,600600.0,0.07861451804637909
1989-10-13,0.3127571940422058,0.27983540296554565,0.31001371145248413,0.27983540296554565,2389500.0,0.07159534841775894
1989-10-16,0.2716049253940582,0.25514402985572815,0.25788751244544983,0.2716049253940582,7589700.0,0.06948957592248917
1989-10-17,0.27983540296554565,0.2633744776248932,0.277091920375824,0.2716049253940582,4892400.0,0.06948957592248917
1989-10-18,0.2716049253940582,0.2633744776248932,0.2633744776248932,0.2716049253940582,850500.0,0.06948957592248917
1989-10-19,0.285322368144989,0.26611796021461487,0.2743484079837799,0.28257888555526733,1397100.0,0.07229727506637573
1989-10-20,0.2990397810935974,0.285322368144989,0.285322368144989,0.2990397810935974,1410600.0,0.07650874555110931
1989-10-23,0.30727022886276245,0.29629629850387573,0.2990397810935974,0.2990397810935974,1532100.0,0.07650874555110931
1989-10-24,0.30452674627304077,0.2908093333244324,0.30452674627304077,0.29355281591415405,2016900.0,0.07510494440793991
1989-10-25,0.29629629850387573,0.29355281591415405,0.29355281591415405,0.29355281591415405,299700.0,0.07510494440793991
1989-10-26,0.29355281591415405,0.27983540296554565,0.2908093333244324,0.27983540296554565,2970000.0,0.0752265676856041
1989-10-27,0.277091920375824,0.2716049253940582,0.277091920375824,0.2743484079837799,6809400.0,0.07375156134366989
1989-10-30,0.28257888555526733,0.277091920375824,0.277091920375824,0.27983540296554565,656100.0,0.0752265676856041
1989-10-31,0.285322368144989,0.27983540296554565,0.27983540296554565,0.285322368144989,1641600.0,0.07670161873102188
1989-11-01,0.2880658507347107,0.285322368144989,0.2880658507347107,0.285322368144989,199800.0,0.07670161873102188
1989-11-02,0.2880658507347107,0.28257888555526733,0.2880658507347107,0.285322368144989,364500.0,0.07670161873102188
1989-11-03,0.285322368144989,0.27983540296554565,0.28257888555526733,0.27983540296554565,408900.0,0.0752265676856041
1989-11-06,0.28257888555526733,0.2743484079837799,0.27983540296554565,0.2743484079837799,892200.0,0.07375156134366989
1989-11-07,0.277091920375824,0.2716049253940582,0.2743484079837799,0.277091920375824,1293300.0,0.07448907941579819
1989-11-08,0.2908093333244324,0.2743484079837799,0.277091920375824,0.285322368144989,1259400.0,0.07670161873102188
1989-11-09,0.29355281591415405,0.285322368144989,0.285322368144989,0.29355281591415405,1514700.0,0.07891415804624557
1989-11-10,0.2990397810935974,0.29355281591415405,0.29355281591415405,0.29629629850387573,1077300.0,0.07965169101953506
1989-11-13,0.29629629850387573,0.29355281591415405,0.29629629850387573,0.29355281591415405,394200.0,0.07891415804624557
1989-11-14,0.2990397810935974,0.29355281591415405,0.29355281591415405,0.29629629850387573,1402500.0,0.07965169101953506
1989-11-15,0.2990397810935974,0.29355281591415405,0.29629629850387573,0.29629629850387573,1615800.0,0.07965169101953506
1989-11-16,0.29629629850387573,0.2908093333244324,0.29355281591415405,0.2908093333244324,2199000.0,0.07817666232585907
1989-11-17,0.29355281591415405,0.2908093333244324,0.2908093333244324,0.2908093333244324,145800.0,0.07817666232585907
1989-11-20,0.2880658507347107,0.285322368144989,0.285322368144989,0.285322368144989,481800.0,0.07670161873102188
1989-11-21,0.2908093333244324,0.28257888555526733,0.285322368144989,0.285322368144989,967800.0,0.07670161873102188
1989-11-22,0.285322368144989,0.27983540296554565,0.285322368144989,0.28257888555526733,317100.0,0.07596410810947418
1989-11-24,0.2880658507347107,0.28257888555526733,0.28257888555526733,0.285322368144989,758700.0,0.07670161873102188
1989-11-27,0.28257888555526733,0.2743484079837799,0.27983540296554565,0.27983540296554565,2467800.0,0.0752265676856041
1989-11-28,0.28257888555526733,0.277091920375824,0.28257888555526733,0.27983540296554565,1596900.0,0.0752265676856041
1989-11-29,0.285322368144989,0.277091920375824,0.277091920375824,0.277091920375824,1742700.0,0.07448907941579819
1989-11-30,0.27983540296554565,0.2743484079837799,0.277091920375824,0.2743484079837799,1074600.0,0.07375156134366989
1989-12-01,0.2743484079837799,0.26886144280433655,0.2716049253940582,0.2716049253940582,6562200.0,0.0730140432715416
1989-12-04,0.27983540296554565,0.2716049253940582,0.2716049253940582,0.27983540296554565,631800.0,0.0752265676856041
1989-12-05,0.30452674627304077,0.27983540296554565,0.28257888555526733,0.29355281591415405,3225000.0,0.07891415804624557
1989-12-06,0.3155006766319275,0.2908093333244324,0.29355281591415405,0.3155006766319275,2316600.0,0.08481430262327194
1989-12-07,0.32373112440109253,0.3127571940422058,0.3155006766319275,0.32098764181137085,1730700.0,0.08628932386636734
1989-12-08,0.32373112440109253,0.31824415922164917,0.32098764181137085,0.32098764181137085,1232400.0,0.08628932386636734
1989-12-11,0.32098764181137085,0.31001371145248413,0.32098764181137085,0.3127571940422058,510300.0,0.08407681435346603
1989-12-12,0.3155006766319275,0.30727022886276245,0.31001371145248413,0.3127571940422058,1652400.0,0.08407681435346603
1989-12-13,0.3264746367931366,0.3127571940422058,0.3127571940422058,0.3264746367931366,1629300.0,0.08776436001062393
1989-12-14,0.3264746367931366,0.32098764181137085,0.3264746367931366,0.32373112440109253,603300.0,0.08702683448791504
1989-12-15,0.3264746367931366,0.31824415922164917,0.32373112440109253,0.3264746367931366,722100.0,0.08776436001062393
1989-12-18,0.3292181193828583,0.3127571940422058,0.32373112440109253,0.3127571940422058,1530900.0,0.08407681435346603
1989-12-19,0.30727022886276245,0.29629629850387573,0.30727022886276245,0.2990397810935974,2370600.0,0.08038920164108276
1989-12-20,0.30452674627304077,0.2990397810935974,0.3017832636833191,0.30452674627304077,766800.0,0.08186423778533936
1989-12-21,0.30452674627304077,0.3017832636833191,0.30452674627304077,0.30452674627304077,202500.0,0.08186423778533936
1989-12-22,0.30727022886276245,0.2990397810935974,0.3017832636833191,0.30727022886276245,1439100.0,0.08260178565979004
1989-12-26,0.30452674627304077,0.3017832636833191,0.30452674627304077,0.3017832636833191,211800.0,0.08112670481204987
1989-12-27,0.30452674627304077,0.3017832636833191,0.3017832636833191,0.3017832636833191,147000.0,0.08112670481204987
1989-12-28,0.30452674627304077,0.29629629850387573,0.3017832636833191,0.30452674627304077,965100.0,0.08186423778533936
1989-12-29,0.30727022886276245,0.3017832636833191,0.3017832636833191,0.30452674627304077,985500.0,0.08186423778533936
1990-01-02,0.31001371145248413,0.30452674627304077,0.30727022886276245,0.31001371145248413,499500.0,0.08333925157785416
1990-01-03,0.3264746367931366,0.3155006766319275,0.31824415922164917,0.32373112440109253,1603800.0,0.08702683448791504
1990-01-04,0.3292181193828583,0.32098764181137085,0.3264746367931366,0.32098764181137085,839700.0,0.08628932386636734
1990-01-05,0.3264746367931366,0.32098764181137085,0.32098764181137085,0.32098764181137085,1421400.0,0.08628932386636734
1990-01-08,0.33196160197257996,0.32098764181137085,0.32098764181137085,0.3292181193828583,1848000.0,0.08850191533565521
1990-01-09,0.33196160197257996,0.32373112440109253,0.33196160197257996,0.32373112440109253,2296200.0,0.08702683448791504
1990-01-10,0.3264746367931366,0.32098764181137085,0.32373112440109253,0.32098764181137085,402300.0,0.08628932386636734
1990-01-11,0.32373112440109253,0.32098764181137085,0.32098764181137085,0.32373112440109253,272700.0,0.08702683448791504
1990-01-12,0.32098764181137085,0.3127571940422058,0.32098764181137085,0.3155006766319275,2151900.0,0.08481430262327194
1990-01-15,0.31001371145248413,0.3017832636833191,0.31001371145248413,0.30452674627304077,3662400.0,0.08186423778533936
1990-01-16,0.31001371145248413,0.29629629850387573,0.3017832636833191,0.31001371145248413,2061300.0,0.08333925157785416
1990-01-17,0.32098764181137085,0.3127571940422058,0.3155006766319275,0.3155006766319275,1676700.0,0.08481430262327194
1990-01-18,0.31824415922164917,0.30727022886276245,0.31824415922164917,0.3127571940422058,1050300.0,0.08407681435346603
1990-01-19,0.32098764181137085,0.3155006766319275,0.31824415922164917,0.31824415922164917,1069200.0,0.08555178344249725
1990-01-22,0.32098764181137085,0.31001371145248413,0.32098764181137085,0.3127571940422058,1584900.0,0.08407681435346603
1990-01-23,0.3155006766319275,0.30727022886276245,0.3127571940422058,0.30727022886276245,1451100.0,0.08260178565979004
1990-01-24,0.30452674627304077,0.3017832636833191,0.30452674627304077,0.3017832636833191,503400.0,0.08112670481204987
1990-01-25,0.30452674627304077,0.3017832636833191,0.3017832636833191,0.30452674627304077,345600.0,0.08186423778533936
1990-01-26,0.30727022886276245,0.29629629850387573,0.3017832636833191,0.29629629850387573,7593600.0,0.08353888243436813
1990-01-29,0.2990397810935974,0.29355281591415405,0.2990397810935974,0.29355281591415405,4290300.0,0.08276534825563431
1990-01-30,0.29355281591415405,0.2908093333244324,0.29355281591415405,0.29355281591415405,1993800.0,0.08276534825563431
1990-01-31,0.29629629850387573,0.29355281591415405,0.29355281591415405,0.29629629850387573,1337700.0,0.08353888243436813
1990-02-01,0.30727022886276245,0.29629629850387573,0.29629629850387573,0.30727022886276245,1750800.0,0.08663292229175568
1990-02-02,0.30727022886276245,0.3017832636833191,0.30452674627304077,0.3017832636833191,153900.0,0.08508586883544922
1990-02-05,0.3017832636833191,0.29629629850387573,0.29629629850387573,0.3017832636833191,627600.0,0.08508586883544922
1990-02-06,0.3017832636833191,0.2990397810935974,0.3017832636833191,0.3017832636833191,639900.0,0.08508586883544922
1990-02-07,0.30727022886276245,0.2990397810935974,0.2990397810935974,0.30452674627304077,572400.0,0.08585935831069946
1990-02-08,0.31001371145248413,0.30452674627304077,0.30452674627304077,0.31001371145248413,357600.0,0.08740634471178055
1990-02-09,0.32098764181137085,0.31001371145248413,0.31001371145248413,0.32098764181137085,1320300.0,0.09050041437149048
1990-02-12,0.31824415922164917,0.3155006766319275,0.3155006766319275,0.31824415922164917,1256700.0,0.08972688019275665
1990-02-13,0.32373112440109253,0.31824415922164917,0.32373112440109253,0.32098764181137085,923400.0,0.09050041437149048
1990-02-14,0.33196160197257996,0.32373112440109253,0.32373112440109253,0.3264746367931366,4950300.0,0.09204745292663574
1990-02-15,0.3292181193828583,0.32373112440109253,0.32373112440109253,0.3264746367931366,1611900.0,0.09204745292663574
1990-02-16,0.3374485671520233,0.3292181193828583,0.33196160197257996,0.33196160197257996,2358300.0,0.09359445422887802
1990-02-20,0.3292181193828583,0.32098764181137085,0.3292181193828583,0.32373112440109253,1082700.0,0.09127391874790192
1990-02-21,0.32373112440109253,0.31824415922164917,0.32098764181137085,0.32373112440109253,867900.0,0.09127391874790192
1990-02-22,0.33470508456230164,0.32373112440109253,0.3264746367931366,0.33196160197257996,3081900.0,0.09359445422887802
1990-02-23,0.3292181193828583,0.3264746367931366,0.3292181193828583,0.3292181193828583,839700.0,0.09282097965478897
1990-02-26,0.3292181193828583,0.32373112440109253,0.32373112440109253,0.3292181193828583,996300.0,0.09282097965478897
1990-02-27,0.3264746367931366,0.32373112440109253,0.32373112440109253,0.32373112440109253,486000.0,0.09127391874790192
1990-02-28,0.33470508456230164,0.32373112440109253,0.32373112440109253,0.33470508456230164,1220400.0,0.09436796605587006
1990-03-01,0.3511659801006317,0.33470508456230164,0.33470508456230164,0.34842249751091003,2941500.0,0.09823549538850784
1990-03-02,0.3676268756389618,0.3539094626903534,0.3566529452800751,0.3539094626903534,9999300.0,0.0997825488448143
1990-03-05,0.35939642786979675,0.3539094626903534,0.3566529452800751,0.3566529452800751,4710000.0,0.10055597871541977
1990-03-06,0.38683128356933594,0.3539094626903534,0.3539094626903534,0.38683128356933594,3881100.0,0.10906466096639633
1990-03-07,0.3895747661590576,0.37311384081840515,0.38408780097961426,0.3813443183898926,6088500.0,0.10751758515834808
1990-03-08,0.3923182487487793,0.3786008358001709,0.3813443183898926,0.3923182487487793,2745900.0,0.11061166226863861
1990-03-09,0.38683128356933594,0.3758573532104492,0.38683128356933594,0.3813443183898926,3646200.0,0.10751758515834808
1990-03-12,0.38683128356933594,0.3786008358001709,0.3813443183898926,0.3813443183898926,3925800.0,0.10751758515834808
1990-03-13,0.3923182487487793,0.3813443183898926,0.3813443183898926,0.38683128356933594,2552700.0,0.10906466096639633
1990-03-14,0.38683128356933594,0.3786008358001709,0.38408780097961426,0.3786008358001709,4865400.0,0.10674416273832321
1990-03-15,0.3813443183898926,0.3758573532104492,0.3813443183898926,0.3758573532104492,4272600.0,0.1059705913066864
1990-03-16,0.3786008358001709,0.3758573532104492,0.3786008358001709,0.3758573532104492,1648200.0,0.1059705913066864
1990-03-19,0.3758573532104492,0.3676268756389618,0.3758573532104492,0.37037035822868347,3069900.0,0.10442354530096054
1990-03-20,0.3786008358001709,0.37037035822868347,0.37037035822868347,0.37311384081840515,2544600.0,0.10519705712795258
1990-03-21,0.3758573532104492,0.37037035822868347,0.37037035822868347,0.3758573532104492,2134200.0,0.1059705913066864
1990-03-22,0.37311384081840515,0.3676268756389618,0.37311384081840515,0.3676268756389618,2158500.0,0.10365002602338791
1990-03-23,0.37311384081840515,0.3676268756389618,0.3676268756389618,0.37037035822868347,1980300.0,0.10442354530096054
1990-03-26,0.3758573532104492,0.37037035822868347,0.37037035822868347,0.37311384081840515,886800.0,0.10519705712795258
1990-03-27,0.3758573532104492,0.37311384081840515,0.3758573532104492,0.37311384081840515,535800.0,0.10519705712795258
1990-03-28,0.3758573532104492,0.37311384081840515,0.3758573532104492,0.3758573532104492,2486700.0,0.1059705913066864
1990-03-29,0.37311384081840515,0.37037035822868347,0.37311384081840515,0.37037035822868347,445500.0,0.10442354530096054
1990-03-30,0.37311384081840515,0.37037035822868347,0.37311384081840515,0.37311384081840515,886800.0,0.10519705712795258
1990-04-02,0.37037035822868347,0.36213991045951843,0.37037035822868347,0.36213991045951843,3365400.0,0.1021030843257904
1990-04-03,0.3648833930492401,0.3566529452800751,0.36213991045951843,0.3648833930492401,7830000.0,0.10287652164697647
1990-04-04,0.3758573532104492,0.3676268756389618,0.3676268756389618,0.37311384081840515,2114100.0,0.10519705712795258
1990-04-05,0.3758573532104492,0.37311384081840515,0.37311384081840515,0.3758573532104492,1896600.0,0.1059705913066864
1990-04-06,0.3813443183898926,0.37311384081840515,0.3786008358001709,0.37311384081840515,948900.0,0.10519705712795258
1990-04-09,0.3758573532104492,0.3676268756389618,0.37311384081840515,0.3676268756389618,1888500.0,0.10365002602338791
1990-04-10,0.3758573532104492,0.3676268756389618,0.3676268756389618,0.37311384081840515,365700.0,0.10519705712795258
1990-04-11,0.3758573532104492,0.37037035822868347,0.37311384081840515,0.37311384081840515,2025000.0,0.10519705712795258
1990-04-12,0.37311384081840515,0.37037035822868347,0.37311384081840515,0.37037035822868347,510300.0,0.10442354530096054
1990-04-16,0.3758573532104492,0.37037035822868347,0.3758573532104492,0.37037035822868347,967800.0,0.10442354530096054
1990-04-17,0.3676268756389618,0.3648833930492401,0.3676268756389618,0.3676268756389618,486000.0,0.10365002602338791
1990-04-18,0.3676268756389618,0.34842249751091003,0.3648833930492401,0.34842249751091003,1459200.0,0.09823549538850784
1990-04-19,0.340192049741745,0.32373112440109253,0.3292181193828583,0.33470508456230164,7720500.0,0.09436796605587006
1990-04-20,0.3429355323314667,0.3292181193828583,0.33196160197257996,0.3374485671520233,5730600.0,0.0951414555311203
1990-04-23,0.33470508456230164,0.3292181193828583,0.3292181193828583,0.33196160197257996,1785900.0,0.09359445422887802
1990-04-24,0.340192049741745,0.3374485671520233,0.3374485671520233,0.3374485671520233,1587600.0,0.0951414555311203
1990-04-25,0.34567901492118835,0.33196160197257996,0.33470508456230164,0.34567901492118835,673500.0,0.1017339676618576
1990-04-26,0.3292181193828583,0.3264746367931366,0.3292181193828583,0.3292181193828583,1360800.0,0.09688952565193176
1990-04-27,0.33196160197257996,0.3264746367931366,0.3292181193828583,0.3292181193828583,1113600.0,0.09688952565193176
1990-04-30,0.33196160197257996,0.3292181193828583,0.3292181193828583,0.33196160197257996,376500.0,0.09769690781831741
1990-05-01,0.3429355323314667,0.3264746367931366,0.3264746367931366,0.33196160197257996,1871100.0,0.09769690781831741
1990-05-02,0.33470508456230164,0.3292181193828583,0.33196160197257996,0.3292181193828583,503400.0,0.09688952565193176
1990-05-03,0.340192049741745,0.33196160197257996,0.33196160197257996,0.340192049741745,1575300.0,0.10011916607618332
1990-05-04,0.34842249751091003,0.340192049741745,0.3429355323314667,0.34842249751091003,3726000.0,0.10254135727882385
1990-05-07,0.3539094626903534,0.34842249751091003,0.34842249751091003,0.3511659801006317,1058400.0,0.10334879904985428
1990-05-08,0.3539094626903534,0.34842249751091003,0.3511659801006317,0.34842249751091003,1470000.0,0.10254135727882385
1990-05-09,0.34842249751091003,0.3429355323314667,0.34842249751091003,0.34842249751091003,639900.0,0.10254135727882385
1990-05-10,0.3511659801006317,0.34567901492118835,0.34842249751091003,0.34567901492118835,4503600.0,0.1017339676618576
1990-05-11,0.36213991045951843,0.3511659801006317,0.3511659801006317,0.36213991045951843,3616500.0,0.10657845437526703
1990-05-14,0.3758573532104492,0.3676268756389618,0.3676268756389618,0.37037035822868347,2450100.0,0.10900066047906876
1990-05-15,0.37037035822868347,0.3676268756389618,0.37037035822868347,0.37037035822868347,1520100.0,0.10900066047906876
1990-05-16,0.3676268756389618,0.3511659801006317,0.3676268756389618,0.3566529452800751,1903500.0,0.10496361553668976
1990-05-17,0.3648833930492401,0.3566529452800751,0.3566529452800751,0.36213991045951843,886800.0,0.10657845437526703
1990-05-18,0.3676268756389618,0.35939642786979675,0.3676268756389618,0.35939642786979675,749100.0,0.10577107965946198
1990-05-21,0.3648833930492401,0.35939642786979675,0.35939642786979675,0.35939642786979675,3061800.0,0.10577107965946198
1990-05-22,0.3676268756389618,0.340192049741745,0.36213991045951843,0.3648833930492401,1660500.0,0.10738583654165268
1990-05-23,0.3648833930492401,0.35939642786979675,0.3648833930492401,0.35939642786979675,1641600.0,0.10577107965946198
1990-05-24,0.35939642786979675,0.3566529452800751,0.35939642786979675,0.3566529452800751,1447200.0,0.10496361553668976
1990-05-25,0.3511659801006317,0.34842249751091003,0.3511659801006317,0.34842249751091003,494100.0,0.10254135727882385
1990-05-29,0.34567901492118835,0.3429355323314667,0.34567901492118835,0.34567901492118835,1086600.0,0.1017339676618576
1990-05-30,0.34842249751091003,0.3429355323314667,0.3429355323314667,0.34567901492118835,1806300.0,0.1017339676618576
1990-05-31,0.34842249751091003,0.3429355323314667,0.3429355323314667,0.34567901492118835,2535300.0,0.1017339676618576
1990-06-01,0.3566529452800751,0.34567901492118835,0.34842249751091003,0.3566529452800751,4284900.0,0.10496361553668976
1990-06-04,0.35939642786979675,0.3566529452800751,0.3566529452800751,0.3566529452800751,1069200.0,0.10496361553668976
1990-06-05,0.3648833930492401,0.3539094626903534,0.3566529452800751,0.35939642786979675,1730700.0,0.10577107965946198
1990-06-06,0.35939642786979675,0.3539094626903534,0.35939642786979675,0.3566529452800751,336000.0,0.10496361553668976
1990-06-07,0.35939642786979675,0.3539094626903534,0.35939642786979675,0.3539094626903534,255000.0,0.10415620356798172
1990-06-08,0.3539094626903534,0.3511659801006317,0.3511659801006317,0.3511659801006317,230700.0,0.10334879904985428
1990-06-11,0.34567901492118835,0.33470508456230164,0.34567901492118835,0.3429355323314667,5140800.0,0.10092652589082718
1990-06-12,0.3429355323314667,0.3374485671520233,0.340192049741745,0.340192049741745,831600.0,0.10011916607618332
1990-06-13,0.34567901492118835,0.340192049741745,0.340192049741745,0.340192049741745,603300.0,0.10011916607618332
1990-06-14,0.340192049741745,0.3374485671520233,0.3374485671520233,0.3374485671520233,467100.0,0.0993117168545723
1990-06-15,0.3429355323314667,0.3374485671520233,0.340192049741745,0.3374485671520233,576300.0,0.0993117168545723
1990-06-18,0.3429355323314667,0.33470508456230164,0.3429355323314667,0.33470508456230164,631800.0,0.09850431233644485
1990-06-19,0.3374485671520233,0.33470508456230164,0.33470508456230164,0.3374485671520233,928800.0,0.0993117168545723
1990-06-20,0.3374485671520233,0.33470508456230164,0.33470508456230164,0.3374485671520233,457500.0,0.0993117168545723
1990-06-21,0.33470508456230164,0.33470508456230164,0.33470508456230164,0.33470508456230164,2212500.0,0.09850431233644485
1990-06-22,0.34567901492118835,0.33470508456230164,0.33470508456230164,0.3429355323314667,1596900.0,0.10092652589082718
1990-06-25,0.3429355323314667,0.340192049741745,0.3429355323314667,0.340192049741745,664200.0,0.10011916607618332
1990-06-26,0.3429355323314667,0.340192049741745,0.3429355323314667,0.340192049741745,1360800.0,0.10011916607618332
1990-06-27,0.3429355323314667,0.340192049741745,0.340192049741745,0.3429355323314667,207900.0,0.10092652589082718
1990-06-28,0.3511659801006317,0.340192049741745,0.3429355323314667,0.34842249751091003,947700.0,0.10254135727882385
1990-06-29,0.3511659801006317,0.33470508456230164,0.3511659801006317,0.33470508456230164,2836200.0,0.09850431233644485
1990-07-02,0.340192049741745,0.3374485671520233,0.3374485671520233,0.3374485671520233,147000.0,0.0993117168545723
1990-07-03,0.340192049741745,0.3374485671520233,0.340192049741745,0.3374485671520233,4932900.0,0.0993117168545723
1990-07-05,0.33470508456230164,0.32373112440109253,0.33470508456230164,0.3264746367931366,1313400.0,0.09608206152915955
1990-07-06,0.3264746367931366,0.31824415922164917,0.3264746367931366,0.32373112440109253,1275600.0,0.0952746570110321
1990-07-09,0.3264746367931366,0.32098764181137085,0.32373112440109253,0.32098764181137085,773400.0,0.09446722269058228
1990-07-10,0.31824415922164917,0.29629629850387573,0.31824415922164917,0.3017832636833191,3470700.0,0.0888153687119484
1990-07-11,0.3017832636833191,0.29355281591415405,0.2990397810935974,0.3017832636833191,3492300.0,0.0888153687119484
1990-07-12,0.32098764181137085,0.30452674627304077,0.30452674627304077,0.32098764181137085,1949400.0,0.09446722269058228
1990-07-13,0.3511659801006317,0.3264746367931366,0.3264746367931366,0.34842249751091003,7344000.0,0.10254135727882385
1990-07-16,0.3511659801006317,0.3429355323314667,0.34567901492118835,0.3511659801006317,2443500.0,0.10334879904985428
1990-07-17,0.36213991045951843,0.3511659801006317,0.3511659801006317,0.3511659801006317,5771100.0,0.10334879904985428
1990-07-18,0.3566529452800751,0.34567901492118835,0.3511659801006317,0.34567901492118835,3081900.0,0.1017339676618576
1990-07-19,0.34842249751091003,0.33196160197257996,0.34567901492118835,0.33470508456230164,2982000.0,0.09850431233644485
1990-07-20,0.3429355323314667,0.33470508456230164,0.3374485671520233,0.3374485671520233,1142100.0,0.0993117168545723
1990-07-23,0.33470508456230164,0.3264746367931366,0.33470508456230164,0.3292181193828583,3045600.0,0.09688952565193176
1990-07-24,0.3264746367931366,0.32098764181137085,0.32373112440109253,0.32373112440109253,1750800.0,0.0952746570110321
1990-07-25,0.3292181193828583,0.32098764181137085,0.32098764181137085,0.3292181193828583,704700.0,0.09688952565193176
1990-07-26,0.3292181193828583,0.3155006766319275,0.3292181193828583,0.3155006766319275,1447200.0,0.09702866524457932
1990-07-27,0.3155006766319275,0.3127571940422058,0.3155006766319275,0.3127571940422058,1001700.0,0.09618491679430008
1990-07-30,0.3127571940422058,0.31001371145248413,0.31001371145248413,0.3127571940422058,353700.0,0.09618491679430008
1990-07-31,0.3127571940422058,0.2990397810935974,0.3127571940422058,0.2990397810935974,1196100.0,0.09196633100509644
1990-08-01,0.3127571940422058,0.3017832636833191,0.3017832636833191,0.31001371145248413,1769700.0,0.09534119069576263
1990-08-02,0.30727022886276245,0.2990397810935974,0.30727022886276245,0.3017832636833191,948900.0,0.09281004220247269
1990-08-03,0.30452674627304077,0.2880658507347107,0.2908093333244324,0.30452674627304077,2296200.0,0.09365376085042953
1990-08-06,0.3017832636833191,0.285322368144989,0.29355281591415405,0.285322368144989,2970000.0,0.08774767816066742
1990-08-07,0.29355281591415405,0.27983540296554565,0.28257888555526733,0.285322368144989,1512000.0,0.08774767816066742
1990-08-08,0.2908093333244324,0.285322368144989,0.285322368144989,0.2908093333244324,681600.0,0.08943510800600052
1990-08-09,0.29355281591415405,0.2880658507347107,0.2908093333244324,0.2908093333244324,911100.0,0.08943510800600052
1990-08-10,0.2908093333244324,0.2880658507347107,0.2880658507347107,0.2908093333244324,530400.0,0.08943510800600052
1990-08-13,0.2880658507347107,0.28257888555526733,0.2880658507347107,0.285322368144989,530400.0,0.08774767816066742
1990-08-14,0.28257888555526733,0.27983540296554565,0.27983540296554565,0.28257888555526733,882900.0,0.08690395206212997
1990-08-15,0.2880658507347107,0.28257888555526733,0.285322368144989,0.28257888555526733,473700.0,0.08690395206212997
1990-08-16,0.28257888555526733,0.277091920375824,0.27983540296554565,0.27983540296554565,1806300.0,0.08606018871068954
1990-08-17,0.277091920375824,0.26611796021461487,0.277091920375824,0.26886144280433655,4321200.0,0.08268523961305618
1990-08-20,0.26886144280433655,0.2633744776248932,0.26611796021461487,0.26611796021461487,1082700.0,0.08184158056974411
1990-08-21,0.2716049253940582,0.2606309950351715,0.26611796021461487,0.26886144280433655,2325900.0,0.08268523961305618
1990-08-22,0.26611796021461487,0.25240054726600647,0.26611796021461487,0.25240054726600647,1247400.0,0.07762296497821808
1990-08-23,0.2496570646762848,0.23319615423679352,0.2496570646762848,0.2359396368265152,2795700.0,0.07256057113409042
1990-08-24,0.2469135820865631,0.23319615423679352,0.23319615423679352,0.2469135820865631,846300.0,0.07593543082475662
1990-08-27,0.28257888555526733,0.25514402985572815,0.25514402985572815,0.2743484079837799,1458000.0,0.08437278121709824
1990-08-28,0.28257888555526733,0.277091920375824,0.277091920375824,0.27983540296554565,600600.0,0.08606018871068954
1990-08-29,0.28257888555526733,0.27983540296554565,0.28257888555526733,0.28257888555526733,394200.0,0.08690395206212997
1990-08-30,0.28257888555526733,0.27983540296554565,0.28257888555526733,0.27983540296554565,321300.0,0.08606018871068954
1990-08-31,0.27983540296554565,0.277091920375824,0.277091920375824,0.277091920375824,199800.0,0.0852164551615715
1990-09-04,0.277091920375824,0.26886144280433655,0.277091920375824,0.26886144280433655,612900.0,0.08268523961305618
1990-09-05,0.2716049253940582,0.26886144280433655,0.26886144280433655,0.2716049253940582,117300.0,0.0835290253162384
1990-09-06,0.2716049253940582,0.2716049253940582,0.2716049253940582,0.2716049253940582,129600.0,0.0835290253162384
1990-09-07,0.2743484079837799,0.2716049253940582,0.2716049253940582,0.2743484079837799,110700.0,0.08437278121709824
1990-09-10,0.27983540296554565,0.277091920375824,0.277091920375824,0.277091920375824,248400.0,0.0852164551615715
1990-09-11,0.27983540296554565,0.277091920375824,0.277091920375824,0.27983540296554565,364500.0,0.08606018871068954
1990-09-12,0.27983540296554565,0.277091920375824,0.27983540296554565,0.277091920375824,230700.0,0.0852164551615715
1990-09-13,0.29355281591415405,0.277091920375824,0.277091920375824,0.29355281591415405,822000.0,0.09027883410453796
1990-09-14,0.29629629850387573,0.29355281591415405,0.29355281591415405,0.29355281591415405,1603800.0,0.09027883410453796
1990-09-17,0.3017832636833191,0.2880658507347107,0.2880658507347107,0.3017832636833191,2151900.0,0.09281004220247269
1990-09-18,0.2990397810935974,0.29355281591415405,0.2990397810935974,0.29355281591415405,612900.0,0.09027883410453796
1990-09-19,0.29629629850387573,0.29355281591415405,0.29629629850387573,0.29355281591415405,48600.0,0.09027883410453796
1990-09-20,0.29629629850387573,0.29355281591415405,0.29355281591415405,0.29355281591415405,1312200.0,0.09027883410453796
1990-09-21,0.2990397810935974,0.29629629850387573,0.2990397810935974,0.29629629850387573,548100.0,0.0911225751042366
1990-09-24,0.29355281591415405,0.2880658507347107,0.29355281591415405,0.2880658507347107,754500.0,0.08859138935804367
1990-09-25,0.285322368144989,0.2633744776248932,0.285322368144989,0.26886144280433655,1441800.0,0.08268523961305618
1990-09-26,0.2606309950351715,0.24417009949684143,0.25788751244544983,0.24417009949684143,1514700.0,0.07509179413318634
1990-09-27,0.2469135820865631,0.24142661690711975,0.2469135820865631,0.24417009949684143,1013700.0,0.07509179413318634
1990-09-28,0.2496570646762848,0.24417009949684143,0.2469135820865631,0.2496570646762848,649200.0,0.07677923887968063
1990-10-01,0.27983540296554565,0.25514402985572815,0.25514402985572815,0.27983540296554565,1142100.0,0.08606018871068954
1990-10-02,0.2990397810935974,0.285322368144989,0.285322368144989,0.29629629850387573,1579500.0,0.0911225751042366
1990-10-03,0.2880658507347107,0.285322368144989,0.285322368144989,0.285322368144989,426600.0,0.08774767816066742
1990-10-04,0.2880658507347107,0.285322368144989,0.285322368144989,0.2880658507347107,503400.0,0.08859138935804367
1990-10-05,0.2880658507347107,0.285322368144989,0.285322368144989,0.2880658507347107,499500.0,0.08859138935804367
1990-10-08,0.285322368144989,0.28257888555526733,0.285322368144989,0.285322368144989,710100.0,0.08774767816066742
1990-10-09,0.2880658507347107,0.285322368144989,0.285322368144989,0.285322368144989,627600.0,0.08774767816066742
1990-10-10,0.2880658507347107,0.28257888555526733,0.285322368144989,0.28257888555526733,494100.0,0.08690395206212997
1990-10-11,0.27983540296554565,0.26886144280433655,0.27983540296554565,0.2743484079837799,838200.0,0.08437278121709824
1990-10-12,0.2743484079837799,0.26886144280433655,0.2716049253940582,0.26886144280433655,292800.0,0.08268523961305618
1990-10-15,0.277091920375824,0.26886144280433655,0.2716049253940582,0.2716049253940582,473700.0,0.0835290253162384
1990-10-16,0.28257888555526733,0.2743484079837799,0.2743484079837799,0.277091920375824,612900.0,0.0852164551615715
1990-10-17,0.28257888555526733,0.277091920375824,0.28257888555526733,0.27983540296554565,418500.0,0.08606018871068954
1990-10-18,0.27983540296554565,0.2743484079837799,0.27983540296554565,0.2743484079837799,426600.0,0.08437278121709824
1990-10-19,0.285322368144989,0.27983540296554565,0.28257888555526733,0.285322368144989,1174500.0,0.08774767816066742
1990-10-22,0.2880658507347107,0.28257888555526733,0.28257888555526733,0.285322368144989,603300.0,0.08774767816066742
1990-10-23,0.2880658507347107,0.28257888555526733,0.28257888555526733,0.2880658507347107,238800.0,0.08859138935804367
1990-10-24,0.2908093333244324,0.285322368144989,0.285322368144989,0.2880658507347107,700500.0,0.08859138935804367
1990-10-25,0.29355281591415405,0.2908093333244324,0.2908093333244324,0.2908093333244324,639900.0,0.08943510800600052
1990-10-26,0.29629629850387573,0.285322368144989,0.2908093333244324,0.2880658507347107,1696800.0,0.09451635181903839
1990-10-29,0.29355281591415405,0.28257888555526733,0.2908093333244324,0.28257888555526733,6554100.0,0.0927160382270813
1990-10-30,0.27983540296554565,0.2743484079837799,0.27983540296554565,0.2743484079837799,165900.0,0.09001561254262924
1990-10-31,0.277091920375824,0.2716049253940582,0.2743484079837799,0.277091920375824,685800.0,0.09091570973396301
1990-11-01,0.27983540296554565,0.2743484079837799,0.277091920375824,0.27983540296554565,700500.0,0.09181586652994156
1990-11-02,0.285322368144989,0.2743484079837799,0.2743484079837799,0.285322368144989,426600.0,0.09361618757247925
1990-11-05,0.2908093333244324,0.28257888555526733,0.28257888555526733,0.2880658507347107,1086600.0,0.09451635181903839
1990-11-06,0.29629629850387573,0.285322368144989,0.285322368144989,0.29355281591415405,384600.0,0.09631664305925369
1990-11-07,0.29355281591415405,0.285322368144989,0.2908093333244324,0.285322368144989,900300.0,0.09361618757247925
1990-11-08,0.2908093333244324,0.28257888555526733,0.285322368144989,0.28257888555526733,1920900.0,0.0927160382270813
1990-11-09,0.27983540296554565,0.27983540296554565,0.27983540296554565,0.27983540296554565,157800.0,0.09181586652994156
1990-11-12,0.2880658507347107,0.28257888555526733,0.28257888555526733,0.28257888555526733,822000.0,0.0927160382270813
1990-11-13,0.285322368144989,0.28257888555526733,0.285322368144989,0.28257888555526733,1506600.0,0.0927160382270813
1990-11-14,0.2880658507347107,0.28257888555526733,0.285322368144989,0.2880658507347107,522300.0,0.09451635181903839
1990-11-15,0.2880658507347107,0.28257888555526733,0.285322368144989,0.28257888555526733,219900.0,0.0927160382270813
1990-11-16,0.28257888555526733,0.27983540296554565,0.27983540296554565,0.27983540296554565,230700.0,0.09181586652994156
1990-11-19,0.28257888555526733,0.27983540296554565,0.27983540296554565,0.27983540296554565,48600.0,0.09181586652994156
1990-11-20,0.28257888555526733,0.27983540296554565,0.27983540296554565,0.28257888555526733,54000.0,0.0927160382270813
1990-11-21,0.28257888555526733,0.27983540296554565,0.27983540296554565,0.27983540296554565,129600.0,0.09181586652994156
1990-11-23,0.27983540296554565,0.277091920375824,0.27983540296554565,0.27983540296554565,777600.0,0.09181586652994156
1990-11-26,0.27983540296554565,0.2743484079837799,0.277091920375824,0.2743484079837799,317100.0,0.09001561254262924
1990-11-27,0.277091920375824,0.2743484079837799,0.277091920375824,0.2743484079837799,421200.0,0.09001561254262924
1990-11-28,0.277091920375824,0.2743484079837799,0.2743484079837799,0.277091920375824,803100.0,0.09091570973396301
1990-11-29,0.27983540296554565,0.2743484079837799,0.277091920375824,0.2743484079837799,3009000.0,0.09001561254262924
1990-11-30,0.26886144280433655,0.2606309950351715,0.26611796021461487,0.2606309950351715,923400.0,0.08551477640867233
1990-12-03,0.2633744776248932,0.25788751244544983,0.2606309950351715,0.25788751244544983,1579500.0,0.08461464196443558
1990-12-04,0.2633744776248932,0.25788751244544983,0.2606309950351715,0.2633744776248932,4646700.0,0.0864148885011673
1990-12-05,0.26611796021461487,0.25788751244544983,0.2606309950351715,0.2606309950351715,6367800.0,0.08551477640867233
1990-12-06,0.2716049253940582,0.2606309950351715,0.2606309950351715,0.26611796021461487,2824200.0,0.08731511235237122
1990-12-07,0.2743484079837799,0.26886144280433655,0.26886144280433655,0.26886144280433655,718200.0,0.0882151871919632
1990-12-10,0.27983540296554565,0.26611796021461487,0.26611796021461487,0.27983540296554565,3127800.0,0.09181586652994156
1990-12-11,0.277091920375824,0.277091920375824,0.277091920375824,0.277091920375824,491400.0,0.09091570973396301
1990-12-12,0.28257888555526733,0.2743484079837799,0.277091920375824,0.27983540296554565,984000.0,0.09181586652994156
1990-12-13,0.285322368144989,0.27983540296554565,0.27983540296554565,0.28257888555526733,810000.0,0.0927160382270813
1990-12-14,0.28257888555526733,0.277091920375824,0.27983540296554565,0.28257888555526733,791100.0,0.0927160382270813
1990-12-17,0.28257888555526733,0.27983540296554565,0.28257888555526733,0.27983540296554565,685800.0,0.09181586652994156
1990-12-18,0.28257888555526733,0.277091920375824,0.28257888555526733,0.277091920375824,608700.0,0.09091570973396301
1990-12-19,0.27983540296554565,0.2743484079837799,0.27983540296554565,0.2743484079837799,275400.0,0.09001561254262924
1990-12-20,0.28257888555526733,0.277091920375824,0.277091920375824,0.28257888555526733,272700.0,0.0927160382270813
1990-12-21,0.27983540296554565,0.2716049253940582,0.27983540296554565,0.2716049253940582,1032600.0,0.08911541849374771
1990-12-24,0.2743484079837799,0.26886144280433655,0.2743484079837799,0.2716049253940582,117300.0,0.08911541849374771
1990-12-26,0.2716049253940582,0.26611796021461487,0.26886144280433655,0.26886144280433655,700500.0,0.0882151871919632
1990-12-27,0.26611796021461487,0.2633744776248932,0.26611796021461487,0.2633744776248932,121500.0,0.0864148885011673
1990-12-28,0.26611796021461487,0.25788751244544983,0.26611796021461487,0.25788751244544983,729000.0,0.08461464196443558
1990-12-31,0.25514402985572815,0.2496570646762848,0.25514402985572815,0.2496570646762848,1677900.0,0.08191420137882233
1991-01-02,0.25514402985572815,0.2496570646762848,0.25240054726600647,0.25514402985572815,984000.0,0.08371449261903763
1991-01-03,0.2606309950351715,0.25514402985572815,0.25788751244544983,0.2606309950351715,390000.0,0.08551477640867233
1991-01-04,0.2633744776248932,0.2606309950351715,0.2606309950351715,0.2633744776248932,182100.0,0.0864148885011673
1991-01-07,0.2633744776248932,0.2606309950351715,0.2606309950351715,0.2633744776248932,413100.0,0.0864148885011673
1991-01-08,0.26611796021461487,0.2633744776248932,0.2633744776248932,0.2633744776248932,996300.0,0.0864148885011673
1991-01-09,0.2716049253940582,0.2633744776248932,0.2633744776248932,0.26886144280433655,704700.0,0.0882151871919632
1991-01-10,0.2716049253940582,0.26611796021461487,0.26611796021461487,0.26611796021461487,384600.0,0.08731511235237122
1991-01-11,0.26886144280433655,0.2633744776248932,0.26611796021461487,0.26611796021461487,886800.0,0.08731511235237122
1991-01-14,0.26611796021461487,0.2606309950351715,0.2633744776248932,0.2633744776248932,904500.0,0.0864148885011673
1991-01-15,0.26886144280433655,0.2633744776248932,0.2633744776248932,0.26611796021461487,1402500.0,0.08731511235237122
1991-01-16,0.2716049253940582,0.26611796021461487,0.26886144280433655,0.26611796021461487,263100.0,0.08731511235237122
1991-01-17,0.28257888555526733,0.2716049253940582,0.2716049253940582,0.27983540296554565,1684800.0,0.09181586652994156
1991-01-18,0.2880658507347107,0.277091920375824,0.277091920375824,0.28257888555526733,985500.0,0.0927160382270813
1991-01-21,0.27983540296554565,0.2743484079837799,0.27983540296554565,0.2743484079837799,1074600.0,0.09001561254262924
1991-01-22,0.2743484079837799,0.2716049253940582,0.2743484079837799,0.2743484079837799,1952100.0,0.09001561254262924
1991-01-23,0.277091920375824,0.2716049253940582,0.2716049253940582,0.277091920375824,336000.0,0.09091570973396301
1991-01-24,0.2908093333244324,0.27983540296554565,0.27983540296554565,0.2880658507347107,540000.0,0.09451635181903839
1991-01-25,0.3017832636833191,0.29355281591415405,0.29355281591415405,0.3017832636833191,801900.0,0.09901711344718933
1991-01-28,0.30452674627304077,0.2990397810935974,0.2990397810935974,0.30452674627304077,846300.0,0.10634109377861023
1991-01-29,0.30727022886276245,0.30452674627304077,0.30452674627304077,0.30727022886276245,704700.0,0.10729911178350449
1991-01-30,0.32098764181137085,0.30727022886276245,0.30727022886276245,0.31824415922164917,1385100.0,0.11113125085830688
1991-01-31,0.3511659801006317,0.3264746367931366,0.3292181193828583,0.3511659801006317,4600800.0,0.12262751907110214
1991-02-01,0.36213991045951843,0.3511659801006317,0.3511659801006317,0.3566529452800751,6331500.0,0.12454363703727722
1991-02-04,0.35939642786979675,0.3539094626903534,0.3566529452800751,0.3539094626903534,1779300.0,0.12358561158180237
1991-02-05,0.3539094626903534,0.3511659801006317,0.3511659801006317,0.3539094626903534,1623900.0,0.12358561158180237
1991-02-06,0.37037035822868347,0.3511659801006317,0.3511659801006317,0.3648833930492401,4229400.0,0.1274176985025406
1991-02-07,0.3648833930492401,0.3566529452800751,0.36213991045951843,0.35939642786979675,3443700.0,0.12550166249275208
1991-02-08,0.35939642786979675,0.3566529452800751,0.3566529452800751,0.3566529452800751,2459700.0,0.12454363703727722
1991-02-11,0.38683128356933594,0.3566529452800751,0.3566529452800751,0.38408780097961426,8955900.0,0.13412384688854218
1991-02-12,0.40054869651794434,0.38408780097961426,0.3895747661590576,0.3923182487487793,5055600.0,0.13699795305728912
1991-02-13,0.395061731338501,0.3813443183898926,0.38683128356933594,0.395061731338501,3115800.0,0.13795602321624756
1991-02-14,0.4060356616973877,0.395061731338501,0.403292179107666,0.40054869651794434,5548500.0,0.13987205922603607
1991-02-15,0.4060356616973877,0.40054869651794434,0.40054869651794434,0.403292179107666,6404400.0,0.14083008468151093
1991-02-19,0.40054869651794434,0.3895747661590576,0.39780521392822266,0.395061731338501,4136400.0,0.13795602321624756
1991-02-20,0.3923182487487793,0.3758573532104492,0.3923182487487793,0.3758573532104492,1094700.0,0.1312498301267624
1991-02-21,0.3758573532104492,0.3648833930492401,0.37311384081840515,0.3676268756389618,3134700.0,0.12837566435337067
1991-02-22,0.40054869651794434,0.37311384081840515,0.37311384081840515,0.38683128356933594,5475600.0,0.1350819319486618
1991-02-25,0.40054869651794434,0.3923182487487793,0.39780521392822266,0.39780521392822266,2571600.0,0.13891401886940002
1991-02-26,0.395061731338501,0.3895747661590576,0.395061731338501,0.395061731338501,2413800.0,0.13795602321624756
1991-02-27,0.395061731338501,0.3895747661590576,0.395061731338501,0.395061731338501,838200.0,0.13795602321624756
1991-02-28,0.4060356616973877,0.395061731338501,0.395061731338501,0.40054869651794434,2624400.0,0.13987205922603607
1991-03-01,0.41152262687683105,0.395061731338501,0.39780521392822266,0.41152262687683105,1957500.0,0.14370416104793549
1991-03-04,0.4197530746459961,0.4087791442871094,0.4087791442871094,0.4170095920562744,4873500.0,0.1456202268600464
1991-03-05,0.4307270348072052,0.4197530746459961,0.4224965572357178,0.42524006962776184,5111100.0,0.1484943926334381
1991-03-06,0.43895748257637024,0.42524006962776184,0.4279835522174835,0.4307270348072052,4107900.0,0.15041041374206543
1991-03-07,0.42524006962776184,0.4224965572357178,0.42524006962776184,0.4224965572357178,2176200.0,0.14753636717796326
1991-03-08,0.4170095920562744,0.403292179107666,0.41426610946655273,0.4060356616973877,3415500.0,0.14178813993930817
1991-03-11,0.403292179107666,0.40054869651794434,0.403292179107666,0.40054869651794434,892200.0,0.13987205922603607
1991-03-12,0.40054869651794434,0.3895747661590576,0.39780521392822266,0.3895747661590576,1421400.0,0.13603997230529785
1991-03-13,0.3923182487487793,0.3786008358001709,0.38683128356933594,0.3923182487487793,2660700.0,0.13699795305728912
1991-03-14,0.41152262687683105,0.395061731338501,0.39780521392822266,0.403292179107666,1560600.0,0.14083008468151093
1991-03-15,0.403292179107666,0.39780521392822266,0.40054869651794434,0.39780521392822266,1240500.0,0.13891401886940002
1991-03-18,0.4060356616973877,0.395061731338501,0.39780521392822266,0.403292179107666,1123200.0,0.14083008468151093
1991-03-19,0.403292179107666,0.39780521392822266,0.403292179107666,0.39780521392822266,2936100.0,0.13891401886940002
1991-03-20,0.4060356616973877,0.39780521392822266,0.39780521392822266,0.403292179107666,1324200.0,0.14083008468151093
1991-03-21,0.4087791442871094,0.403292179107666,0.403292179107666,0.4060356616973877,831600.0,0.14178813993930817
1991-03-22,0.4087791442871094,0.4060356616973877,0.4087791442871094,0.4087791442871094,481800.0,0.14274613559246063
1991-03-25,0.41426610946655273,0.4087791442871094,0.41152262687683105,0.41426610946655273,621000.0,0.14466220140457153
1991-03-26,0.4307270348072052,0.41426610946655273,0.41426610946655273,0.4279835522174835,948900.0,0.14945240318775177
1991-03-27,0.4307270348072052,0.4197530746459961,0.4279835522174835,0.42524006962776184,1512000.0,0.1484943926334381
1991-03-28,0.44993141293525696,0.42524006962776184,0.42524006962776184,0.4444444477558136,4410300.0,0.15520049631595612
1991-04-01,0.4471879303455353,0.43895748257637024,0.4471879303455353,0.4417009651660919,965100.0,0.15424245595932007
1991-04-02,0.4609053432941437,0.4444444477558136,0.4444444477558136,0.4609053432941437,1858800.0,0.16094864904880524
1991-04-03,0.4609053432941437,0.4554183781147003,0.4609053432941437,0.4609053432941437,1506600.0,0.16094864904880524
1991-04-04,0.4609053432941437,0.45267489552497864,0.458161860704422,0.458161860704422,1757700.0,0.15999062359333038
1991-04-05,0.4609053432941437,0.45267489552497864,0.4609053432941437,0.45267489552497864,408900.0,0.1580745130777359
1991-04-08,0.45267489552497864,0.4444444477558136,0.4471879303455353,0.44993141293525696,712800.0,0.1571165919303894
1991-04-09,0.45267489552497864,0.4471879303455353,0.4471879303455353,0.44993141293525696,839700.0,0.1571165919303894
1991-04-10,0.47736626863479614,0.4609053432941437,0.4609053432941437,0.4718792736530304,7698900.0,0.16478082537651062
1991-04-11,0.4828532338142395,0.4691357910633087,0.4828532338142395,0.4691357910633087,29015400.0,0.1638227254152298
1991-04-12,0.4718792736530304,0.46639230847358704,0.4718792736530304,0.46639230847358704,967800.0,0.16286471486091614
1991-04-15,0.4718792736530304,0.4609053432941437,0.4718792736530304,0.46364882588386536,1623900.0,0.16190674901008606
1991-04-16,0.46364882588386536,0.4609053432941437,0.46364882588386536,0.46364882588386536,1256700.0,0.16190674901008606
1991-04-17,0.4801097512245178,0.46364882588386536,0.46364882588386536,0.47736626863479614,5989800.0,0.16669690608978271
1991-04-18,0.4801097512245178,0.4718792736530304,0.47736626863479614,0.47736626863479614,1684800.0,0.16669690608978271
1991-04-19,0.4746227562427521,0.4609053432941437,0.4746227562427521,0.4609053432941437,2058600.0,0.16094864904880524
1991-04-22,0.4554183781147003,0.4417009651660919,0.4554183781147003,0.4417009651660919,4148400.0,0.15424245595932007
1991-04-23,0.4444444477558136,0.43621399998664856,0.4444444477558136,0.43621399998664856,2308500.0,0.15232644975185394
1991-04-24,0.43621399998664856,0.41152262687683105,0.43621399998664856,0.4197530746459961,4253700.0,0.14657828211784363
1991-04-25,0.4334705173969269,0.4224965572357178,0.42524006962776184,0.4224965572357178,2313900.0,0.15423478186130524
1991-04-26,0.4197530746459961,0.4060356616973877,0.4197530746459961,0.41426610946655273,7497900.0,0.15123017132282257
1991-04-29,0.41426610946655273,0.3923182487487793,0.41426610946655273,0.395061731338501,1903500.0,0.1442195177078247
1991-04-30,0.403292179107666,0.3895747661590576,0.39780521392822266,0.39780521392822266,1988400.0,0.1452210396528244
1991-05-01,0.41426610946655273,0.39780521392822266,0.39780521392822266,0.41152262687683105,3565200.0,0.15022863447666168
1991-05-02,0.43621399998664856,0.4170095920562744,0.4170095920562744,0.4334705173969269,5958900.0,0.15824078023433685
1991-05-03,0.4444444477558136,0.4334705173969269,0.43621399998664856,0.4417009651660919,7290000.0,0.1612454503774643
1991-05-06,0.4417009651660919,0.4307270348072052,0.43895748257637024,0.4334705173969269,2717400.0,0.15824078023433685
1991-05-07,0.43895748257637024,0.4334705173969269,0.4334705173969269,0.4334705173969269,1393200.0,0.15824078023433685
1991-05-08,0.43895748257637024,0.4279835522174835,0.4307270348072052,0.43621399998664856,1969500.0,0.15924236178398132
1991-05-09,0.4444444477558136,0.43621399998664856,0.43621399998664856,0.4444444477558136,3993300.0,0.1622469127178192
1991-05-10,0.45267489552497864,0.43895748257637024,0.45267489552497864,0.4417009651660919,6642000.0,0.1612454503774643
1991-05-13,0.43895748257637024,0.43621399998664856,0.43895748257637024,0.43895748257637024,540000.0,0.1602439284324646
1991-05-14,0.43895748257637024,0.4334705173969269,0.43895748257637024,0.43621399998664856,5224500.0,0.15924236178398132
1991-05-15,0.43895748257637024,0.4307270348072052,0.43621399998664856,0.4334705173969269,2170800.0,0.15824078023433685
1991-05-16,0.43621399998664856,0.4307270348072052,0.4307270348072052,0.4334705173969269,4573800.0,0.15824078023433685
1991-05-17,0.43621399998664856,0.4334705173969269,0.4334705173969269,0.4334705173969269,1803600.0,0.15824078023433685
1991-05-20,0.4417009651660919,0.43621399998664856,0.43621399998664856,0.43895748257637024,6177600.0,0.1602439284324646
1991-05-21,0.4471879303455353,0.43621399998664856,0.43621399998664856,0.4444444477558136,2782200.0,0.1622469127178192
1991-05-22,0.4471879303455353,0.43895748257637024,0.43895748257637024,0.4471879303455353,3981000.0,0.1632484495639801
1991-05-23,0.45267489552497864,0.4471879303455353,0.44993141293525696,0.44993141293525696,5023200.0,0.164249986410141
1991-05-24,0.4609053432941437,0.44993141293525696,0.44993141293525696,0.4609053432941437,2158500.0,0.16825607419013977
1991-05-28,0.4718792736530304,0.458161860704422,0.4609053432941437,0.4718792736530304,1174500.0,0.17226220667362213
1991-05-29,0.4828532338142395,0.4718792736530304,0.4718792736530304,0.4828532338142395,9794100.0,0.17626821994781494
1991-05-30,0.4965706467628479,0.4801097512245178,0.4801097512245178,0.4938271641731262,10497600.0,0.18027429282665253
1991-05-31,0.4965706467628479,0.49108368158340454,0.4965706467628479,0.4938271641731262,6699900.0,0.18027429282665253
1991-06-03,0.4938271641731262,0.48834019899368286,0.4938271641731262,0.48834019899368286,1567200.0,0.1782713234424591
1991-06-04,0.5048010945320129,0.48834019899368286,0.49108368158340454,0.5048010945320129,4521000.0,0.18428047001361847
1991-06-05,0.5048010945320129,0.5020576119422913,0.5020576119422913,0.5020576119422913,1094700.0,0.18327896296977997
1991-06-06,0.5048010945320129,0.4965706467628479,0.5020576119422913,0.4993141293525696,540000.0,0.18227742612361908
1991-06-07,0.5102880597114563,0.4993141293525696,0.5048010945320129,0.5102880597114563,3118500.0,0.18628352880477905
1991-06-10,0.521261990070343,0.5102880597114563,0.5102880597114563,0.5157750248908997,2717400.0,0.18828655779361725
1991-06-11,0.521261990070343,0.513031542301178,0.521261990070343,0.5157750248908997,1220400.0,0.18828655779361725
1991-06-12,0.5075445771217346,0.49108368158340454,0.5075445771217346,0.49108368158340454,1998000.0,0.17927289009094238
1991-06-13,0.4938271641731262,0.4828532338142395,0.4938271641731262,0.49108368158340454,1447200.0,0.17927289009094238
1991-06-14,0.4938271641731262,0.49108368158340454,0.4938271641731262,0.4938271641731262,518400.0,0.18027429282665253
1991-06-17,0.5048010945320129,0.49108368158340454,0.49108368158340454,0.5048010945320129,1447200.0,0.18428047001361847
1991-06-18,0.5020576119422913,0.4993141293525696,0.4993141293525696,0.5020576119422913,530400.0,0.18327896296977997
1991-06-19,0.4993141293525696,0.48834019899368286,0.4993141293525696,0.4993141293525696,5078700.0,0.18227742612361908
1991-06-20,0.5048010945320129,0.4993141293525696,0.4993141293525696,0.5048010945320129,1551000.0,0.18428047001361847
1991-06-21,0.5157750248908997,0.5048010945320129,0.5075445771217346,0.5157750248908997,1648200.0,0.18828655779361725
1991-06-24,0.5185185074806213,0.513031542301178,0.5157750248908997,0.513031542301178,1749600.0,0.18728512525558472
1991-06-25,0.5349794030189514,0.513031542301178,0.513031542301178,0.5185185074806213,1368900.0,0.1892881542444229
1991-06-26,0.521261990070343,0.513031542301178,0.5185185074806213,0.5157750248908997,1305300.0,0.18828655779361725
1991-06-27,0.5267489552497864,0.513031542301178,0.513031542301178,0.5267489552497864,2207100.0,0.19229258596897125
1991-06-28,0.5459533333778381,0.5267489552497864,0.5267489552497864,0.5432098507881165,3026700.0,0.19830180704593658
1991-07-01,0.570644736289978,0.5432098507881165,0.5486968159675598,0.570644736289978,2176200.0,0.2083171010017395
1991-07-02,0.570644736289978,0.5514403581619263,0.570644736289978,0.562414288520813,3699000.0,0.2053125649690628
1991-07-03,0.5569273233413696,0.5486968159675598,0.554183840751648,0.554183840751648,1524000.0,0.20230785012245178
1991-07-05,0.5569273233413696,0.5486968159675598,0.554183840751648,0.5486968159675598,1093500.0,0.20030485093593597
1991-07-08,0.5569273233413696,0.5486968159675598,0.5486968159675598,0.5569273233413696,591300.0,0.20330938696861267
1991-07-09,0.5843621492385864,0.5596708059310913,0.5596708059310913,0.5816186666488647,1633500.0,0.21232308447360992
1991-07-10,0.5980795621871948,0.5733882188796997,0.5761317014694214,0.5871056318283081,3370800.0,0.21432620286941528
1991-07-11,0.6145404577255249,0.5953360795974731,0.6035665273666382,0.6008230447769165,8546700.0,0.21933381259441376
1991-07-12,0.6063100099563599,0.5925925970077515,0.6035665273666382,0.5925925970077515,1548300.0,0.21632935106754303
1991-07-15,0.5980795621871948,0.5843621492385864,0.5980795621871948,0.5925925970077515,1884600.0,0.21632935106754303
1991-07-16,0.6063100099563599,0.5925925970077515,0.5953360795974731,0.5925925970077515,3281700.0,0.21632935106754303
1991-07-17,0.5953360795974731,0.5925925970077515,0.5925925970077515,0.5925925970077515,4253700.0,0.21632935106754303
1991-07-18,0.6008230447769165,0.5925925970077515,0.5953360795974731,0.5953360795974731,3674700.0,0.21733081340789795
1991-07-19,0.5925925970077515,0.570644736289978,0.5925925970077515,0.5761317014694214,5784600.0,0.21032008528709412
1991-07-22,0.562414288520813,0.554183840751648,0.5569273233413696,0.562414288520813,2832300.0,0.2053125649690628
1991-07-23,0.5596708059310913,0.5569273233413696,0.5596708059310913,0.5596708059310913,1858800.0,0.20431093871593475
1991-07-24,0.570644736289978,0.562414288520813,0.562414288520813,0.570644736289978,1110900.0,0.2083171010017395
1991-07-25,0.5871056318283081,0.570644736289978,0.570644736289978,0.5871056318283081,1439100.0,0.21432620286941528
1991-07-26,0.5980795621871948,0.5898491144180298,0.5898491144180298,0.5953360795974731,1848000.0,0.2259036749601364
1991-07-29,0.5980795621871948,0.5953360795974731,0.5980795621871948,0.5980795621871948,777600.0,0.22694453597068787
1991-07-30,0.6090534925460815,0.5980795621871948,0.6008230447769165,0.6063100099563599,1787400.0,0.23006778955459595
1991-07-31,0.6063100099563599,0.5980795621871948,0.6063100099563599,0.6035665273666382,874800.0,0.2290266901254654
1991-08-01,0.6035665273666382,0.5980795621871948,0.6008230447769165,0.6008230447769165,329400.0,0.22798556089401245
1991-08-02,0.6008230447769165,0.5953360795974731,0.5980795621871948,0.5953360795974731,248400.0,0.2259036749601364
1991-08-05,0.5980795621871948,0.5816186666488647,0.5925925970077515,0.5843621492385864,1202700.0,0.2217394858598709
1991-08-06,0.5898491144180298,0.5788751840591431,0.5843621492385864,0.5898491144180298,608700.0,0.22382156550884247
1991-08-07,0.5898491144180298,0.5843621492385864,0.5898491144180298,0.5871056318283081,1301400.0,0.2227804958820343
1991-08-08,0.5953360795974731,0.5816186666488647,0.5816186666488647,0.5953360795974731,1520100.0,0.2259036749601364
1991-08-09,0.5980795621871948,0.5871056318283081,0.5980795621871948,0.5898491144180298,457500.0,0.22382156550884247
1991-08-12,0.5925925970077515,0.5871056318283081,0.5898491144180298,0.5898491144180298,1750800.0,0.22382156550884247
1991-08-13,0.5980795621871948,0.5925925970077515,0.5925925970077515,0.5953360795974731,3225000.0,0.2259036749601364
1991-08-14,0.6227709054946899,0.6008230447769165,0.6008230447769165,0.6117969751358032,8756100.0,0.23214973509311676
1991-08-15,0.6227709054946899,0.6145404577255249,0.6145404577255249,0.6145404577255249,3519300.0,0.23319083452224731
1991-08-16,0.6090534925460815,0.5925925970077515,0.6090534925460815,0.6035665273666382,2514900.0,0.2290266901254654
1991-08-19,0.5871056318283081,0.5651577711105347,0.5871056318283081,0.570644736289978,4126800.0,0.2165343016386032
1991-08-20,0.5761317014694214,0.5569273233413696,0.570644736289978,0.5569273233413696,2016900.0,0.21132905781269073
1991-08-21,0.5816186666488647,0.5651577711105347,0.5651577711105347,0.5816186666488647,5084100.0,0.22069844603538513
1991-08-22,0.6063100099563599,0.5843621492385864,0.5843621492385864,0.6008230447769165,2644500.0,0.22798556089401245
1991-08-23,0.6200274229049683,0.5980795621871948,0.5980795621871948,0.6172839403152466,1811700.0,0.2342318892478943
1991-08-26,0.6227709054946899,0.6172839403152466,0.6200274229049683,0.6200274229049683,1123200.0,0.23527278006076813
1991-08-27,0.6227709054946899,0.6090534925460815,0.6227709054946899,0.6090534925460815,1684800.0,0.23110876977443695
1991-08-28,0.6200274229049683,0.6117969751358032,0.6117969751358032,0.6172839403152466,2268000.0,0.2342318892478943
1991-08-29,0.6474622488021851,0.6255143880844116,0.6282578706741333,0.6337448358535767,5394600.0,0.2404780089855194
1991-08-30,0.6364883184432983,0.6172839403152466,0.6364883184432983,0.6227709054946899,2863200.0,0.23631389439105988
1991-09-03,0.631001353263855,0.6255143880844116,0.6282578706741333,0.6282578706741333,1259400.0,0.23839592933654785
1991-09-04,0.6282578706741333,0.6255143880844116,0.6282578706741333,0.6255143880844116,1296000.0,0.23735485970973969
1991-09-05,0.631001353263855,0.6227709054946899,0.631001353263855,0.6227709054946899,936900.0,0.23631389439105988
1991-09-06,0.6337448358535767,0.6227709054946899,0.6337448358535767,0.6227709054946899,1684800.0,0.23631389439105988
1991-09-09,0.6200274229049683,0.6063100099563599,0.6200274229049683,0.6117969751358032,1150200.0,0.23214973509311676
1991-09-10,0.6117969751358032,0.570644736289978,0.6117969751358032,0.570644736289978,2863200.0,0.2165343016386032
1991-09-11,0.5679012537002563,0.554183840751648,0.5651577711105347,0.5651577711105347,4047300.0,0.21445220708847046
1991-09-12,0.5925925970077515,0.570644736289978,0.570644736289978,0.5925925970077515,1931700.0,0.22486257553100586
1991-09-13,0.6035665273666382,0.5898491144180298,0.6008230447769165,0.5953360795974731,1386300.0,0.2259036749601364
1991-09-16,0.5953360795974731,0.5925925970077515,0.5953360795974731,0.5925925970077515,445500.0,0.22486257553100586
1991-09-17,0.5980795621871948,0.5925925970077515,0.5925925970077515,0.5980795621871948,194400.0,0.22694453597068787
1991-09-18,0.5980795621871948,0.5953360795974731,0.5953360795974731,0.5953360795974731,402300.0,0.2259036749601364
1991-09-19,0.6063100099563599,0.5953360795974731,0.5980795621871948,0.6063100099563599,886800.0,0.23006778955459595
1991-09-20,0.6556927561759949,0.6145404577255249,0.6145404577255249,0.6556927561759949,6172200.0,0.2488062083721161
1991-09-23,0.6858710646629333,0.6611797213554382,0.6611797213554382,0.6694101691246033,3816300.0,0.2540114223957062
1991-09-24,0.672153651714325,0.6556927561759949,0.672153651714325,0.6611797213554382,3499200.0,0.25088825821876526
1991-09-25,0.6666666865348816,0.6584362387657166,0.6639232039451599,0.6639232039451599,3269700.0,0.2519293427467346
1991-09-26,0.6776406168937683,0.6639232039451599,0.6639232039451599,0.6748971343040466,3054900.0,0.2560935616493225
1991-09-27,0.6776406168937683,0.6639232039451599,0.6748971343040466,0.6639232039451599,4017600.0,0.2519293427467346
1991-09-30,0.6831275820732117,0.6666666865348816,0.6694101691246033,0.6831275820732117,2532600.0,0.2592165768146515
1991-10-01,0.6968449950218201,0.6776406168937683,0.6776406168937683,0.6941015124320984,3524700.0,0.26338067650794983
1991-10-02,0.7160493731498718,0.6941015124320984,0.6968449950218201,0.6995884776115417,18500400.0,0.265462726354599
1991-10-03,0.7023319602012634,0.6941015124320984,0.6995884776115417,0.6941015124320984,1275600.0,0.26338067650794983
1991-10-04,0.6968449950218201,0.6913580298423767,0.6941015124320984,0.6913580298423767,876000.0,0.26233941316604614
1991-10-07,0.6913580298423767,0.68038409948349,0.6913580298423767,0.6831275820732117,5807700.0,0.2592165768146515
1991-10-08,0.6831275820732117,0.6748971343040466,0.68038409948349,0.68038409948349,2681100.0,0.2581755816936493
1991-10-09,0.6941015124320984,0.6831275820732117,0.6858710646629333,0.6858710646629333,795000.0,0.2602576017379761
1991-10-10,0.6858710646629333,0.6776406168937683,0.6858710646629333,0.6831275820732117,518400.0,0.2592165768146515
1991-10-11,0.688614547252655,0.68038409948349,0.6831275820732117,0.688614547252655,2933400.0,0.2612985372543335
1991-10-14,0.6913580298423767,0.6858710646629333,0.688614547252655,0.688614547252655,2386800.0,0.2612985372543335
1991-10-15,0.7462276816368103,0.6858710646629333,0.688614547252655,0.7462276816368103,5305500.0,0.2831602692604065
1991-10-16,0.7654321193695068,0.7379972338676453,0.7544581890106201,0.7462276816368103,4375200.0,0.2831602692604065
1991-10-17,0.7462276816368103,0.7325102686882019,0.7462276816368103,0.7352537512779236,3378900.0,0.27899599075317383
1991-10-18,0.7434841990470886,0.7325102686882019,0.7379972338676453,0.7434841990470886,1641600.0,0.28211915493011475
1991-10-21,0.7434841990470886,0.7379972338676453,0.7407407164573669,0.7434841990470886,1032600.0,0.28211915493011475
1991-10-22,0.7681756019592285,0.7434841990470886,0.7434841990470886,0.7681756019592285,3456000.0,0.2914884388446808
1991-10-23,0.8120713233947754,0.7764060497283936,0.7791495323181152,0.798353910446167,5748300.0,0.30293968319892883
1991-10-24,0.8120713233947754,0.7928669452667236,0.798353910446167,0.7956104278564453,3215700.0,0.3018987774848938
1991-10-25,0.7928669452667236,0.7818930149078369,0.7873799800872803,0.7818930149078369,2212500.0,0.2966936528682709
1991-10-28,0.7818930149078369,0.7709190845489502,0.7791495323181152,0.7709190845489502,3889200.0,0.2925294041633606
1991-10-29,0.8093278408050537,0.7709190845489502,0.7736625671386719,0.8010973930358887,5310900.0,0.3147301971912384
1991-10-30,0.8312757015228271,0.8093278408050537,0.8120713233947754,0.8285322189331055,5448600.0,0.3255084753036499
1991-10-31,0.8285322189331055,0.8120713233947754,0.8230452537536621,0.8285322189331055,3638100.0,0.3255084753036499
1991-11-01,0.8285322189331055,0.8175582885742188,0.8230452537536621,0.8230452537536621,2107200.0,0.3233528733253479
1991-11-04,0.8230452537536621,0.8148148059844971,0.8230452537536621,0.8203017711639404,2782200.0,0.32227498292922974
1991-11-05,0.8340191841125488,0.8175582885742188,0.8203017711639404,0.8340191841125488,4290300.0,0.3276640772819519
1991-11-06,0.8395061492919922,0.8148148059844971,0.8395061492919922,0.8175582885742188,2443500.0,0.3211973309516907
1991-11-07,0.8148148059844971,0.806584358215332,0.8148148059844971,0.8093278408050537,1896600.0,0.31796377897262573
1991-11-08,0.8203017711639404,0.8093278408050537,0.8093278408050537,0.8175582885742188,6399000.0,0.3211973309516907
1991-11-11,0.8230452537536621,0.806584358215332,0.8230452537536621,0.8120713233947754,2654100.0,0.31904134154319763
1991-11-12,0.8203017711639404,0.8093278408050537,0.8148148059844971,0.8203017711639404,4484700.0,0.32227498292922974
1991-11-13,0.8203017711639404,0.8120713233947754,0.8203017711639404,0.8175582885742188,5412000.0,0.3211973309516907
1991-11-14,0.8203017711639404,0.8175582885742188,0.8175582885742188,0.8203017711639404,1524000.0,0.32227498292922974
1991-11-15,0.8203017711639404,0.7846364974975586,0.8175582885742188,0.7928669452667236,2204400.0,0.31149664521217346
1991-11-18,0.7846364974975586,0.7517147064208984,0.7818930149078369,0.7791495323181152,8190300.0,0.3061075210571289
1991-11-19,0.7681756019592285,0.7407407164573669,0.7681756019592285,0.7434841990470886,4922100.0,0.2920953929424286
1991-11-20,0.7462276816368103,0.7352537512779236,0.7434841990470886,0.7379972338676453,1848000.0,0.289939820766449
1991-11-21,0.7379972338676453,0.7187928557395935,0.7379972338676453,0.7242798209190369,4017600.0,0.28455057740211487
1991-11-22,0.7297667860984802,0.6941015124320984,0.7270233035087585,0.6995884776115417,6068100.0,0.27484995126724243
1991-11-25,0.688614547252655,0.6666666865348816,0.6858710646629333,0.6858710646629333,3990600.0,0.2694607675075531
1991-11-26,0.6831275820732117,0.6529492735862732,0.6748971343040466,0.6748971343040466,6642000.0,0.26514947414398193
1991-11-27,0.6941015124320984,0.68038409948349,0.68038409948349,0.6941015124320984,1811700.0,0.27269425988197327
1991-11-29,0.7187928557395935,0.688614547252655,0.6913580298423767,0.7187928557395935,2249100.0,0.28239476680755615
1991-12-02,0.7379972338676453,0.7133058905601501,0.7187928557395935,0.7379972338676453,5432400.0,0.289939820766449
1991-12-03,0.7613168954849243,0.7407407164573669,0.7448559403419495,0.7572016716003418,2338200.0,0.29748469591140747
1991-12-04,0.7572016716003418,0.7448559403419495,0.7572016716003418,0.7448559403419495,1186500.0,0.2926342785358429
1991-12-05,0.7530864477157593,0.7325102686882019,0.748971164226532,0.7366254925727844,1502400.0,0.2894008159637451
1991-12-06,0.7613168954849243,0.7325102686882019,0.7366254925727844,0.7572016716003418,1755000.0,0.29748469591140747
1991-12-09,0.7860082387924194,0.7736625671386719,0.7818930149078369,0.7860082387924194,3937800.0,0.3088020980358124
1991-12-10,0.7860082387924194,0.7695473432540894,0.7860082387924194,0.7860082387924194,2754000.0,0.3088020980358124
1991-12-11,0.7860082387924194,0.7777777910232544,0.7860082387924194,0.7818930149078369,2255700.0,0.30718526244163513
1991-12-12,0.798353910446167,0.7860082387924194,0.790123462677002,0.790123462677002,2636400.0,0.3104187250137329
1991-12-13,0.8106995820999146,0.798353910446167,0.798353910446167,0.8106995820999146,4588500.0,0.3185025453567505
1991-12-16,0.8230452537536621,0.8106995820999146,0.8230452537536621,0.8230452537536621,3018600.0,0.3233528733253479
1991-12-17,0.8189300298690796,0.8106995820999146,0.8189300298690796,0.8148148059844971,1852200.0,0.3201192617416382
1991-12-18,0.8106995820999146,0.7695473432540894,0.8106995820999146,0.7818930149078369,1702200.0,0.30718526244163513
1991-12-19,0.7818930149078369,0.748971164226532,0.7818930149078369,0.7572016716003418,1313400.0,0.29748469591140747
1991-12-20,0.7695473432540894,0.7530864477157593,0.7530864477157593,0.7654321193695068,2759400.0,0.30071815848350525
1991-12-23,0.7942386865615845,0.7654321193695068,0.7736625671386719,0.790123462677002,3402000.0,0.3104187250137329
1991-12-24,0.8312757015228271,0.798353910446167,0.8024691343307495,0.8271604776382446,5468700.0,0.3249695599079132
1991-12-26,0.8271604776382446,0.8230452537536621,0.8230452537536621,0.8271604776382446,3252000.0,0.3249695599079132
1991-12-27,0.8724279999732971,0.8312757015228271,0.8312757015228271,0.8724279999732971,6718800.0,0.3427541255950928
1991-12-30,0.9629629850387573,0.8765432238578796,0.8806584477424622,0.9588477611541748,12186300.0,0.3767060935497284
1991-12-31,1.0534979104995728,0.9753086566925049,1.0041152238845825,1.0,7929900.0,0.3928736448287964
1992-01-02,1.0123456716537476,0.9670782089233398,1.008230447769165,0.9753086566925049,5827800.0,0.38317328691482544
1992-01-03,0.9794238805770874,0.9711934328079224,0.9711934328079224,0.9753086566925049,3790800.0,0.38317328691482544
1992-01-06,0.9835391044616699,0.9794238805770874,0.9794238805770874,0.9835391044616699,3451800.0,0.386406809091568
1992-01-07,0.9958847761154175,0.9835391044616699,0.9876543283462524,0.9958847761154175,5196000.0,0.391257107257843
1992-01-08,1.0246913433074951,0.9835391044616699,0.9876543283462524,1.01646089553833,2806500.0,0.39934074878692627
1992-01-09,1.086419701576233,1.0288065671920776,1.0288065671920776,1.086419701576233,6289500.0,0.42682579159736633
1992-01-10,1.1028807163238525,1.0329217910766602,1.086419701576233,1.0617283582687378,5432400.0,0.4171253442764282
1992-01-13,1.0534979104995728,1.0411522388458252,1.0534979104995728,1.0534979104995728,4026900.0,0.41389161348342896
1992-01-14,1.0905349254608154,1.0493826866149902,1.0534979104995728,1.086419701576233,3160200.0,0.42682579159736633
1992-01-15,1.209876537322998,1.1316872835159302,1.1358025074005127,1.1728395223617554,8765400.0,0.4607779085636139
1992-01-16,1.2057613134384155,1.1358025074005127,1.201646089553833,1.1522634029388428,10551600.0,0.452693909406662
1992-01-17,1.1687242984771729,1.1440329551696777,1.1604938507080078,1.1481481790542603,11057700.0,0.4510772228240967
1992-01-20,1.1481481790542603,1.0699588060379028,1.1481481790542603,1.0740740299224854,5997900.0,0.4219754636287689
1992-01-21,1.0493826866149902,0.9588477611541748,0.9711934328079224,1.01646089553833,11863800.0,0.39934074878692627
1992-01-22,1.0823044776916504,1.008230447769165,1.008230447769165,1.0740740299224854,5151600.0,0.4219754636287689
1992-01-23,1.1481481790542603,1.0823044776916504,1.1111111640930176,1.0905349254608154,7472100.0,0.42844265699386597
1992-01-24,1.1152263879776,1.0987653732299805,1.0987653732299805,1.106995940208435,5524200.0,0.4349096417427063
1992-01-27,1.1152263879776,1.0617283582687378,1.1111111640930176,1.0740740299224854,3573300.0,0.4219754636287689
1992-01-28,1.0699588060379028,1.0493826866149902,1.0699588060379028,1.0493826866149902,6378600.0,0.42263540625572205
1992-01-29,1.0699588060379028,1.0452674627304077,1.0576131343841553,1.0617283582687378,9837300.0,0.4276077151298523
1992-01-30,1.1028807163238525,1.0370370149612427,1.0534979104995728,1.094650149345398,5468700.0,0.44086697697639465
1992-01-31,1.094650149345398,1.0493826866149902,1.094650149345398,1.0493826866149902,4965300.0,0.42263540625572205
1992-02-03,1.0288065671920776,0.9958847761154175,1.0288065671920776,1.0,4758600.0,0.4027465879917145
1992-02-04,1.0699588060379028,1.0041152238845825,1.0041152238845825,1.0617283582687378,5584800.0,0.4276077151298523
1992-02-05,1.0699588060379028,1.0411522388458252,1.0534979104995728,1.0576131343841553,4199700.0,0.42595040798187256
1992-02-06,1.0534979104995728,1.0205761194229126,1.0534979104995728,1.0329217910766602,1907400.0,0.41600584983825684
1992-02-07,1.0452674627304077,1.0041152238845825,1.0288065671920776,1.0205761194229126,3693600.0,0.4110337793827057
1992-02-10,1.0205761194229126,1.0041152238845825,1.0205761194229126,1.0123456716537476,4294200.0,0.4077188968658447
1992-02-11,1.0329217910766602,1.008230447769165,1.0123456716537476,1.0246913433074951,2170800.0,0.412691205739975
1992-02-12,1.0411522388458252,1.0041152238845825,1.0329217910766602,1.0246913433074951,3815100.0,0.412691205739975
1992-02-13,1.0288065671920776,1.0041152238845825,1.0288065671920776,1.0123456716537476,1763100.0,0.4077188968658447
1992-02-14,1.008230447769165,0.9958847761154175,1.008230447769165,1.008230447769165,1684800.0,0.40606147050857544
1992-02-18,1.0246913433074951,1.0041152238845825,1.0123456716537476,1.0041152238845825,11028000.0,0.4044041633605957
1992-02-19,1.0041152238845825,0.9711934328079224,1.0041152238845825,0.9794238805770874,6529800.0,0.39445972442626953
1992-02-20,1.008230447769165,0.9711934328079224,0.9753086566925049,1.0041152238845825,2411100.0,0.4044041633605957
1992-02-21,1.008230447769165,0.991769552230835,1.0041152238845825,0.991769552230835,1779300.0,0.3994322717189789
1992-02-24,1.008230447769165,0.9876543283462524,1.0,0.991769552230835,1742700.0,0.3994322717189789
1992-02-25,1.0,0.9547325372695923,0.991769552230835,0.9835391044616699,6234300.0,0.39611726999282837
1992-02-26,1.106995940208435,0.9794238805770874,0.9876543283462524,1.1028807163238525,12167400.0,0.44418153166770935
1992-02-27,1.1604938507080078,1.1028807163238525,1.1152263879776,1.1111111640930176,16082400.0,0.44749629497528076
1992-02-28,1.1275720596313477,1.0905349254608154,1.1111111640930176,1.094650149345398,6986100.0,0.44086697697639465
1992-03-02,1.1316872835159302,1.086419701576233,1.086419701576233,1.1275720596313477,3099600.0,0.4541260302066803
1992-03-03,1.1275720596313477,1.0987653732299805,1.1234568357467651,1.1234568357467651,6878100.0,0.4524686336517334
1992-03-04,1.1481481790542603,1.1193416118621826,1.1234568357467651,1.1358025074005127,6536700.0,0.4574407935142517
1992-03-05,1.1275720596313477,1.1152263879776,1.1234568357467651,1.1193416118621826,3378900.0,0.4508112072944641
1992-03-06,1.1275720596313477,1.1193416118621826,1.1193416118621826,1.1234568357467651,3294000.0,0.4524686336517334
1992-03-09,1.1358025074005127,1.1193416118621826,1.1193416118621826,1.1316872835159302,1483500.0,0.4557833671569824
1992-03-10,1.1481481790542603,1.1316872835159302,1.1358025074005127,1.1440329551696777,2976600.0,0.46075543761253357
1992-03-11,1.1687242984771729,1.1275720596313477,1.1481481790542603,1.1316872835159302,7727400.0,0.4557833671569824
1992-03-12,1.1358025074005127,1.1111111640930176,1.1358025074005127,1.1193416118621826,11372400.0,0.4508112072944641
1992-03-13,1.1316872835159302,1.1152263879776,1.1152263879776,1.1152263879776,2253000.0,0.4491536319255829
1992-03-16,1.1234568357467651,1.1111111640930176,1.1193416118621826,1.1234568357467651,3346500.0,0.4524686336517334
1992-03-17,1.1810699701309204,1.1193416118621826,1.1234568357467651,1.1810699701309204,10101900.0,0.47567206621170044
1992-03-18,1.193415641784668,1.1728395223617554,1.1810699701309204,1.185185194015503,6824100.0,0.4773295223712921
1992-03-19,1.1810699701309204,1.1275720596313477,1.176954746246338,1.176954746246338,7285800.0,0.4740146994590759
1992-03-20,1.2139917612075806,1.176954746246338,1.176954746246338,1.2057613134384155,10223400.0,0.48561662435531616
1992-03-23,1.2304526567459106,1.1975308656692505,1.2139917612075806,1.1975308656692505,4811400.0,0.48230138421058655
1992-03-24,1.2139917612075806,1.1975308656692505,1.201646089553833,1.209876537322998,3159000.0,0.4872739315032959
1992-03-25,1.2263374328613281,1.2139917612075806,1.2222222089767456,1.2263374328613281,1463400.0,0.4939035177230835
1992-03-26,1.2427983283996582,1.201646089553833,1.2263374328613281,1.201646089553833,4199700.0,0.483958899974823
1992-03-27,1.209876537322998,1.201646089553833,1.201646089553833,1.2057613134384155,2284200.0,0.48561662435531616
1992-03-30,1.2057613134384155,1.1728395223617554,1.2057613134384155,1.176954746246338,4934100.0,0.4740146994590759
1992-03-31,1.1687242984771729,1.1399177312850952,1.1687242984771729,1.1399177312850952,2759400.0,0.4590980112552643
1992-04-01,1.1399177312850952,1.0493826866149902,1.1358025074005127,1.0617283582687378,13953600.0,0.4276077151298523
1992-04-02,1.0576131343841553,0.9465020298957825,1.0576131343841553,0.9588477611541748,16851900.0,0.3861727714538574
1992-04-03,0.991769552230835,0.9465020298957825,0.9711934328079224,0.9629629850387573,13609200.0,0.3878301978111267
1992-04-06,1.0246913433074951,0.9711934328079224,0.9753086566925049,1.01646089553833,11105100.0,0.40937620401382446
1992-04-07,1.0246913433074951,0.9465020298957825,1.01646089553833,0.9670782089233398,6149100.0,0.389487624168396
1992-04-08,0.9547325372695923,0.9135802388191223,0.9465020298957825,0.9506173133850098,10533900.0,0.382858008146286
1992-04-09,1.01646089553833,0.9506173133850098,0.9547325372695923,1.01646089553833,7662600.0,0.40937620401382446
1992-04-10,1.0493826866149902,0.9876543283462524,1.0493826866149902,0.991769552230835,4685700.0,0.3994322717189789
1992-04-13,0.991769552230835,0.9670782089233398,0.991769552230835,0.9670782089233398,3640800.0,0.389487624168396
1992-04-14,1.0205761194229126,0.9711934328079224,0.991769552230835,0.9753086566925049,8116200.0,0.3928024172782898
1992-04-15,0.9958847761154175,0.9218106865882874,0.9876543283462524,0.9341563582420349,11130600.0,0.37622857093811035
1992-04-16,0.9423868060112,0.9218106865882874,0.9382715821266174,0.9218106865882874,4221300.0,0.37125617265701294
1992-04-20,0.9382715821266174,0.8765432238578796,0.9259259104728699,0.8806584477424622,6969900.0,0.3546823561191559
1992-04-21,0.9135802388191223,0.8806584477424622,0.8806584477424622,0.9053497910499573,6635100.0,0.36462652683258057
1992-04-22,0.9300411343574524,0.9053497910499573,0.9094650149345398,0.9053497910499573,6245100.0,0.36462652683258057
1992-04-23,0.9218106865882874,0.8724279999732971,0.9053497910499573,0.9218106865882874,11477700.0,0.37125617265701294
1992-04-24,0.9382715821266174,0.9218106865882874,0.9218106865882874,0.9300411343574524,5208300.0,0.3745711147785187
1992-04-27,0.9382715821266174,0.9176954627037048,0.9259259104728699,0.9382715821266174,2924100.0,0.39509060978889465
1992-04-28,0.9423868060112,0.9012345671653748,0.9423868060112,0.9218106865882874,2787600.0,0.3881591558456421
1992-04-29,0.9382715821266174,0.9135802388191223,0.9218106865882874,0.9341563582420349,4515600.0,0.39335787296295166
1992-04-30,0.9423868060112,0.9176954627037048,0.9341563582420349,0.9382715821266174,2856600.0,0.39509060978889465
1992-05-01,0.9547325372695923,0.9300411343574524,0.9300411343574524,0.9506173133850098,4051200.0,0.4002891182899475
1992-05-04,0.9876543283462524,0.9629629850387573,0.9629629850387573,0.9753086566925049,4039200.0,0.4106863737106323
1992-05-05,1.0,0.9711934328079224,0.9794238805770874,1.0,3653100.0,0.42108339071273804
1992-05-06,1.008230447769165,1.0,1.0,1.0041152238845825,1949400.0,0.42281630635261536
1992-05-07,1.0205761194229126,0.9835391044616699,1.0041152238845825,1.0041152238845825,3723300.0,0.42281630635261536
1992-05-08,1.0041152238845825,0.9588477611541748,1.0041152238845825,0.9588477611541748,2158500.0,0.403754860162735
1992-05-11,0.9753086566925049,0.9547325372695923,0.9547325372695923,0.9711934328079224,4212000.0,0.40895336866378784
1992-05-12,0.9794238805770874,0.9506173133850098,0.9794238805770874,0.9588477611541748,3297900.0,0.403754860162735
1992-05-13,0.9588477611541748,0.9300411343574524,0.9588477611541748,0.9341563582420349,4853100.0,0.39335787296295166
1992-05-14,0.9382715821266174,0.8641975522041321,0.9382715821266174,0.8641975522041321,10891800.0,0.3638991713523865
1992-05-15,0.8971193432807922,0.8395061492919922,0.8641975522041321,0.8765432238578796,8796600.0,0.36909767985343933
1992-05-18,0.8930041193962097,0.8847736716270447,0.8847736716270447,0.8888888955116272,6313800.0,0.37429648637771606
1992-05-19,0.9012345671653748,0.8888888955116272,0.8930041193962097,0.8971193432807922,4580400.0,0.37776216864585876
1992-05-20,0.9341563582420349,0.8847736716270447,0.8930041193962097,0.9259259104728699,6979500.0,0.389892041683197
1992-05-21,0.9218106865882874,0.9094650149345398,0.9218106865882874,0.9094650149345398,4151100.0,0.3829607367515564
1992-05-22,0.9218106865882874,0.9053497910499573,0.9135802388191223,0.9176954627037048,1798200.0,0.3864263594150543
1992-05-26,0.9176954627037048,0.8888888955116272,0.9135802388191223,0.8930041193962097,3329100.0,0.37602928280830383
1992-05-27,0.9176954627037048,0.8930041193962097,0.8930041193962097,0.9135802388191223,1755000.0,0.38469359278678894
1992-05-28,0.9341563582420349,0.9094650149345398,0.9176954627037048,0.9300411343574524,3237300.0,0.39162495732307434
1992-05-29,0.9588477611541748,0.9341563582420349,0.9341563582420349,0.9506173133850098,4722300.0,0.4002891182899475
1992-06-01,0.9506173133850098,0.9341563582420349,0.9506173133850098,0.9465020298957825,1154100.0,0.39855635166168213
1992-06-02,0.9794238805770874,0.9382715821266174,0.9506173133850098,0.9506173133850098,6088500.0,0.4002891182899475
1992-06-03,0.9588477611541748,0.9465020298957825,0.9547325372695923,0.9547325372695923,1815600.0,0.4020220637321472
1992-06-04,0.9547325372695923,0.9259259104728699,0.9506173133850098,0.9259259104728699,2540700.0,0.389892041683197
1992-06-05,0.9341563582420349,0.9176954627037048,0.9259259104728699,0.9218106865882874,2107200.0,0.3881591558456421
1992-06-08,0.9218106865882874,0.8930041193962097,0.9218106865882874,0.9094650149345398,2126100.0,0.3829607367515564
1992-06-09,0.9053497910499573,0.8353909254074097,0.9053497910499573,0.8477365970611572,10126200.0,0.3569677472114563
1992-06-10,0.8518518805503845,0.8106995820999146,0.8436213731765747,0.8230452537536621,6489300.0,0.34657084941864014
1992-06-11,0.8230452537536621,0.7860082387924194,0.8189300298690796,0.790123462677002,10323300.0,0.3327079713344574
1992-06-12,0.8189300298690796,0.790123462677002,0.790123462677002,0.8106995820999146,6335400.0,0.3413720726966858
1992-06-15,0.8106995820999146,0.8024691343307495,0.8106995820999146,0.806584358215332,2673000.0,0.33963921666145325
1992-06-16,0.806584358215332,0.7613168954849243,0.806584358215332,0.7654321193695068,5736000.0,0.32231080532073975
1992-06-17,0.7613168954849243,0.7160493731498718,0.7572016716003418,0.7242798209190369,11487000.0,0.3049823045730591
1992-06-18,0.7201645970344543,0.6748971343040466,0.7119341492652893,0.6748971343040466,11967600.0,0.2841879725456238
1992-06-19,0.7160493731498718,0.6707819104194641,0.6790123581886292,0.6913580298423767,13548600.0,0.291119247674942
1992-06-22,0.7201645970344543,0.6872428059577942,0.6995884776115417,0.7160493731498718,6512400.0,0.3015163838863373
1992-06-23,0.7572016716003418,0.7242798209190369,0.7242798209190369,0.7448559403419495,10493400.0,0.31364646553993225
1992-06-24,0.7654321193695068,0.748971164226532,0.7654321193695068,0.748971164226532,6095100.0,0.31537941098213196
1992-06-25,0.7818930149078369,0.7572016716003418,0.7572016716003418,0.7695473432540894,6177600.0,0.3240436017513275
1992-06-26,0.7777777910232544,0.7530864477157593,0.7777777910232544,0.7530864477157593,3111600.0,0.31711217761039734
1992-06-29,0.7695473432540894,0.7572016716003418,0.7613168954849243,0.7695473432540894,2224800.0,0.3240436017513275
1992-06-30,0.7777777910232544,0.7572016716003418,0.7695473432540894,0.7736625671386719,3127800.0,0.3257763981819153
1992-07-01,0.806584358215332,0.7777777910232544,0.7777777910232544,0.8024691343307495,3456000.0,0.33790653944015503
1992-07-02,0.8148148059844971,0.7860082387924194,0.806584358215332,0.790123462677002,4634400.0,0.3327079713344574
1992-07-06,0.790123462677002,0.748971164226532,0.790123462677002,0.7572016716003418,3450600.0,0.3188450336456299
1992-07-07,0.7572016716003418,0.7366254925727844,0.7572016716003418,0.7366254925727844,4512900.0,0.3101806938648224
1992-07-08,0.7407407164573669,0.7160493731498718,0.7325102686882019,0.7201645970344543,4306500.0,0.303249329328537
1992-07-09,0.748971164226532,0.7201645970344543,0.7242798209190369,0.7325102686882019,12449700.0,0.308447927236557
1992-07-10,0.7530864477157593,0.7283950448036194,0.7407407164573669,0.7448559403419495,6489300.0,0.31364646553993225
1992-07-13,0.7448559403419495,0.7160493731498718,0.7448559403419495,0.7160493731498718,5686200.0,0.3015163838863373
1992-07-14,0.7530864477157593,0.7242798209190369,0.7283950448036194,0.7530864477157593,6621600.0,0.31711217761039734
1992-07-15,0.8106995820999146,0.7613168954849243,0.7654321193695068,0.8024691343307495,11068500.0,0.33790653944015503
1992-07-16,0.806584358215332,0.7695473432540894,0.806584358215332,0.7736625671386719,4143000.0,0.3257763981819153
1992-07-17,0.7777777910232544,0.7448559403419495,0.7777777910232544,0.7654321193695068,2727000.0,0.32231080532073975
1992-07-20,0.7736625671386719,0.7530864477157593,0.7736625671386719,0.7695473432540894,3468000.0,0.3240436017513275
1992-07-21,0.7777777910232544,0.7572016716003418,0.7736625671386719,0.7572016716003418,3176400.0,0.3188450336456299
1992-07-22,0.7572016716003418,0.7530864477157593,0.7572016716003418,0.7572016716003418,3334500.0,0.3188450336456299
1992-07-23,0.7572016716003418,0.7407407164573669,0.7572016716003418,0.7448559403419495,2271900.0,0.31364646553993225
1992-07-24,0.7654321193695068,0.7448559403419495,0.7448559403419495,0.7572016716003418,1750800.0,0.3188450336456299
1992-07-27,0.7695473432540894,0.7613168954849243,0.7695473432540894,0.7613168954849243,2207100.0,0.32057785987854004
1992-07-28,0.7777777910232544,0.7613168954849243,0.7613168954849243,0.7736625671386719,3118500.0,0.3440806567668915
1992-07-29,0.806584358215332,0.7736625671386719,0.7736625671386719,0.798353910446167,7703100.0,0.355061799287796
1992-07-30,0.8024691343307495,0.790123462677002,0.8024691343307495,0.798353910446167,2808000.0,0.355061799287796
1992-07-31,0.8148148059844971,0.7942386865615845,0.798353910446167,0.8106995820999146,6483900.0,0.36055269837379456
1992-08-03,0.8477365970611572,0.806584358215332,0.8106995820999146,0.8395061492919922,6250500.0,0.3733639419078827
1992-08-04,0.855967104434967,0.8353909254074097,0.8518518805503845,0.8436213731765747,4415700.0,0.3751943111419678
1992-08-05,0.8477365970611572,0.8395061492919922,0.8436213731765747,0.8395061492919922,3778500.0,0.3733639419078827
1992-08-06,0.8395061492919922,0.8353909254074097,0.8353909254074097,0.8353909254074097,2504100.0,0.37153375148773193
1992-08-07,0.8436213731765747,0.8230452537536621,0.8353909254074097,0.8230452537536621,3561300.0,0.36604321002960205
1992-08-10,0.8230452537536621,0.8024691343307495,0.8230452537536621,0.8106995820999146,1653600.0,0.36055269837379456
1992-08-11,0.8189300298690796,0.790123462677002,0.8148148059844971,0.7942386865615845,3324900.0,0.35323160886764526
1992-08-12,0.798353910446167,0.7736625671386719,0.790123462677002,0.7777777910232544,2997000.0,0.345910906791687
1992-08-13,0.7777777910232544,0.7613168954849243,0.7777777910232544,0.7695473432540894,2455500.0,0.34225040674209595
1992-08-14,0.790123462677002,0.7654321193695068,0.7654321193695068,0.790123462677002,2332800.0,0.35140129923820496
1992-08-17,0.7942386865615845,0.7777777910232544,0.7942386865615845,0.7777777910232544,4726200.0,0.345910906791687
1992-08-18,0.7777777910232544,0.7654321193695068,0.7736625671386719,0.7695473432540894,2010000.0,0.34225040674209595
1992-08-19,0.7654321193695068,0.7366254925727844,0.7654321193695068,0.748971164226532,2945700.0,0.3330994248390198
1992-08-20,0.7530864477157593,0.7325102686882019,0.7530864477157593,0.7448559403419495,2443500.0,0.33126914501190186
1992-08-21,0.7572016716003418,0.7448559403419495,0.7530864477157593,0.7572016716003418,4411800.0,0.3367597460746765
1992-08-24,0.7530864477157593,0.7366254925727844,0.748971164226532,0.7407407164573669,9622800.0,0.3294389545917511
1992-08-25,0.7448559403419495,0.7283950448036194,0.7448559403419495,0.7325102686882019,6019500.0,0.3257785439491272
1992-08-26,0.7283950448036194,0.7242798209190369,0.7242798209190369,0.7283950448036194,3245400.0,0.3239481747150421
1992-08-27,0.748971164226532,0.7283950448036194,0.7283950448036194,0.7407407164573669,4841100.0,0.3294389545917511
1992-08-28,0.7530864477157593,0.7407407164573669,0.748971164226532,0.748971164226532,2332800.0,0.3330994248390198
1992-08-31,0.748971164226532,0.7366254925727844,0.748971164226532,0.7407407164573669,7538400.0,0.3294389545917511
1992-09-01,0.7366254925727844,0.7160493731498718,0.7366254925727844,0.7242798209190369,1848000.0,0.3221181333065033
1992-09-02,0.7325102686882019,0.7119341492652893,0.7160493731498718,0.7283950448036194,3446400.0,0.3239481747150421
1992-09-03,0.7613168954849243,0.7078189253807068,0.7325102686882019,0.7572016716003418,14794500.0,0.3367597460746765
1992-09-04,0.7613168954849243,0.7407407164573669,0.7613168954849243,0.7448559403419495,2905200.0,0.33126914501190186
1992-09-08,0.7407407164573669,0.7201645970344543,0.7407407164573669,0.7325102686882019,3476100.0,0.3257785439491272
1992-09-09,0.748971164226532,0.7242798209190369,0.7242798209190369,0.7407407164573669,3792000.0,0.3294389545917511
1992-09-10,0.6625514626502991,0.6008230447769165,0.6008230447769165,0.654321014881134,52347600.0,0.2910044193267822
1992-09-11,0.6502057909965515,0.6378600597381592,0.6460905075073242,0.6378600597381592,10384200.0,0.2836833596229553
1992-09-14,0.6707819104194641,0.6337448358535767,0.654321014881134,0.6707819104194641,15213000.0,0.29832515120506287
1992-09-15,0.6666666865348816,0.654321014881134,0.6666666865348816,0.6666666865348816,3231900.0,0.29649490118026733
1992-09-16,0.6584362387657166,0.6378600597381592,0.6502057909965515,0.6460905075073242,7461300.0,0.28734394907951355
1992-09-17,0.6502057909965515,0.6296296119689941,0.6502057909965515,0.6378600597381592,8249700.0,0.2836833596229553
1992-09-18,0.6378600597381592,0.6255143880844116,0.6337448358535767,0.6378600597381592,11335800.0,0.2836833596229553
1992-09-21,0.6337448358535767,0.6172839403152466,0.6296296119689941,0.6337448358535767,6872700.0,0.2818533182144165
1992-09-22,0.654321014881134,0.6296296119689941,0.6337448358535767,0.6337448358535767,8829000.0,0.2818533182144165
1992-09-23,0.6337448358535767,0.6131687164306641,0.6337448358535767,0.6131687164306641,5832000.0,0.27270224690437317
1992-09-24,0.6172839403152466,0.6131687164306641,0.6172839403152466,0.6131687164306641,3711000.0,0.27270224690437317
1992-09-25,0.6090534925460815,0.5802469253540039,0.6090534925460815,0.5925925970077515,8978700.0,0.2635512351989746
1992-09-28,0.5925925970077515,0.5720164775848389,0.5761317014694214,0.588477373123169,5395800.0,0.2617209851741791
1992-09-29,0.5802469253540039,0.5637860298156738,0.5802469253540039,0.5637860298156738,6335400.0,0.2507396340370178
1992-09-30,0.5925925970077515,0.5514403581619263,0.5679012537002563,0.5925925970077515,7362900.0,0.2635512351989746
1992-10-01,0.596707820892334,0.5761317014694214,0.588477373123169,0.5925925970077515,3483000.0,0.2635512351989746
1992-10-02,0.5925925970077515,0.5802469253540039,0.5925925970077515,0.5843621492385864,5354100.0,0.25989073514938354
1992-10-05,0.588477373123169,0.547325074672699,0.588477373123169,0.5802469253540039,6651300.0,0.2580604553222656
1992-10-06,0.588477373123169,0.5720164775848389,0.5802469253540039,0.5761317014694214,4294200.0,0.25623029470443726
1992-10-07,0.5843621492385864,0.5596708059310913,0.5843621492385864,0.5637860298156738,1730700.0,0.2507396340370178
1992-10-08,0.5802469253540039,0.5637860298156738,0.5637860298156738,0.5761317014694214,2486700.0,0.25623029470443726
1992-10-09,0.5843621492385864,0.5679012537002563,0.5720164775848389,0.5761317014694214,4282200.0,0.25623029470443726
1992-10-12,0.5843621492385864,0.5720164775848389,0.5720164775848389,0.5802469253540039,3385800.0,0.2580604553222656
1992-10-13,0.596707820892334,0.5802469253540039,0.5802469253540039,0.5925925970077515,2223300.0,0.2635512351989746
1992-10-14,0.604938268661499,0.588477373123169,0.5925925970077515,0.588477373123169,2729700.0,0.2617209851741791
1992-10-15,0.588477373123169,0.5720164775848389,0.588477373123169,0.5802469253540039,2034300.0,0.2580604553222656
1992-10-16,0.588477373123169,0.5679012537002563,0.588477373123169,0.5679012537002563,1433700.0,0.25256988406181335
1992-10-19,0.604938268661499,0.5637860298156738,0.5637860298156738,0.6008230447769165,2617500.0,0.2672114968299866
1992-10-20,0.6172839403152466,0.6008230447769165,0.6008230447769165,0.6008230447769165,3200700.0,0.2672114968299866
1992-10-21,0.6419752836227417,0.6008230447769165,0.604938268661499,0.6296296119689941,5881800.0,0.2800230383872986
1992-10-22,0.6502057909965515,0.6296296119689941,0.6419752836227417,0.6337448358535767,2077500.0,0.2818533182144165
1992-10-23,0.6460905075073242,0.6213991641998291,0.6378600597381592,0.6255143880844116,2447400.0,0.2781928777694702
1992-10-26,0.6584362387657166,0.6255143880844116,0.6255143880844116,0.654321014881134,2763300.0,0.2910044193267822
1992-10-27,0.6707819104194641,0.6584362387657166,0.6666666865348816,0.6666666865348816,4816800.0,0.3160577118396759
1992-10-28,0.7119341492652893,0.6666666865348816,0.6666666865348816,0.6954732537269592,8464500.0,0.3297145962715149
1992-10-29,0.6954732537269592,0.654321014881134,0.6954732537269592,0.6707819104194641,4448100.0,0.31800878047943115
1992-10-30,0.6790123581886292,0.6625514626502991,0.6790123581886292,0.6666666865348816,1714500.0,0.3160577118396759
1992-11-02,0.7160493731498718,0.6707819104194641,0.6707819104194641,0.7078189253807068,6793200.0,0.3355675935745239
1992-11-03,0.7366254925727844,0.7078189253807068,0.7160493731498718,0.7201645970344543,9927900.0,0.34142032265663147
1992-11-04,0.748971164226532,0.7160493731498718,0.7160493731498718,0.748971164226532,6501600.0,0.35507720708847046
1992-11-05,0.7530864477157593,0.7325102686882019,0.7448559403419495,0.7530864477157593,6544800.0,0.35702839493751526
1992-11-06,0.7572016716003418,0.7448559403419495,0.7448559403419495,0.7572016716003418,5570100.0,0.3589792549610138
1992-11-09,0.7572016716003418,0.7407407164573669,0.7572016716003418,0.7530864477157593,4106700.0,0.35702839493751526
1992-11-10,0.7695473432540894,0.748971164226532,0.7530864477157593,0.7695473432540894,4363200.0,0.3648320436477661
1992-11-11,0.7736625671386719,0.7572016716003418,0.7736625671386719,0.7695473432540894,8634600.0,0.3648320436477661
1992-11-12,0.8189300298690796,0.7695473432540894,0.7695473432540894,0.806584358215332,9117900.0,0.3823908269405365
1992-11-13,0.8189300298690796,0.8024691343307495,0.806584358215332,0.806584358215332,6258600.0,0.3823908269405365
1992-11-16,0.806584358215332,0.7736625671386719,0.806584358215332,0.7777777910232544,4727700.0,0.3687339723110199
1992-11-17,0.7942386865615845,0.7654321193695068,0.7860082387924194,0.7654321193695068,3950100.0,0.36288127303123474
1992-11-18,0.7613168954849243,0.7407407164573669,0.748971164226532,0.748971164226532,6708000.0,0.35507720708847046
1992-11-19,0.7654321193695068,0.748971164226532,0.748971164226532,0.7654321193695068,3349200.0,0.36288127303123474
1992-11-20,0.7860082387924194,0.7613168954849243,0.7654321193695068,0.7654321193695068,4585800.0,0.36288127303123474
1992-11-23,0.7695473432540894,0.7448559403419495,0.7654321193695068,0.748971164226532,3063000.0,0.35507720708847046
1992-11-24,0.7654321193695068,0.748971164226532,0.748971164226532,0.7613168954849243,7407300.0,0.36093005537986755
1992-11-25,0.798353910446167,0.7654321193695068,0.7654321193695068,0.790123462677002,3912300.0,0.37458696961402893
1992-11-27,0.790123462677002,0.7736625671386719,0.7736625671386719,0.7818930149078369,2595900.0,0.3706851303577423
1992-11-30,0.8189300298690796,0.7860082387924194,0.7860082387924194,0.8189300298690796,4962600.0,0.3882438540458679
1992-12-01,0.8518518805503845,0.8148148059844971,0.8189300298690796,0.8477365970611572,5541600.0,0.40190061926841736
1992-12-02,0.8518518805503845,0.8395061492919922,0.8395061492919922,0.8477365970611572,4095900.0,0.40190061926841736
1992-12-03,0.9012345671653748,0.8436213731765747,0.8477365970611572,0.8971193432807922,4953000.0,0.42531219124794006
1992-12-04,0.9053497910499573,0.8724279999732971,0.9053497910499573,0.8806584477424622,5157000.0,0.41750848293304443
1992-12-07,0.8888888955116272,0.8641975522041321,0.8765432238578796,0.8888888955116272,2892900.0,0.4214104115962982
1992-12-08,0.9176954627037048,0.8847736716270447,0.8847736716270447,0.9176954627037048,5025900.0,0.4350670576095581
1992-12-09,0.9176954627037048,0.9094650149345398,0.9176954627037048,0.9094650149345398,2811900.0,0.43116509914398193
1992-12-10,0.9094650149345398,0.8765432238578796,0.9012345671653748,0.8971193432807922,4199700.0,0.42531219124794006
1992-12-11,0.8930041193962097,0.8724279999732971,0.8930041193962097,0.8724279999732971,1232400.0,0.4136064648628235
1992-12-14,0.8847736716270447,0.8724279999732971,0.8724279999732971,0.8847736716270447,1324200.0,0.41945937275886536
1992-12-15,0.8847736716270447,0.8724279999732971,0.8847736716270447,0.8847736716270447,2301600.0,0.41945937275886536
1992-12-16,0.8847736716270447,0.8518518805503845,0.8847736716270447,0.855967104434967,2608200.0,0.40580248832702637
1992-12-17,0.8724279999732971,0.855967104434967,0.8600823283195496,0.8683127760887146,3148200.0,0.41165563464164734
1992-12-18,0.8765432238578796,0.8641975522041321,0.8683127760887146,0.8683127760887146,2905200.0,0.41165563464164734
1992-12-21,0.8765432238578796,0.8683127760887146,0.8724279999732971,0.8724279999732971,2261100.0,0.4136064648628235
1992-12-22,0.8806584477424622,0.8641975522041321,0.8641975522041321,0.8765432238578796,2875500.0,0.4155573844909668
1992-12-23,0.8847736716270447,0.8641975522041321,0.8641975522041321,0.8806584477424622,3118500.0,0.41750848293304443
1992-12-24,0.9012345671653748,0.8847736716270447,0.8847736716270447,0.9012345671653748,1466100.0,0.4272632300853729
1992-12-28,0.9053497910499573,0.8888888955116272,0.9012345671653748,0.8971193432807922,1317600.0,0.42531219124794006
1992-12-29,0.8971193432807922,0.8765432238578796,0.8971193432807922,0.8765432238578796,4460400.0,0.4155573844909668
1992-12-30,0.8806584477424622,0.8724279999732971,0.8765432238578796,0.8765432238578796,3713700.0,0.4155573844909668
1992-12-31,0.8806584477424622,0.8518518805503845,0.8806584477424622,0.8600823283195496,3195300.0,0.407753586769104
1993-01-04,0.8600823283195496,0.8395061492919922,0.8600823283195496,0.8436213731765747,5541600.0,0.3999498784542084
1993-01-05,0.8436213731765747,0.8189300298690796,0.8436213731765747,0.8312757015228271,4191600.0,0.39409688115119934
1993-01-06,0.8477365970611572,0.8312757015228271,0.8353909254074097,0.8436213731765747,3713700.0,0.3999498784542084
1993-01-07,0.9711934328079224,0.8436213731765747,0.8436213731765747,0.9423868060112,27496800.0,0.4467729926109314
1993-01-08,0.9547325372695923,0.8971193432807922,0.9506173133850098,0.9135802388191223,10663500.0,0.4331161677837372
1993-01-11,0.9135802388191223,0.8971193432807922,0.9135802388191223,0.9094650149345398,2357100.0,0.43116509914398193
1993-01-12,0.9341563582420349,0.9135802388191223,0.9135802388191223,0.9176954627037048,2382600.0,0.4350670576095581
1993-01-13,0.9465020298957825,0.9094650149345398,0.9135802388191223,0.9465020298957825,3257400.0,0.4487239420413971
1993-01-14,1.0288065671920776,0.9547325372695923,0.9547325372695923,1.0205761194229126,15803100.0,0.4838416278362274
1993-01-15,1.0452674627304077,1.008230447769165,1.0205761194229126,1.0452674627304077,9688800.0,0.4955473840236664
1993-01-18,1.0781892538070679,1.0411522388458252,1.0452674627304077,1.0534979104995728,23709900.0,0.49944931268692017
1993-01-19,1.0699588060379028,1.0205761194229126,1.0617283582687378,1.0246913433074951,26528700.0,0.4857924282550812
1993-01-20,1.0370370149612427,1.0246913433074951,1.0370370149612427,1.0246913433074951,3483000.0,0.4857924282550812
1993-01-21,1.0288065671920776,1.0123456716537476,1.0288065671920776,1.01646089553833,4799100.0,0.48189058899879456
1993-01-22,1.01646089553833,1.0041152238845825,1.01646089553833,1.0041152238845825,2520300.0,0.47603723406791687
1993-01-25,1.0370370149612427,1.008230447769165,1.008230447769165,1.0370370149612427,10906500.0,0.4916454255580902
1993-01-26,1.0493826866149902,1.0370370149612427,1.0493826866149902,1.0370370149612427,4318500.0,0.5116262435913086
1993-01-27,1.0411522388458252,1.0041152238845825,1.0411522388458252,1.008230447769165,3268200.0,0.4974145293235779
1993-01-28,1.01646089553833,1.008230447769165,1.0123456716537476,1.0123456716537476,2552700.0,0.49944475293159485
1993-01-29,1.01646089553833,0.9958847761154175,1.0123456716537476,0.9958847761154175,2382600.0,0.49132364988327026
1993-02-01,1.0781892538070679,0.9958847761154175,0.9958847761154175,1.0781892538070679,12048600.0,0.5319288969039917
1993-02-02,1.1111111640930176,1.0823044776916504,1.086419701576233,1.0905349254608154,14196600.0,0.5380197167396545
1993-02-03,1.1028807163238525,1.0658435821533203,1.094650149345398,1.094650149345398,6658200.0,0.540050208568573
1993-02-04,1.193415641784668,1.1028807163238525,1.1028807163238525,1.176954746246338,19149600.0,0.5806552171707153
1993-02-05,1.2263374328613281,1.1316872835159302,1.2057613134384155,1.1399177312850952,10535400.0,0.5623828768730164
1993-02-08,1.1440329551696777,1.1152263879776,1.1440329551696777,1.1275720596313477,6323400.0,0.5562921762466431
1993-02-09,1.1193416118621826,1.0987653732299805,1.1193416118621826,1.1111111640930176,2830800.0,0.5481710433959961
1993-02-10,1.1152263879776,1.094650149345398,1.0987653732299805,1.1152263879776,4185000.0,0.5502012968063354
1993-02-11,1.1152263879776,1.0987653732299805,1.1152263879776,1.106995940208435,1714500.0,0.546140730381012
1993-02-12,1.1028807163238525,1.086419701576233,1.1028807163238525,1.0905349254608154,2101800.0,0.5380197167396545
1993-02-16,1.0905349254608154,0.9588477611541748,1.0905349254608154,1.0041152238845825,17431200.0,0.49538373947143555
1993-02-17,0.9876543283462524,0.9588477611541748,0.9876543283462524,0.9835391044616699,7589700.0,0.485232949256897
1993-02-18,1.0576131343841553,1.0,1.0205761194229126,1.0288065671920776,11086200.0,0.5075657963752747
1993-02-19,1.0329217910766602,1.0041152238845825,1.0329217910766602,1.0041152238845825,1617300.0,0.49538373947143555
1993-02-22,1.0411522388458252,1.0041152238845825,1.008230447769165,1.008230447769165,4175400.0,0.4974145293235779
1993-02-23,1.0123456716537476,0.9506173133850098,1.0041152238845825,0.9506173133850098,7217100.0,0.46899083256721497
1993-02-24,0.9876543283462524,0.9465020298957825,0.9465020298957825,0.9876543283462524,10199100.0,0.48726311326026917
1993-02-25,1.0534979104995728,0.9958847761154175,1.0,1.0534979104995728,7101000.0,0.519747257232666
1993-02-26,1.0740740299224854,1.0329217910766602,1.0699588060379028,1.0658435821533203,7149600.0,0.5258383750915527
1993-03-01,1.0699588060379028,1.0329217910766602,1.0699588060379028,1.0411522388458252,2587800.0,0.513656497001648
1993-03-02,1.0781892538070679,1.0370370149612427,1.0370370149612427,1.0781892538070679,7788000.0,0.5319288969039917
1993-03-03,1.086419701576233,1.0658435821533203,1.0740740299224854,1.0740740299224854,3207600.0,0.5298989415168762
1993-03-04,1.0658435821533203,1.0493826866149902,1.0658435821533203,1.0617283582687378,3492300.0,0.5238078832626343
1993-03-05,1.0987653732299805,1.0411522388458252,1.0617283582687378,1.0823044776916504,5776500.0,0.533959150314331
1993-03-08,1.1646090745925903,1.1193416118621826,1.1316872835159302,1.1604938507080078,13543200.0,0.5725340247154236
1993-03-09,1.2139917612075806,1.1728395223617554,1.1810699701309204,1.185185194015503,11337300.0,0.5847156643867493
1993-03-10,1.185185194015503,1.1687242984771729,1.1810699701309204,1.1810699701309204,3711000.0,0.5826852917671204
1993-03-11,1.193415641784668,1.1810699701309204,1.1810699701309204,1.185185194015503,2899800.0,0.5847156643867493
1993-03-12,1.176954746246338,1.1604938507080078,1.1728395223617554,1.1687242984771729,4212000.0,0.5765948295593262
1993-03-15,1.193415641784668,1.1604938507080078,1.1646090745925903,1.1893004179000854,2163900.0,0.5867457389831543
1993-03-16,1.218106985092163,1.193415641784668,1.1975308656692505,1.201646089553833,4112100.0,0.5928367972373962
1993-03-17,1.201646089553833,1.1522634029388428,1.201646089553833,1.1646090745925903,3828600.0,0.5745643377304077
1993-03-18,1.176954746246338,1.1522634029388428,1.1522634029388428,1.1728395223617554,2899800.0,0.578624963760376
1993-03-19,1.1810699701309204,1.1440329551696777,1.1810699701309204,1.1481481790542603,4114800.0,0.5664433240890503
1993-03-22,1.1358025074005127,1.0905349254608154,1.1316872835159302,1.1275720596313477,6639300.0,0.5562921762466431
1993-03-23,1.1275720596313477,1.106995940208435,1.1193416118621826,1.1152263879776,2207100.0,0.5502012968063354
1993-03-24,1.1152263879776,1.1028807163238525,1.1152263879776,1.106995940208435,1742700.0,0.546140730381012
1993-03-25,1.1975308656692505,1.1028807163238525,1.106995940208435,1.1975308656692505,8857200.0,0.5908064842224121
1993-03-26,1.2263374328613281,1.1810699701309204,1.2057613134384155,1.185185194015503,6402900.0,0.5847156643867493
1993-03-29,1.2263374328613281,1.1810699701309204,1.1893004179000854,1.2057613134384155,4253700.0,0.5948671102523804
1993-03-30,1.209876537322998,1.176954746246338,1.2057613134384155,1.1810699701309204,3006300.0,0.5826852917671204
1993-03-31,1.2263374328613281,1.185185194015503,1.193415641784668,1.201646089553833,5321700.0,0.5928367972373962
1993-04-01,1.2057613134384155,1.185185194015503,1.2057613134384155,1.1893004179000854,2982000.0,0.5867457389831543
1993-04-02,1.193415641784668,1.1440329551696777,1.193415641784668,1.1481481790542603,3950100.0,0.5664433240890503
1993-04-05,1.1563786268234253,1.1275720596313477,1.1481481790542603,1.1399177312850952,7072500.0,0.5623828768730164
1993-04-06,1.1481481790542603,1.0987653732299805,1.1358025074005127,1.0987653732299805,6274800.0,0.5420800447463989
1993-04-07,1.1481481790542603,1.0987653732299805,1.1028807163238525,1.1440329551696777,5942700.0,0.5644130110740662
1993-04-08,1.1563786268234253,1.1316872835159302,1.1522634029388428,1.1440329551696777,3391200.0,0.5644130110740662
1993-04-12,1.1893004179000854,1.1563786268234253,1.1563786268234253,1.1728395223617554,2413800.0,0.578624963760376
1993-04-13,1.2469135522842407,1.1893004179000854,1.1893004179000854,1.2345678806304932,8814000.0,0.6090788841247559
1993-04-14,1.2839505672454834,1.2427983283996582,1.2551440000534058,1.2592592239379883,12899100.0,0.6212605834007263
1993-04-15,1.2798353433609009,1.1522634029388428,1.2592592239379883,1.1563786268234253,18378900.0,0.570503830909729
1993-04-16,1.1522634029388428,1.1028807163238525,1.1522634029388428,1.1111111640930176,13949400.0,0.5481710433959961
1993-04-19,1.1111111640930176,1.008230447769165,1.1111111640930176,1.0534979104995728,19846200.0,0.519747257232666
1993-04-20,1.0987653732299805,1.0370370149612427,1.0452674627304077,1.0576131343841553,11556000.0,0.5217774510383606
1993-04-21,1.086419701576233,1.0617283582687378,1.0617283582687378,1.0781892538070679,4909800.0,0.5319288969039917
1993-04-22,1.094650149345398,1.0658435821533203,1.0823044776916504,1.0658435821533203,3828600.0,0.5258383750915527
1993-04-23,1.0823044776916504,1.0617283582687378,1.0658435821533203,1.0781892538070679,3913500.0,0.5319288969039917
1993-04-26,1.0823044776916504,1.0329217910766602,1.0823044776916504,1.0370370149612427,6617700.0,0.5116262435913086
1993-04-27,1.0370370149612427,1.0123456716537476,1.0329217910766602,1.0370370149612427,5710500.0,0.5378870368003845
1993-04-28,1.0452674627304077,1.0329217910766602,1.0411522388458252,1.0411522388458252,4187700.0,0.5400211215019226
1993-04-29,1.0658435821533203,1.0493826866149902,1.0493826866149902,1.0617283582687378,3840600.0,0.5506938695907593
1993-04-30,1.094650149345398,1.0740740299224854,1.0740740299224854,1.0781892538070679,2921400.0,0.5592315196990967
1993-05-03,1.0781892538070679,1.0658435821533203,1.0781892538070679,1.0740740299224854,1471500.0,0.5570971369743347
1993-05-04,1.1028807163238525,1.0699588060379028,1.0699588060379028,1.0823044776916504,2289600.0,0.561366081237793
1993-05-05,1.086419701576233,1.0699588060379028,1.0740740299224854,1.086419701576233,4458900.0,0.5635005831718445
1993-05-06,1.086419701576233,1.0781892538070679,1.086419701576233,1.0823044776916504,2204400.0,0.561366081237793
1993-05-07,1.0823044776916504,1.0740740299224854,1.0781892538070679,1.0781892538070679,1709100.0,0.5592315196990967
1993-05-10,1.106995940208435,1.086419701576233,1.086419701576233,1.1028807163238525,3852900.0,0.5720383524894714
1993-05-11,1.0987653732299805,1.0617283582687378,1.0987653732299805,1.0699588060379028,5078700.0,0.5549625754356384
1993-05-12,1.0740740299224854,1.0493826866149902,1.0740740299224854,1.0534979104995728,4126800.0,0.5464247465133667
1993-05-13,1.0493826866149902,1.0329217910766602,1.0452674627304077,1.0370370149612427,1660500.0,0.5378870368003845
1993-05-14,1.0411522388458252,1.0123456716537476,1.0411522388458252,1.0205761194229126,2170800.0,0.5293487906455994
1993-05-17,1.0246913433074951,1.0123456716537476,1.0123456716537476,1.0246913433074951,1628100.0,0.5314832925796509
1993-05-18,1.0370370149612427,1.0205761194229126,1.0205761194229126,1.0288065671920776,3499200.0,0.5336179137229919
1993-05-19,1.086419701576233,1.0288065671920776,1.0329217910766602,1.086419701576233,6621600.0,0.5635005831718445
1993-05-20,1.1358025074005127,1.086419701576233,1.086419701576233,1.1275720596313477,10438200.0,0.5848455429077148
1993-05-21,1.1193416118621826,1.0781892538070679,1.1193416118621826,1.0823044776916504,4479300.0,0.561366081237793
1993-05-24,1.1028807163238525,1.0823044776916504,1.0823044776916504,1.0987653732299805,1822500.0,0.5699038505554199
1993-05-25,1.1234568357467651,1.1028807163238525,1.106995940208435,1.1111111640930176,3565200.0,0.5763075351715088
1993-05-26,1.1687242984771729,1.1111111640930176,1.1111111640930176,1.1687242984771729,7072500.0,0.6061898469924927
1993-05-27,1.1893004179000854,1.1604938507080078,1.1810699701309204,1.1810699701309204,7169700.0,0.6125932931900024
1993-05-28,1.193415641784668,1.1563786268234253,1.185185194015503,1.1604938507080078,3864900.0,0.6019209027290344
1993-06-01,1.1893004179000854,1.1563786268234253,1.1604938507080078,1.1810699701309204,9801000.0,0.6125932931900024
1993-06-02,1.2592592239379883,1.1790122985839844,1.1790122985839844,1.2407407760620117,6416400.0,0.6435432434082031
1993-06-03,1.2345678806304932,1.2160494327545166,1.2160494327545166,1.2222222089767456,3225000.0,0.6339379549026489
1993-06-04,1.2222222089767456,1.1975308656692505,1.209876537322998,1.2160494327545166,3451800.0,0.6307364106178284
1993-06-07,1.2222222089767456,1.1543209552764893,1.2160494327545166,1.1604938507080078,3928500.0,0.6019209027290344
1993-06-08,1.1604938507080078,1.1358025074005127,1.1481481790542603,1.1358025074005127,3199500.0,0.5891141891479492
1993-06-09,1.1728395223617554,1.1234568357467651,1.1234568357467651,1.1481481790542603,1941300.0,0.5955174565315247
1993-06-10,1.1666666269302368,1.1481481790542603,1.1543209552764893,1.1666666269302368,1779300.0,0.6051225066184998
1993-06-11,1.209876537322998,1.185185194015503,1.191357970237732,1.209876537322998,2924100.0,0.6275346875190735
1993-06-14,1.2592592239379883,1.2345678806304932,1.2345678806304932,1.2407407760620117,6477300.0,0.6435432434082031
1993-06-15,1.2530864477157593,1.2345678806304932,1.2469135522842407,1.2407407760620117,2559600.0,0.6435432434082031
1993-06-16,1.2407407760620117,1.1975308656692505,1.2345678806304932,1.203703761100769,1656300.0,0.6243330240249634
1993-06-17,1.2407407760620117,1.1975308656692505,1.203703761100769,1.2407407760620117,1777800.0,0.6435432434082031
1993-06-18,1.2839505672454834,1.2469135522842407,1.2839505672454834,1.2530864477157593,3135900.0,0.6499466300010681
1993-06-21,1.2530864477157593,1.2345678806304932,1.2345678806304932,1.2407407760620117,1668600.0,0.6435432434082031
1993-06-22,1.2716048955917358,1.2469135522842407,1.2530864477157593,1.2654321193695068,2775600.0,0.6563498973846436
1993-06-23,1.290123462677002,1.2654321193695068,1.2716048955917358,1.2654321193695068,6777000.0,0.6563498973846436
1993-06-24,1.2777777910232544,1.2654321193695068,1.2777777910232544,1.2777777910232544,2496000.0,0.6627535820007324
1993-06-25,1.3024691343307495,1.2654321193695068,1.2716048955917358,1.290123462677002,4711500.0,0.6691569685935974
1993-06-28,1.419753074645996,1.290123462677002,1.290123462677002,1.4074074029922485,10773000.0,0.7299892902374268
1993-06-29,1.4259259700775146,1.3641974925994873,1.413580298423767,1.3888888359069824,6621600.0,0.720383882522583
1993-06-30,1.4320987462997437,1.3827160596847534,1.3888888359069824,1.4074074029922485,3715200.0,0.7299892902374268
1993-07-01,1.4074074029922485,1.3703703880310059,1.4012346267700195,1.3765431642532349,4557600.0,0.713980495929718
1993-07-02,1.3765431642532349,1.3456790447235107,1.3765431642532349,1.3641974925994873,2535300.0,0.7075773477554321
1993-07-06,1.3765431642532349,1.3456790447235107,1.3641974925994873,1.3518518209457397,2717400.0,0.7011739611625671
1993-07-07,1.3827160596847534,1.3456790447235107,1.3641974925994873,1.3827160596847534,2579700.0,0.7171823978424072
1993-07-08,1.4506173133850098,1.3703703880310059,1.3827160596847534,1.4506173133850098,4199700.0,0.7524011731147766
1993-07-09,1.4506173133850098,1.419753074645996,1.4506173133850098,1.4382716417312622,3597600.0,0.7459977269172668
1993-07-12,1.4567900896072388,1.4259259700775146,1.4259259700775146,1.4567900896072388,1973700.0,0.7556028962135315
1993-07-13,1.4629629850387573,1.4259259700775146,1.4444444179534912,1.4320987462997437,5248800.0,0.7427961230278015
1993-07-14,1.4567900896072388,1.3580247163772583,1.4382716417312622,1.3641974925994873,7356000.0,0.7075773477554321
1993-07-15,1.4074074029922485,1.3518518209457397,1.3641974925994873,1.4012346267700195,5463300.0,0.7267876863479614
1993-07-16,1.4012346267700195,1.3518518209457397,1.4012346267700195,1.3580247163772583,2755200.0,0.7043759226799011
1993-07-19,1.3641974925994873,1.3209877014160156,1.3641974925994873,1.3333333730697632,3280500.0,0.6915686130523682
1993-07-20,1.3765431642532349,1.3333333730697632,1.3395061492919922,1.3765431642532349,4274100.0,0.713980495929718
1993-07-21,1.3703703880310059,1.3209877014160156,1.3641974925994873,1.3456790447235107,4847700.0,0.697972297668457
1993-07-22,1.3641974925994873,1.3271604776382446,1.3518518209457397,1.3333333730697632,1567200.0,0.6915686130523682
1993-07-23,1.3765431642532349,1.3271604776382446,1.3333333730697632,1.3580247163772583,1587600.0,0.7043759226799011
1993-07-26,1.395061731338501,1.3518518209457397,1.3518518209457397,1.3827160596847534,2617500.0,0.7171823978424072
1993-07-27,1.4074074029922485,1.3703703880310059,1.3765431642532349,1.4074074029922485,2871300.0,0.7577290534973145
1993-07-28,1.4444444179534912,1.4012346267700195,1.4012346267700195,1.4444444179534912,8777700.0,0.7776694893836975
1993-07-29,1.4691357612609863,1.4444444179534912,1.4567900896072388,1.4444444179534912,10596000.0,0.7776694893836975
1993-07-30,1.4506173133850098,1.419753074645996,1.4506173133850098,1.4320987462997437,5119200.0,0.7710226774215698
1993-08-02,1.4444444179534912,1.4259259700775146,1.4320987462997437,1.4259259700775146,2682300.0,0.7676990032196045
1993-08-03,1.4320987462997437,1.4012346267700195,1.4320987462997437,1.4012346267700195,1082700.0,0.7544057369232178
1993-08-04,1.4259259700775146,1.3888888359069824,1.3888888359069824,1.419753074645996,1117800.0,0.7643757462501526
1993-08-05,1.4506173133850098,1.413580298423767,1.419753074645996,1.4444444179534912,10170900.0,0.7776694893836975
1993-08-06,1.4629629850387573,1.4444444179534912,1.4444444179534912,1.4629629850387573,3211500.0,0.7876394987106323
1993-08-09,1.5679012537002563,1.4567900896072388,1.4629629850387573,1.5617283582687378,7396500.0,0.8408129811286926
1993-08-10,1.5555555820465088,1.5,1.5493826866149902,1.5,5779200.0,0.8075798749923706
1993-08-11,1.5308642387390137,1.5061728954315186,1.5185185670852661,1.5061728954315186,5285100.0,0.8109033107757568
1993-08-12,1.5123456716537476,1.4753086566925049,1.5061728954315186,1.4876543283462524,5751000.0,0.8009330630302429
1993-08-13,1.4938271045684814,1.4814814329147339,1.4876543283462524,1.4814814329147339,1803600.0,0.7976096272468567
1993-08-16,1.4938271045684814,1.4753086566925049,1.4814814329147339,1.4814814329147339,4236300.0,0.7976096272468567
1993-08-17,1.4876543283462524,1.4629629850387573,1.4753086566925049,1.4753086566925049,3723300.0,0.7942859530448914
1993-08-18,1.5061728954315186,1.4753086566925049,1.4753086566925049,1.4876543283462524,2666100.0,0.8009330630302429
1993-08-19,1.5308642387390137,1.4814814329147339,1.4876543283462524,1.5185185670852661,3869100.0,0.8175499439239502
1993-08-20,1.5246913433074951,1.4938271045684814,1.5246913433074951,1.5,2520300.0,0.8075798749923706
1993-08-23,1.5185185670852661,1.5,1.5,1.5,1601100.0,0.8075798749923706
1993-08-24,1.5617283582687378,1.5,1.5,1.5432099103927612,5845500.0,0.8308431506156921
1993-08-25,1.6604938507080078,1.5493826866149902,1.5493826866149902,1.6419752836227417,10952400.0,0.884017288684845
1993-08-26,1.6543209552764893,1.5925925970077515,1.604938268661499,1.6296296119689941,6249000.0,0.8773700594902039
1993-08-27,1.6296296119689941,1.604938268661499,1.6172839403152466,1.6234568357467651,1779300.0,0.8740472197532654
1993-08-30,1.6419752836227417,1.6172839403152466,1.6234568357467651,1.6234568357467651,3006300.0,0.8740472197532654
1993-08-31,1.6481481790542603,1.604938268661499,1.6172839403152466,1.6234568357467651,3033300.0,0.8740472197532654
1993-09-01,1.6790122985839844,1.6172839403152466,1.6234568357467651,1.6728395223617554,4053900.0,0.900634229183197
1993-09-02,1.6790122985839844,1.6543209552764893,1.6790122985839844,1.6604938507080078,957000.0,0.8939869999885559
1993-09-03,1.6666666269302368,1.6358025074005127,1.6604938507080078,1.6419752836227417,2109900.0,0.884017288684845
1993-09-07,1.6790122985839844,1.6234568357467651,1.6419752836227417,1.6234568357467651,4998900.0,0.8740472197532654
1993-09-08,1.6111111640930176,1.5246913433074951,1.604938268661499,1.5432099103927612,4845000.0,0.8308431506156921
1993-09-09,1.5925925970077515,1.5493826866149902,1.5493826866149902,1.5925925970077515,4035000.0,0.857430100440979
1993-09-10,1.6234568357467651,1.5925925970077515,1.5925925970077515,1.604938268661499,4023000.0,0.8640769720077515
1993-09-13,1.6172839403152466,1.5925925970077515,1.6111111640930176,1.5925925970077515,2160000.0,0.857430100440979
1993-09-14,1.580246925354004,1.5246913433074951,1.5432099103927612,1.5740740299224854,3891900.0,0.8474603891372681
1993-09-15,1.5925925970077515,1.5493826866149902,1.5679012537002563,1.580246925354004,2419200.0,0.8507834672927856
1993-09-16,1.604938268661499,1.5740740299224854,1.580246925354004,1.5925925970077515,1167600.0,0.857430100440979
1993-09-17,1.6481481790542603,1.580246925354004,1.580246925354004,1.6172839403152466,2593200.0,0.8707238435745239
1993-09-20,1.6358025074005127,1.5987653732299805,1.6172839403152466,1.5987653732299805,2305800.0,0.8607540130615234
1993-09-21,1.604938268661499,1.5555555820465088,1.5987653732299805,1.5555555820465088,5661900.0,0.8374897837638855
1993-09-22,1.6172839403152466,1.580246925354004,1.580246925354004,1.6111111640930176,5001600.0,0.867400050163269
1993-09-23,1.6419752836227417,1.6111111640930176,1.6358025074005127,1.6358025074005127,1961400.0,0.8806938529014587
1993-09-24,1.6666666269302368,1.6172839403152466,1.6172839403152466,1.6481481790542603,1929000.0,0.8873406052589417
1993-09-27,1.7469135522842407,1.6543209552764893,1.6543209552764893,1.7407407760620117,5651100.0,0.9371914863586426
1993-09-28,1.8333333730697632,1.7654321193695068,1.8024691343307495,1.790123462677002,9952200.0,0.9637776613235474
1993-09-29,1.8024691343307495,1.7592592239379883,1.790123462677002,1.7654321193695068,3075300.0,0.950484037399292
1993-09-30,1.7654321193695068,1.6975308656692505,1.7654321193695068,1.703703761100769,5224500.0,0.9172512292861938
1993-10-01,1.7654321193695068,1.6975308656692505,1.6975308656692505,1.7530864477157593,3796200.0,0.9438379406929016
1993-10-04,1.790123462677002,1.7469135522842407,1.7530864477157593,1.7716048955917358,2547300.0,0.953808069229126
1993-10-05,1.8580247163772583,1.7777777910232544,1.7777777910232544,1.8518518209457397,5038200.0,0.9970120787620544
1993-10-06,1.8888888359069824,1.808642029762268,1.8580247163772583,1.8209877014160156,6594600.0,0.9803950190544128
1993-10-07,1.8209877014160156,1.7716048955917358,1.8209877014160156,1.7777777910232544,3057600.0,0.9571317434310913
1993-10-08,1.7716048955917358,1.691357970237732,1.7716048955917358,1.7469135522842407,6326100.0,0.9405147433280945
1993-10-11,1.790123462677002,1.7654321193695068,1.7654321193695068,1.7839505672454834,3063000.0,0.9604547023773193
1993-10-12,1.895061731338501,1.790123462677002,1.790123462677002,1.8456790447235107,6350400.0,0.9936889410018921
1993-10-13,1.8641974925994873,1.814814805984497,1.8641974925994873,1.814814805984497,6666300.0,0.9770717620849609
1993-10-14,1.8333333730697632,1.796296238899231,1.8209877014160156,1.8271604776382446,5487600.0,0.9837183356285095
1993-10-15,1.8395061492919922,1.7839505672454834,1.8271604776382446,1.790123462677002,4391400.0,0.9637776613235474
1993-10-18,1.7777777910232544,1.7283951044082642,1.7777777910232544,1.7407407760620117,4288800.0,0.9371914863586426
1993-10-19,1.7592592239379883,1.6481481790542603,1.7345678806304932,1.6543209552764893,4577700.0,0.8906641602516174
1993-10-20,1.7345678806304932,1.6604938507080078,1.6604938507080078,1.6975308656692505,6687900.0,0.9139278531074524
1993-10-21,1.7160494327545166,1.6543209552764893,1.691357970237732,1.6666666269302368,4784400.0,0.897310733795166
1993-10-22,1.6790122985839844,1.6172839403152466,1.6666666269302368,1.6172839403152466,5104200.0,0.8707238435745239
1993-10-25,1.6543209552764893,1.5679012537002563,1.6419752836227417,1.586419701576233,7319700.0,0.8541067838668823
1993-10-26,1.6111111640930176,1.5432099103927612,1.5432099103927612,1.604938268661499,4160700.0,0.89255690574646
1993-10-27,1.604938268661499,1.580246925354004,1.604938268661499,1.5925925970077515,2297700.0,0.8856909871101379
1993-10-28,1.6234568357467651,1.5925925970077515,1.5925925970077515,1.604938268661499,4172700.0,0.89255690574646
1993-10-29,1.709876537322998,1.6296296119689941,1.6419752836227417,1.709876537322998,4561500.0,0.9509164690971375
1993-11-01,1.7407407760620117,1.6604938507080078,1.7283951044082642,1.6604938507080078,5015100.0,0.9234528541564941
1993-11-02,1.6604938507080078,1.586419701576233,1.6543209552764893,1.5925925970077515,7719300.0,0.8856909871101379
1993-11-03,1.5987653732299805,1.4753086566925049,1.5925925970077515,1.4876543283462524,10182900.0,0.8273317813873291
1993-11-04,1.5370370149612427,1.4814814329147339,1.4938271045684814,1.4876543283462524,14508300.0,0.8273317813873291
1993-11-05,1.4876543283462524,1.419753074645996,1.4876543283462524,1.4814814329147339,9316200.0,0.8238990902900696
1993-11-08,1.6111111640930176,1.4814814329147339,1.4814814329147339,1.604938268661499,9594300.0,0.89255690574646
1993-11-09,1.709876537322998,1.6172839403152466,1.6543209552764893,1.6604938507080078,19947600.0,0.9234528541564941
1993-11-10,1.6666666269302368,1.6111111640930176,1.6604938507080078,1.6358025074005127,11740800.0,0.9097217321395874
1993-11-11,1.6790122985839844,1.6358025074005127,1.6419752836227417,1.6543209552764893,7084800.0,0.9200204014778137
1993-11-12,1.6604938507080078,1.6296296119689941,1.6543209552764893,1.6543209552764893,3701700.0,0.9200204014778137
1993-11-15,1.6604938507080078,1.6172839403152466,1.6604938507080078,1.6419752836227417,4023000.0,0.9131545424461365
1993-11-16,1.6728395223617554,1.604938268661499,1.6419752836227417,1.6234568357467651,5208300.0,0.9028556942939758
1993-11-17,1.6481481790542603,1.5987653732299805,1.6419752836227417,1.6172839403152466,6404400.0,0.8994228839874268
1993-11-18,1.6172839403152466,1.5185185670852661,1.5987653732299805,1.5308642387390137,10287000.0,0.8513623476028442
1993-11-19,1.5432099103927612,1.4753086566925049,1.5246913433074951,1.5370370149612427,11267100.0,0.8547949194908142
1993-11-22,1.5185185670852661,1.4444444179534912,1.5123456716537476,1.4567900896072388,8735700.0,0.8101670742034912
1993-11-23,1.5370370149612427,1.4753086566925049,1.4814814329147339,1.5370370149612427,8298300.0,0.8547949194908142
1993-11-24,1.586419701576233,1.5370370149612427,1.5432099103927612,1.5555555820465088,2783700.0,0.8650934100151062
1993-11-26,1.5740740299224854,1.5555555820465088,1.5555555820465088,1.5555555820465088,1989900.0,0.8650934100151062
1993-11-29,1.5925925970077515,1.5617283582687378,1.5617283582687378,1.580246925354004,4430700.0,0.8788254261016846
1993-11-30,1.5987653732299805,1.5308642387390137,1.5555555820465088,1.5740740299224854,4491300.0,0.8753929138183594
1993-12-01,1.5987653732299805,1.5555555820465088,1.5679012537002563,1.5555555820465088,5043600.0,0.8650934100151062
1993-12-02,1.580246925354004,1.5493826866149902,1.5617283582687378,1.5679012537002563,3569400.0,0.8719595670700073
1993-12-03,1.5987653732299805,1.5493826866149902,1.5679012537002563,1.5987653732299805,5035500.0,0.8891246318817139
1993-12-06,1.6543209552764893,1.5925925970077515,1.5925925970077515,1.6543209552764893,4333500.0,0.9200204014778137
1993-12-07,1.6728395223617554,1.6358025074005127,1.6728395223617554,1.6604938507080078,3875700.0,0.9234528541564941
1993-12-08,1.691357970237732,1.6543209552764893,1.6543209552764893,1.685185194015503,3341100.0,0.937184751033783
1993-12-09,1.7469135522842407,1.703703761100769,1.7160494327545166,1.709876537322998,9059700.0,0.9509164690971375
1993-12-10,1.7160494327545166,1.691357970237732,1.703703761100769,1.6975308656692505,2369100.0,0.9440509676933289
1993-12-13,1.691357970237732,1.6543209552764893,1.685185194015503,1.6666666269302368,3807000.0,0.926885724067688
1993-12-14,1.6790122985839844,1.6234568357467651,1.6604938507080078,1.6296296119689941,3216900.0,0.9062881469726562
1993-12-15,1.6543209552764893,1.6111111640930176,1.6419752836227417,1.6543209552764893,4888200.0,0.9200204014778137
1993-12-16,1.6604938507080078,1.6419752836227417,1.6481481790542603,1.6419752836227417,3597600.0,0.9131545424461365
1993-12-17,1.709876537322998,1.685185194015503,1.709876537322998,1.6975308656692505,4653300.0,0.9440509676933289
1993-12-20,1.6975308656692505,1.6790122985839844,1.691357970237732,1.685185194015503,1239300.0,0.937184751033783
1993-12-21,1.6975308656692505,1.6790122985839844,1.6790122985839844,1.685185194015503,2891700.0,0.937184751033783
1993-12-22,1.691357970237732,1.6666666269302368,1.6790122985839844,1.691357970237732,3314100.0,0.9406177401542664
1993-12-23,1.691357970237732,1.6790122985839844,1.685185194015503,1.685185194015503,3231900.0,0.937184751033783
1993-12-27,1.703703761100769,1.6728395223617554,1.691357970237732,1.6728395223617554,1196100.0,0.9303191900253296
1993-12-28,1.703703761100769,1.6543209552764893,1.6728395223617554,1.6728395223617554,7821900.0,0.9303191900253296
1993-12-29,1.6728395223617554,1.6172839403152466,1.6728395223617554,1.6172839403152466,2693100.0,0.8994228839874268
1993-12-30,1.6234568357467651,1.580246925354004,1.6234568357467651,1.586419701576233,3690900.0,0.8822579979896545
1993-12-31,1.5987653732299805,1.5740740299224854,1.5740740299224854,1.5987653732299805,1694100.0,0.8891246318817139
1994-01-03,1.5987653732299805,1.5308642387390137,1.586419701576233,1.5370370149612427,3673200.0,0.8547949194908142
1994-01-04,1.5493826866149902,1.5,1.5370370149612427,1.5308642387390137,7217100.0,0.8513623476028442
1994-01-05,1.5617283582687378,1.5185185670852661,1.5185185670852661,1.5370370149612427,6172200.0,0.8547949194908142
1994-01-06,1.5308642387390137,1.4876543283462524,1.5308642387390137,1.5,4718100.0,0.8341978192329407
1994-01-07,1.586419701576233,1.4753086566925049,1.4814814329147339,1.586419701576233,9020700.0,0.8822579979896545
1994-01-10,1.6296296119689941,1.5925925970077515,1.5987653732299805,1.5987653732299805,5103000.0,0.8891246318817139
1994-01-11,1.604938268661499,1.5246913433074951,1.604938268661499,1.5493826866149902,4446900.0,0.8616611957550049
1994-01-12,1.5740740299224854,1.5308642387390137,1.5617283582687378,1.5555555820465088,2798400.0,0.8650934100151062
1994-01-13,1.6111111640930176,1.4382716417312622,1.5617283582687378,1.4691357612609863,22782600.0,0.8170328736305237
1994-01-14,1.5123456716537476,1.4629629850387573,1.4691357612609863,1.4814814329147339,19926000.0,0.8238990902900696
1994-01-17,1.4876543283462524,1.4506173133850098,1.4876543283462524,1.4691357612609863,6728400.0,0.8170328736305237
1994-01-18,1.4814814329147339,1.413580298423767,1.4753086566925049,1.4506173133850098,11742300.0,0.8067342638969421
1994-01-19,1.4506173133850098,1.308642029762268,1.4320987462997437,1.3395061492919922,24811500.0,0.7449418306350708
1994-01-20,1.3888888359069824,1.3271604776382446,1.3333333730697632,1.3765431642532349,11284500.0,0.7655389308929443
1994-01-21,1.3827160596847534,1.3580247163772583,1.3765431642532349,1.3765431642532349,9578100.0,0.7655389308929443
1994-01-24,1.413580298423767,1.3827160596847534,1.3827160596847534,1.4074074029922485,7067100.0,0.7827038764953613
1994-01-25,1.4382716417312622,1.3888888359069824,1.4320987462997437,1.4012346267700195,6905100.0,0.7792710661888123
1994-01-26,1.4259259700775146,1.3827160596847534,1.395061731338501,1.4259259700775146,7751700.0,0.8352463841438293
1994-01-27,1.4444444179534912,1.413580298423767,1.4382716417312622,1.413580298423767,4006800.0,0.828015148639679
1994-01-28,1.4567900896072388,1.4259259700775146,1.4320987462997437,1.4320987462997437,4541400.0,0.838862419128418
1994-01-31,1.4629629850387573,1.419753074645996,1.419753074645996,1.4567900896072388,5260800.0,0.8533254861831665
1994-02-01,1.5,1.4567900896072388,1.4753086566925049,1.4629629850387573,10133100.0,0.8569415807723999
1994-02-02,1.4691357612609863,1.4259259700775146,1.4691357612609863,1.4444444179534912,7757100.0,0.8460942506790161
1994-02-03,1.4444444179534912,1.413580298423767,1.4382716417312622,1.413580298423767,4548000.0,0.828015148639679
1994-02-04,1.4629629850387573,1.3518518209457397,1.4320987462997437,1.3580247163772583,7788000.0,0.7954732179641724
1994-02-07,1.3703703880310059,1.3271604776382446,1.3395061492919922,1.3703703880310059,10511100.0,0.8027046322822571
1994-02-08,1.395061731338501,1.3456790447235107,1.3765431642532349,1.3827160596847534,5139300.0,0.8099360466003418
1994-02-09,1.4074074029922485,1.3641974925994873,1.3765431642532349,1.3888888359069824,5201400.0,0.8135519623756409
1994-02-10,1.4320987462997437,1.3703703880310059,1.413580298423767,1.3765431642532349,5702400.0,0.8063201308250427
1994-02-11,1.4012346267700195,1.3580247163772583,1.3703703880310059,1.3580247163772583,4545300.0,0.7954732179641724
1994-02-14,1.3703703880310059,1.3333333730697632,1.3641974925994873,1.3518518209457397,4448100.0,0.7918572425842285
1994-02-15,1.3888888359069824,1.3456790447235107,1.3456790447235107,1.3888888359069824,3738000.0,0.8135519623756409
1994-02-16,1.413580298423767,1.3641974925994873,1.395061731338501,1.3641974925994873,2022300.0,0.7990888357162476
1994-02-17,1.3641974925994873,1.290123462677002,1.3580247163772583,1.296296238899231,16430700.0,0.7593150734901428
1994-02-18,1.3456790447235107,1.296296238899231,1.3209877014160156,1.3024691343307495,10287000.0,0.7629306316375732
1994-02-22,1.314814805984497,1.2839505672454834,1.3024691343307495,1.314814805984497,4074300.0,0.7701625823974609
1994-02-23,1.3333333730697632,1.3024691343307495,1.3209877014160156,1.3333333730697632,5744100.0,0.7810097932815552
1994-02-24,1.3641974925994873,1.3024691343307495,1.308642029762268,1.3209877014160156,8051400.0,0.7737782001495361
1994-02-25,1.3456790447235107,1.3271604776382446,1.3333333730697632,1.3271604776382446,2992800.0,0.7773940563201904
1994-02-28,1.3765431642532349,1.3333333730697632,1.3333333730697632,1.3580247163772583,2289600.0,0.7954732179641724
1994-03-01,1.3765431642532349,1.3333333730697632,1.3641974925994873,1.3395061492919922,4633200.0,0.7846257090568542
1994-03-02,1.3518518209457397,1.296296238899231,1.3271604776382446,1.3333333730697632,4726200.0,0.7810097932815552
1994-03-03,1.3395061492919922,1.314814805984497,1.3395061492919922,1.3209877014160156,3901500.0,0.7737782001495361
1994-03-04,1.3456790447235107,1.290123462677002,1.308642029762268,1.296296238899231,4549500.0,0.7593150734901428
1994-03-07,1.3209877014160156,1.290123462677002,1.308642029762268,1.314814805984497,1965600.0,0.7701625823974609
1994-03-08,1.4074074029922485,1.314814805984497,1.314814805984497,1.4074074029922485,4965300.0,0.8243994116783142
1994-03-09,1.4074074029922485,1.3580247163772583,1.4074074029922485,1.3888888359069824,5221800.0,0.8135519623756409
1994-03-10,1.3827160596847534,1.3580247163772583,1.3827160596847534,1.3641974925994873,1532100.0,0.7990888357162476
1994-03-11,1.4012346267700195,1.3518518209457397,1.3580247163772583,1.4012346267700195,3964800.0,0.8207836747169495
1994-03-14,1.4506173133850098,1.419753074645996,1.4259259700775146,1.4444444179534912,5864400.0,0.8460942506790161
1994-03-15,1.4753086566925049,1.4444444179534912,1.4567900896072388,1.4506173133850098,4434600.0,0.8497098684310913
1994-03-16,1.5308642387390137,1.4567900896072388,1.4567900896072388,1.5308642387390137,7145400.0,0.8967152833938599
1994-03-17,1.5432099103927612,1.4876543283462524,1.5308642387390137,1.4876543283462524,4278000.0,0.8714046478271484
1994-03-18,1.5,1.4814814329147339,1.5,1.4876543283462524,1852200.0,0.8714046478271484
1994-03-21,1.5,1.4814814329147339,1.4876543283462524,1.4938271045684814,3387000.0,0.8750205039978027
1994-03-22,1.5370370149612427,1.4938271045684814,1.4938271045684814,1.5308642387390137,6550200.0,0.8967152833938599
1994-03-23,1.5432099103927612,1.5185185670852661,1.5308642387390137,1.5432099103927612,3646200.0,0.9039467573165894
1994-03-24,1.5308642387390137,1.4876543283462524,1.5308642387390137,1.5061728954315186,4584600.0,0.8822523355484009
1994-03-25,1.5432099103927612,1.4938271045684814,1.5308642387390137,1.5,2357100.0,0.8786365985870361
1994-03-28,1.4876543283462524,1.4382716417312622,1.4814814329147339,1.4506173133850098,7425000.0,0.8497098684310913
1994-03-29,1.4444444179534912,1.3703703880310059,1.4382716417312622,1.3703703880310059,5090700.0,0.8027046322822571
1994-03-30,1.3888888359069824,1.3395061492919922,1.3765431642532349,1.3456790447235107,6230100.0,0.7882415652275085
1994-03-31,1.3518518209457397,1.296296238899231,1.3456790447235107,1.3271604776382446,7663800.0,0.7773940563201904
1994-04-04,1.290123462677002,1.2469135522842407,1.290123462677002,1.2777777910232544,12648000.0,0.7484679818153381
1994-04-05,1.3580247163772583,1.308642029762268,1.308642029762268,1.3456790447235107,6249000.0,0.7882415652275085
1994-04-06,1.419753074645996,1.3765431642532349,1.3827160596847534,1.3827160596847534,13670100.0,0.8099360466003418
1994-04-07,1.4259259700775146,1.3518518209457397,1.3827160596847534,1.4074074029922485,4107900.0,0.8243994116783142
1994-04-08,1.413580298423767,1.3827160596847534,1.413580298423767,1.3888888359069824,3034800.0,0.8135519623756409
1994-04-11,1.4012346267700195,1.3827160596847534,1.3888888359069824,1.3827160596847534,2859300.0,0.8099360466003418
1994-04-12,1.4012346267700195,1.3703703880310059,1.4012346267700195,1.3703703880310059,4086300.0,0.8027046322822571
1994-04-13,1.3765431642532349,1.3024691343307495,1.3765431642532349,1.3395061492919922,7133400.0,0.7846257090568542
1994-04-14,1.3518518209457397,1.314814805984497,1.3271604776382446,1.3456790447235107,3588300.0,0.7882415652275085
1994-04-15,1.3456790447235107,1.3333333730697632,1.3456790447235107,1.3395061492919922,1944000.0,0.7846257090568542
1994-04-18,1.3580247163772583,1.308642029762268,1.3456790447235107,1.3271604776382446,2897100.0,0.7773940563201904
1994-04-19,1.3333333730697632,1.3024691343307495,1.3271604776382446,1.308642029762268,2928000.0,0.7665467858314514
1994-04-20,1.3518518209457397,1.290123462677002,1.3456790447235107,1.296296238899231,3920400.0,0.7593150734901428
1994-04-21,1.413580298423767,1.314814805984497,1.3209877014160156,1.413580298423767,6305700.0,0.828015148639679
1994-04-22,1.4444444179534912,1.4012346267700195,1.4012346267700195,1.4320987462997437,9622800.0,0.838862419128418
1994-04-25,1.4444444179534912,1.4259259700775146,1.4320987462997437,1.4382716417312622,3231900.0,0.8424781560897827
1994-04-26,1.4320987462997437,1.4012346267700195,1.4259259700775146,1.4074074029922485,2199000.0,0.8671267628669739
1994-04-28,1.4074074029922485,1.3827160596847534,1.4074074029922485,1.3888888359069824,3596400.0,0.8557167649269104
1994-04-29,1.4012346267700195,1.3765431642532349,1.3888888359069824,1.4012346267700195,2658000.0,0.8633232712745667
1994-05-02,1.4074074029922485,1.4012346267700195,1.4074074029922485,1.4012346267700195,1279800.0,0.8633232712745667
1994-05-03,1.4259259700775146,1.3827160596847534,1.4259259700775146,1.3888888359069824,1576800.0,0.8557167649269104
1994-05-04,1.4074074029922485,1.3765431642532349,1.3888888359069824,1.4074074029922485,1413300.0,0.8671267628669739
1994-05-05,1.419753074645996,1.3827160596847534,1.4074074029922485,1.3827160596847534,1441800.0,0.851913332939148
1994-05-06,1.3703703880310059,1.3456790447235107,1.3703703880310059,1.3518518209457397,3535500.0,0.8328977227210999
1994-05-09,1.3518518209457397,1.3333333730697632,1.3518518209457397,1.3518518209457397,2693100.0,0.8328977227210999
1994-05-10,1.4074074029922485,1.3580247163772583,1.3703703880310059,1.4074074029922485,2313900.0,0.8671267628669739
1994-05-11,1.419753074645996,1.3888888359069824,1.4074074029922485,1.419753074645996,7682700.0,0.8747333288192749
1994-05-12,1.4320987462997437,1.4012346267700195,1.419753074645996,1.413580298423767,3972900.0,0.8709296584129333
1994-05-13,1.419753074645996,1.3888888359069824,1.413580298423767,1.413580298423767,1887300.0,0.8709296584129333
1994-05-16,1.4567900896072388,1.413580298423767,1.4259259700775146,1.4567900896072388,6141000.0,0.8975517749786377
1994-05-17,1.5185185670852661,1.4382716417312622,1.4444444179534912,1.5061728954315186,10452900.0,0.9279772639274597
1994-05-18,1.580246925354004,1.5123456716537476,1.5185185670852661,1.5185185670852661,17234100.0,0.9355838298797607
1994-05-19,1.5617283582687378,1.5,1.5185185670852661,1.5617283582687378,8213400.0,0.9622058868408203
1994-05-20,1.5617283582687378,1.5308642387390137,1.5617283582687378,1.5432099103927612,3057600.0,0.9507966041564941
1994-05-23,1.5432099103927612,1.5246913433074951,1.5308642387390137,1.5308642387390137,3184500.0,0.9431902170181274
1994-05-24,1.5370370149612427,1.5,1.5308642387390137,1.5185185670852661,2668800.0,0.9355838298797607
1994-05-25,1.5185185670852661,1.4814814329147339,1.5185185670852661,1.4938271045684814,1583400.0,0.9203712940216064
1994-05-26,1.4938271045684814,1.4506173133850098,1.4876543283462524,1.4506173133850098,2863200.0,0.8937488794326782
1994-05-27,1.5061728954315186,1.4444444179534912,1.4629629850387573,1.4814814329147339,1965600.0,0.9127646088600159
1994-05-31,1.5123456716537476,1.4567900896072388,1.4691357612609863,1.4938271045684814,2466300.0,0.9203712940216064
1994-06-01,1.5493826866149902,1.4691357612609863,1.4814814329147339,1.5432099103927612,3564000.0,0.9507966041564941
1994-06-02,1.6234568357467651,1.5432099103927612,1.5432099103927612,1.6172839403152466,10947000.0,0.9964349269866943
1994-06-03,1.6728395223617554,1.604938268661499,1.6172839403152466,1.6481481790542603,10025100.0,1.015451431274414
1994-06-06,1.6481481790542603,1.5987653732299805,1.6481481790542603,1.604938268661499,7801500.0,0.9888291358947754
1994-06-07,1.5987653732299805,1.5617283582687378,1.5987653732299805,1.5617283582687378,2937600.0,0.9622058868408203
1994-06-08,1.5987653732299805,1.5617283582687378,1.5740740299224854,1.5679012537002563,2548800.0,0.9660093188285828
1994-06-09,1.5617283582687378,1.5123456716537476,1.5617283582687378,1.5308642387390137,6953700.0,0.9431902170181274
1994-06-10,1.5308642387390137,1.5061728954315186,1.5308642387390137,1.5123456716537476,2397600.0,0.9317806363105774
1994-06-13,1.4938271045684814,1.4074074029922485,1.4938271045684814,1.419753074645996,15168600.0,0.8747333288192749
1994-06-14,1.4444444179534912,1.413580298423767,1.4259259700775146,1.4320987462997437,5055600.0,0.882339596748352
1994-06-15,1.4444444179534912,1.3765431642532349,1.4382716417312622,1.3827160596847534,4695300.0,0.851913332939148
1994-06-16,1.413580298423767,1.3641974925994873,1.3765431642532349,1.4012346267700195,4094400.0,0.8633232712745667
1994-06-17,1.4074074029922485,1.3703703880310059,1.4074074029922485,1.3765431642532349,4136400.0,0.8481106758117676
1994-06-20,1.3580247163772583,1.3395061492919922,1.3518518209457397,1.3395061492919922,4836900.0,0.8252913951873779
1994-06-21,1.3456790447235107,1.314814805984497,1.3333333730697632,1.3271604776382446,5934600.0,0.8176848888397217
1994-06-22,1.3456790447235107,1.308642029762268,1.3209877014160156,1.3271604776382446,10716300.0,0.8176848888397217
1994-06-23,1.3395061492919922,1.290123462677002,1.3333333730697632,1.296296238899231,4598100.0,0.7986689805984497
1994-06-24,1.290123462677002,1.2654321193695068,1.2839505672454834,1.2716048955917358,6015600.0,0.7834562063217163
1994-06-27,1.3580247163772583,1.2345678806304932,1.2716048955917358,1.3580247163772583,7631400.0,0.8367007374763489
1994-06-28,1.3456790447235107,1.296296238899231,1.3456790447235107,1.3209877014160156,4849200.0,0.8138819336891174
1994-06-29,1.3395061492919922,1.2839505672454834,1.314814805984497,1.290123462677002,3362700.0,0.7948660254478455
1994-06-30,1.290123462677002,1.2222222089767456,1.290123462677002,1.2222222089767456,4124100.0,0.7530310153961182
1994-07-01,1.2839505672454834,1.2160494327545166,1.2283951044082642,1.2345678806304932,13996800.0,0.7606372833251953
1994-07-05,1.2469135522842407,1.2222222089767456,1.2345678806304932,1.2345678806304932,11878500.0,0.7606372833251953
1994-07-06,1.2345678806304932,1.2160494327545166,1.2345678806304932,1.2222222089767456,4853100.0,0.7530310153961182
1994-07-07,1.2469135522842407,1.209876537322998,1.2222222089767456,1.2222222089767456,7639500.0,0.7530310153961182
1994-07-08,1.2530864477157593,1.209876537322998,1.2160494327545166,1.2469135522842407,4460400.0,0.7682436108589172
1994-07-11,1.2530864477157593,1.191357970237732,1.2469135522842407,1.203703761100769,4464300.0,0.7416214942932129
1994-07-12,1.2160494327545166,1.185185194015503,1.209876537322998,1.185185194015503,3937800.0,0.7302117347717285
1994-07-13,1.2654321193695068,1.1728395223617554,1.1790122985839844,1.2592592239379883,13495800.0,0.7758499383926392
1994-07-14,1.296296238899231,1.2592592239379883,1.2592592239379883,1.290123462677002,6564900.0,0.7948660254478455
1994-07-15,1.3024691343307495,1.2530864477157593,1.296296238899231,1.2592592239379883,2994300.0,0.7758499383926392
1994-07-18,1.296296238899231,1.2654321193695068,1.2716048955917358,1.290123462677002,3528900.0,0.7948660254478455
1994-07-19,1.296296238899231,1.2716048955917358,1.290123462677002,1.2777777910232544,3499200.0,0.7872599959373474
1994-07-20,1.2777777910232544,1.2530864477157593,1.2654321193695068,1.2777777910232544,3654300.0,0.7872599959373474
1994-07-21,1.2839505672454834,1.2654321193695068,1.2777777910232544,1.2839505672454834,1672500.0,0.7910628914833069
1994-07-22,1.3333333730697632,1.2839505672454834,1.2839505672454834,1.3209877014160156,4905900.0,0.8138819336891174
1994-07-25,1.314814805984497,1.308642029762268,1.314814805984497,1.314814805984497,1672500.0,0.8100787401199341
1994-07-26,1.314814805984497,1.290123462677002,1.3024691343307495,1.308642029762268,3172500.0,0.852210521697998
1994-07-27,1.308642029762268,1.2839505672454834,1.308642029762268,1.296296238899231,2621700.0,0.844170868396759
1994-07-28,1.3024691343307495,1.296296238899231,1.3024691343307495,1.296296238899231,2077500.0,0.844170868396759
1994-07-29,1.3641974925994873,1.308642029762268,1.308642029762268,1.3209877014160156,3573300.0,0.8602505326271057
1994-08-01,1.3456790447235107,1.2839505672454834,1.3209877014160156,1.3456790447235107,5305500.0,0.876329779624939
1994-08-02,1.413580298423767,1.3395061492919922,1.3456790447235107,1.3827160596847534,6448800.0,0.9004491567611694
1994-08-03,1.395061731338501,1.3641974925994873,1.3827160596847534,1.3641974925994873,5869800.0,0.8883894681930542
1994-08-04,1.3518518209457397,1.308642029762268,1.3518518209457397,1.308642029762268,4990800.0,0.852210521697998
1994-08-05,1.3024691343307495,1.2654321193695068,1.3024691343307495,1.2777777910232544,3306000.0,0.832111656665802
1994-08-08,1.308642029762268,1.2530864477157593,1.2777777910232544,1.308642029762268,3330300.0,0.852210521697998
1994-08-09,1.308642029762268,1.2716048955917358,1.3024691343307495,1.2716048955917358,1676700.0,0.828091561794281
1994-08-10,1.2777777910232544,1.2592592239379883,1.2777777910232544,1.2592592239379883,2081700.0,0.8200518488883972
1994-08-11,1.3024691343307495,1.2592592239379883,1.2592592239379883,1.2839505672454834,2917200.0,0.8361311554908752
1994-08-12,1.3209877014160156,1.2654321193695068,1.290123462677002,1.314814805984497,2617500.0,0.856230616569519
1994-08-15,1.3703703880310059,1.314814805984497,1.314814805984497,1.3456790447235107,4296900.0,0.876329779624939
1994-08-16,1.4012346267700195,1.3333333730697632,1.3456790447235107,1.4012346267700195,6870000.0,0.912509024143219
1994-08-17,1.413580298423767,1.3703703880310059,1.4074074029922485,1.4012346267700195,6496200.0,0.912509024143219
1994-08-18,1.4074074029922485,1.3703703880310059,1.4012346267700195,1.3827160596847534,3828600.0,0.9004491567611694
1994-08-19,1.395061731338501,1.3580247163772583,1.3765431642532349,1.3827160596847534,2091000.0,0.9004491567611694
1994-08-22,1.3827160596847534,1.3641974925994873,1.3827160596847534,1.3703703880310059,1236600.0,0.89240962266922
1994-08-23,1.419753074645996,1.3765431642532349,1.3765431642532349,1.419753074645996,4147200.0,0.9245681166648865
1994-08-24,1.419753074645996,1.3888888359069824,1.419753074645996,1.4074074029922485,2417700.0,0.9165287017822266
1994-08-25,1.4567900896072388,1.413580298423767,1.413580298423767,1.4444444179534912,9263700.0,0.940647542476654
1994-08-26,1.4938271045684814,1.4444444179534912,1.4444444179534912,1.4814814329147339,9251400.0,0.964766800403595
1994-08-29,1.4938271045684814,1.4506173133850098,1.4938271045684814,1.4629629850387573,2559600.0,0.9527071714401245
1994-08-30,1.4876543283462524,1.4567900896072388,1.4567900896072388,1.4876543283462524,2251800.0,0.9687868356704712
1994-08-31,1.5246913433074951,1.4753086566925049,1.4814814329147339,1.5185185670852661,6910500.0,0.9888866543769836
1994-09-01,1.5185185670852661,1.4506173133850098,1.5123456716537476,1.4814814329147339,3014400.0,0.964766800403595
1994-09-02,1.4814814329147339,1.4320987462997437,1.4814814329147339,1.4320987462997437,2514900.0,0.9326076507568359
1994-09-06,1.4320987462997437,1.413580298423767,1.4259259700775146,1.4320987462997437,1599600.0,0.9326076507568359
1994-09-07,1.4506173133850098,1.4320987462997437,1.4382716417312622,1.4444444179534912,1021800.0,0.940647542476654
1994-09-08,1.4506173133850098,1.3888888359069824,1.4506173133850098,1.419753074645996,2330100.0,0.9245681166648865
1994-09-09,1.4074074029922485,1.3765431642532349,1.4012346267700195,1.3827160596847534,3180600.0,0.9004491567611694
1994-09-12,1.4012346267700195,1.3703703880310059,1.3827160596847534,1.3765431642532349,3188700.0,0.896428644657135
1994-09-13,1.3888888359069824,1.3641974925994873,1.3765431642532349,1.3827160596847534,1441800.0,0.9004491567611694
1994-09-14,1.4012346267700195,1.3703703880310059,1.3765431642532349,1.4012346267700195,2585100.0,0.912509024143219
1994-09-15,1.4814814329147339,1.4012346267700195,1.4012346267700195,1.4567900896072388,6513600.0,0.948686957359314
1994-09-16,1.4876543283462524,1.4444444179534912,1.4567900896072388,1.4691357612609863,7874400.0,0.9567276239395142
1994-09-19,1.4814814329147339,1.4691357612609863,1.4691357612609863,1.4753086566925049,5051700.0,0.9607470035552979
1994-09-20,1.4691357612609863,1.4506173133850098,1.4691357612609863,1.4567900896072388,4110600.0,0.948686957359314
1994-09-21,1.4567900896072388,1.413580298423767,1.4567900896072388,1.419753074645996,5181300.0,0.9245681166648865
1994-09-22,1.4320987462997437,1.4074074029922485,1.419753074645996,1.4320987462997437,2182800.0,0.9326076507568359
1994-09-23,1.4320987462997437,1.4074074029922485,1.4259259700775146,1.413580298423767,4201200.0,0.9205484390258789
1994-09-26,1.413580298423767,1.395061731338501,1.413580298423767,1.4012346267700195,2166600.0,0.912509024143219
1994-09-27,1.4567900896072388,1.395061731338501,1.395061731338501,1.4567900896072388,6022200.0,0.948686957359314
1994-09-28,1.5123456716537476,1.4506173133850098,1.4567900896072388,1.4938271045684814,9096300.0,0.9728068113327026
1994-09-29,1.4876543283462524,1.4753086566925049,1.4814814329147339,1.4814814329147339,3127800.0,0.964766800403595
1994-09-30,1.4753086566925049,1.4506173133850098,1.4753086566925049,1.4629629850387573,4800600.0,0.9527071714401245
1994-10-03,1.4629629850387573,1.4259259700775146,1.4567900896072388,1.4320987462997437,4958400.0,0.9326076507568359
1994-10-04,1.4382716417312622,1.4074074029922485,1.419753074645996,1.419753074645996,3665100.0,0.9245681166648865
1994-10-05,1.413580298423767,1.3641974925994873,1.413580298423767,1.395061731338501,6277500.0,0.9084886908531189
1994-10-06,1.4012346267700195,1.3827160596847534,1.3888888359069824,1.395061731338501,3503100.0,0.9084886908531189
1994-10-07,1.4444444179534912,1.3827160596847534,1.3888888359069824,1.4382716417312622,2978100.0,0.9366280436515808
1994-10-10,1.4753086566925049,1.4320987462997437,1.4320987462997437,1.4753086566925049,6979500.0,0.9607470035552979
1994-10-11,1.5246913433074951,1.4753086566925049,1.4753086566925049,1.5246913433074951,5422800.0,0.9929059147834778
1994-10-12,1.604938268661499,1.5555555820465088,1.580246925354004,1.580246925354004,15431700.0,1.0290850400924683
1994-10-13,1.6604938507080078,1.5925925970077515,1.5925925970077515,1.6481481790542603,15618000.0,1.073302984237671
1994-10-14,1.6419752836227417,1.5617283582687378,1.6419752836227417,1.604938268661499,8095800.0,1.0451639890670776
1994-10-17,1.6296296119689941,1.5925925970077515,1.5925925970077515,1.6111111640930176,3771900.0,1.0491845607757568
1994-10-18,1.6234568357467651,1.5987653732299805,1.6111111640930176,1.5987653732299805,5260800.0,1.0411443710327148
1994-10-19,1.604938268661499,1.5679012537002563,1.5925925970077515,1.5925925970077515,2524500.0,1.0371246337890625
1994-10-20,1.580246925354004,1.5432099103927612,1.580246925354004,1.5493826866149902,1348500.0,1.008985161781311
1994-10-21,1.5555555820465088,1.5185185670852661,1.5185185670852661,1.5555555820465088,3114300.0,1.0130053758621216
1994-10-24,1.5987653732299805,1.5493826866149902,1.5493826866149902,1.5679012537002563,2868600.0,1.0210446119308472
1994-10-25,1.6481481790542603,1.5617283582687378,1.5617283582687378,1.6481481790542603,4831500.0,1.073302984237671
1994-10-26,1.6419752836227417,1.5925925970077515,1.6419752836227417,1.6111111640930176,5408100.0,1.0963257551193237
1994-10-27,1.6481481790542603,1.6111111640930176,1.6172839403152466,1.6419752836227417,4849200.0,1.1173278093338013
1994-10-28,1.8271604776382446,1.6419752836227417,1.6481481790542603,1.7839505672454834,17602500.0,1.2139394283294678
1994-10-31,1.7777777910232544,1.7407407760620117,1.7777777910232544,1.7469135522842407,8930100.0,1.1887359619140625
1994-11-01,1.7654321193695068,1.7345678806304932,1.7469135522842407,1.7345678806304932,4900500.0,1.180335283279419
1994-11-02,1.7654321193695068,1.703703761100769,1.7345678806304932,1.7592592239379883,5941200.0,1.1971372365951538
1994-11-03,1.7530864477157593,1.7222222089767456,1.7530864477157593,1.7283951044082642,4892400.0,1.1761349439620972
1994-11-04,1.7283951044082642,1.691357970237732,1.7283951044082642,1.703703761100769,8436000.0,1.1593329906463623
1994-11-07,1.6975308656692505,1.6604938507080078,1.6975308656692505,1.6666666269302368,2273400.0,1.1341301202774048
1994-11-08,1.691357970237732,1.6543209552764893,1.6666666269302368,1.6604938507080078,4055400.0,1.129929780960083
1994-11-09,1.709876537322998,1.6543209552764893,1.685185194015503,1.6666666269302368,8619600.0,1.1341301202774048
1994-11-10,1.6666666269302368,1.6358025074005127,1.6666666269302368,1.6543209552764893,2828100.0,1.1257288455963135
1994-11-11,1.6481481790542603,1.5987653732299805,1.6481481790542603,1.6111111640930176,4197000.0,1.0963257551193237
1994-11-14,1.6296296119689941,1.6234568357467651,1.6234568357467651,1.6234568357467651,3896100.0,1.1047265529632568
1994-11-15,1.6790122985839844,1.6234568357467651,1.6234568357467651,1.6728395223617554,9591600.0,1.1383305788040161
1994-11-16,1.6790122985839844,1.6604938507080078,1.6666666269302368,1.6666666269302368,2188200.0,1.1341301202774048
1994-11-17,1.6666666269302368,1.6296296119689941,1.6666666269302368,1.6419752836227417,3616500.0,1.1173278093338013
1994-11-18,1.6481481790542603,1.6358025074005127,1.6481481790542603,1.6419752836227417,1839900.0,1.1173278093338013
1994-11-21,1.6419752836227417,1.6111111640930176,1.6419752836227417,1.6172839403152466,2544600.0,1.1005266904830933
1994-11-22,1.604938268661499,1.5617283582687378,1.604938268661499,1.5740740299224854,7740900.0,1.0711225271224976
1994-11-23,1.5679012537002563,1.5061728954315186,1.5679012537002563,1.5432099103927612,8866800.0,1.0501209497451782
1994-11-25,1.5617283582687378,1.5493826866149902,1.5493826866149902,1.5555555820465088,4120200.0,1.0585212707519531
1994-11-28,1.5617283582687378,1.5370370149612427,1.5432099103927612,1.5555555820465088,8085000.0,1.0585212707519531
1994-11-29,1.5617283582687378,1.5370370149612427,1.5493826866149902,1.5432099103927612,2162700.0,1.0501209497451782
1994-11-30,1.586419701576233,1.5493826866149902,1.5493826866149902,1.5740740299224854,8496900.0,1.0711225271224976
1994-12-01,1.580246925354004,1.5493826866149902,1.5740740299224854,1.5493826866149902,3810900.0,1.0543204545974731
1994-12-02,1.5617283582687378,1.5370370149612427,1.5432099103927612,1.5555555820465088,2316600.0,1.0585212707519531
1994-12-05,1.5679012537002563,1.5432099103927612,1.5493826866149902,1.5493826866149902,872100.0,1.0543204545974731
1994-12-06,1.5555555820465088,1.5308642387390137,1.5493826866149902,1.5308642387390137,1733400.0,1.041719913482666
1994-12-07,1.5308642387390137,1.5123456716537476,1.5246913433074951,1.5308642387390137,1455300.0,1.041719913482666
1994-12-08,1.5308642387390137,1.4691357612609863,1.5185185670852661,1.4814814329147339,2859300.0,1.0081154108047485
1994-12-09,1.5061728954315186,1.4753086566925049,1.4876543283462524,1.4753086566925049,1810200.0,1.0039148330688477
1994-12-12,1.4814814329147339,1.4629629850387573,1.4753086566925049,1.4753086566925049,1089300.0,1.0039148330688477
1994-12-13,1.5617283582687378,1.4691357612609863,1.4691357612609863,1.5617283582687378,7380300.0,1.0627213716506958
1994-12-14,1.6481481790542603,1.5493826866149902,1.5555555820465088,1.6481481790542603,10983600.0,1.1215282678604126
1994-12-15,1.7407407760620117,1.6481481790542603,1.6481481790542603,1.703703761100769,8784300.0,1.1593329906463623
1994-12-16,1.703703761100769,1.6728395223617554,1.703703761100769,1.6790122985839844,2170800.0,1.142530918121338
1994-12-19,1.6975308656692505,1.6604938507080078,1.6666666269302368,1.685185194015503,2401500.0,1.1467314958572388
1994-12-20,1.685185194015503,1.6358025074005127,1.6790122985839844,1.6790122985839844,4539900.0,1.142530918121338
1994-12-21,1.691357970237732,1.6666666269302368,1.6790122985839844,1.685185194015503,4731600.0,1.1467314958572388
1994-12-22,1.7407407760620117,1.691357970237732,1.691357970237732,1.7160494327545166,3653100.0,1.167734146118164
1994-12-23,1.7283951044082642,1.6975308656692505,1.703703761100769,1.7222222089767456,1105500.0,1.1719348430633545
1994-12-27,1.7654321193695068,1.7222222089767456,1.7283951044082642,1.7530864477157593,1191900.0,1.1929371356964111
1994-12-28,1.790123462677002,1.7469135522842407,1.7469135522842407,1.7654321193695068,5132700.0,1.2013375759124756
1994-12-29,1.7592592239379883,1.7407407760620117,1.7592592239379883,1.7469135522842407,1572600.0,1.1887359619140625
1994-12-30,1.7469135522842407,1.7222222089767456,1.7469135522842407,1.7222222089767456,1848000.0,1.1719348430633545
1995-01-03,1.7160494327545166,1.6358025074005127,1.7160494327545166,1.6419752836227417,3861000.0,1.1173278093338013
1995-01-04,1.6728395223617554,1.6481481790542603,1.6481481790542603,1.6666666269302368,4620900.0,1.1341301202774048
1995-01-05,1.6666666269302368,1.6419752836227417,1.6543209552764893,1.6604938507080078,4233600.0,1.129929780960083
1995-01-06,1.703703761100769,1.6604938507080078,1.6604938507080078,1.703703761100769,1879200.0,1.1593329906463623
1995-01-09,1.7469135522842407,1.703703761100769,1.703703761100769,1.7345678806304932,2127600.0,1.180335283279419
1995-01-10,1.8024691343307495,1.7283951044082642,1.7283951044082642,1.7592592239379883,4772100.0,1.1971372365951538
1995-01-11,1.7777777910232544,1.7345678806304932,1.7654321193695068,1.7592592239379883,3294000.0,1.1971372365951538
1995-01-12,1.7654321193695068,1.7469135522842407,1.7530864477157593,1.7592592239379883,1360800.0,1.1971372365951538
1995-01-13,1.8456790447235107,1.7530864477157593,1.7654321193695068,1.8456790447235107,10179000.0,1.255944013595581
1995-01-16,1.9567900896072388,1.8580247163772583,1.8641974925994873,1.9382716417312622,26411400.0,1.318950891494751
1995-01-17,1.9382716417312622,1.8580247163772583,1.913580298423767,1.8580247163772583,17631000.0,1.2643448114395142
1995-01-18,1.8888888359069824,1.8580247163772583,1.8827160596847534,1.8703703880310059,8157900.0,1.272746205329895
1995-01-19,1.913580298423767,1.8518518209457397,1.8703703880310059,1.895061731338501,3697500.0,1.2895476818084717
1995-01-20,1.8580247163772583,1.808642029762268,1.8395061492919922,1.808642029762268,8302500.0,1.230741262435913
1995-01-23,1.8271604776382446,1.7407407760620117,1.8024691343307495,1.8271604776382446,7635600.0,1.243342638015747
1995-01-24,1.8765431642532349,1.814814805984497,1.8209877014160156,1.8765431642532349,4872000.0,1.2769464254379272
1995-01-25,1.9876543283462524,1.8456790447235107,1.8518518209457397,1.9382716417312622,10713600.0,1.318950891494751
1995-01-26,1.9320987462997437,1.913580298423767,1.9320987462997437,1.9320987462997437,3848700.0,1.3796066045761108
1995-01-27,1.9506173133850098,1.913580298423767,1.9320987462997437,1.9444444179534912,3762300.0,1.3884226083755493
1995-01-30,1.9567900896072388,1.9320987462997437,1.9382716417312622,1.9567900896072388,2500200.0,1.3972387313842773
1995-01-31,1.9814814329147339,1.9567900896072388,1.9567900896072388,1.9753086566925049,3237300.0,1.41046142578125
1995-02-01,2.0185184478759766,1.9814814329147339,1.9814814329147339,2.012345790863037,6471900.0,1.436907410621643
1995-02-02,2.0308642387390137,1.9938271045684814,2.012345790863037,2.0185184478759766,8286300.0,1.4413152933120728
1995-02-03,2.209876537322998,2.024691343307495,2.024691343307495,2.1481480598449707,28096200.0,1.5338759422302246
1995-02-06,2.1481480598449707,2.1111111640930176,2.1481480598449707,2.129629611968994,5524200.0,1.5206526517868042
1995-02-07,2.1481480598449707,2.0987653732299805,2.1358025074005127,2.1111111640930176,3333000.0,1.507430911064148
1995-02-08,2.129629611968994,2.0740740299224854,2.1111111640930176,2.0740740299224854,4221300.0,1.4809846878051758
1995-02-09,2.1358025074005127,2.0370371341705322,2.0740740299224854,2.104938268661499,7237200.0,1.5030229091644287
1995-02-10,2.104938268661499,2.0740740299224854,2.092592477798462,2.092592477798462,3146700.0,1.4942065477371216
1995-02-13,2.1111111640930176,2.0864198207855225,2.0864198207855225,2.104938268661499,1904700.0,1.5030229091644287
1995-02-14,2.1543209552764893,2.1111111640930176,2.1111111640930176,2.1419754028320312,4496700.0,1.5294686555862427
1995-02-15,2.1790122985839844,2.092592477798462,2.1358025074005127,2.1790122985839844,8994900.0,1.5559148788452148
1995-02-16,2.234567880630493,2.1543209552764893,2.1790122985839844,2.209876537322998,3900000.0,1.5779532194137573
1995-02-17,2.2037036418914795,2.172839403152466,2.2037036418914795,2.1790122985839844,4815300.0,1.5559148788452148
1995-02-21,2.172839403152466,2.160493850708008,2.1666667461395264,2.1666667461395264,1101600.0,1.547098994255066
1995-02-22,2.1666667461395264,2.1543209552764893,2.1666667461395264,2.1666667461395264,2536500.0,1.547098994255066
1995-02-23,2.290123462677002,2.1666667461395264,2.1666667461395264,2.2469136714935303,7526100.0,1.6043992042541504
1995-02-24,2.265432119369507,2.234567880630493,2.2469136714935303,2.2530863285064697,4212000.0,1.6088075637817383
1995-02-27,2.2469136714935303,2.197530746459961,2.2407407760620117,2.2037036418914795,4823400.0,1.5735456943511963
1995-02-28,2.209876537322998,2.1666667461395264,2.209876537322998,2.1913580894470215,3200700.0,1.5647305250167847
1995-03-01,2.2283949851989746,2.1666667461395264,2.1913580894470215,2.172839403152466,4261800.0,1.5515073537826538
1995-03-02,2.2037036418914795,2.1388888359069824,2.1666667461395264,2.1481480598449707,2825400.0,1.5338759422302246
1995-03-03,2.305555582046509,2.157407522201538,2.1666667461395264,2.2962963581085205,7608600.0,1.6396619081497192
1995-03-06,2.3611111640930176,2.25,2.277777671813965,2.342592477798462,4969200.0,1.6727186441421509
1995-03-07,2.370370388031006,2.277777671813965,2.342592477798462,2.2870371341705322,4104000.0,1.633049488067627
1995-03-08,2.25,2.2129628658294678,2.2129628658294678,2.2129628658294678,4229400.0,1.5801575183868408
1995-03-09,2.2129628658294678,2.120370388031006,2.2129628658294678,2.129629611968994,6550200.0,1.5206526517868042
1995-03-10,2.2129628658294678,2.1018519401550293,2.129629611968994,2.2129628658294678,5672700.0,1.5801575183868408
1995-03-13,2.25,2.185185194015503,2.222222328186035,2.2314815521240234,5020500.0,1.593380331993103
1995-03-14,2.342592477798462,2.2129628658294678,2.2129628658294678,2.3333332538604736,7410000.0,1.6661065816879272
1995-03-15,2.3611111640930176,2.305555582046509,2.314814805984497,2.342592477798462,4321200.0,1.6727186441421509
1995-03-16,2.444444417953491,2.3333332538604736,2.342592477798462,2.3888888359069824,5336400.0,1.7057762145996094
1995-03-17,2.4166667461395264,2.3611111640930176,2.3981480598449707,2.4166667461395264,4257900.0,1.7256104946136475
1995-03-20,2.3888888359069824,2.3611111640930176,2.379629611968994,2.379629611968994,1675200.0,1.6991645097732544
1995-03-21,2.3981480598449707,2.342592477798462,2.370370388031006,2.342592477798462,1583400.0,1.6727186441421509
1995-03-22,2.3240740299224854,2.2592592239379883,2.3240740299224854,2.314814805984497,2184300.0,1.6528838872909546
1995-03-23,2.3240740299224854,2.277777671813965,2.2870371341705322,2.314814805984497,1941300.0,1.6528838872909546
1995-03-24,2.3611111640930176,2.305555582046509,2.3240740299224854,2.305555582046509,4218600.0,1.646272897720337
1995-03-27,2.3333332538604736,2.2592592239379883,2.2962963581085205,2.3240740299224854,4484700.0,1.6594961881637573
1995-03-28,2.370370388031006,2.314814805984497,2.314814805984497,2.3611111640930176,1974900.0,1.6859421730041504
1995-03-29,2.370370388031006,2.277777671813965,2.3611111640930176,2.2870371341705322,2207100.0,1.633049488067627
1995-03-30,2.3240740299224854,2.2685184478759766,2.2870371341705322,2.3240740299224854,1792800.0,1.6594961881637573
1995-03-31,2.3888888359069824,2.2685184478759766,2.2962963581085205,2.3888888359069824,3210300.0,1.7057762145996094
1995-04-03,2.3518519401550293,2.314814805984497,2.342592477798462,2.314814805984497,5547000.0,1.6528838872909546
1995-04-04,2.314814805984497,2.2685184478759766,2.305555582046509,2.277777671813965,919200.0,1.6264373064041138
1995-04-05,2.277777671813965,2.185185194015503,2.277777671813965,2.2592592239379883,3657000.0,1.6132153272628784
1995-04-06,2.2685184478759766,2.2407407760620117,2.2592592239379883,2.25,1090800.0,1.606603741645813
1995-04-07,2.2685184478759766,2.2037036418914795,2.25,2.2037036418914795,1841400.0,1.5735456943511963
1995-04-10,2.2962963581085205,2.2129628658294678,2.222222328186035,2.277777671813965,4058100.0,1.6264373064041138
1995-04-11,2.3240740299224854,2.2592592239379883,2.2962963581085205,2.3240740299224854,2028900.0,1.6594961881637573
1995-04-12,2.3518519401550293,2.2962963581085205,2.3240740299224854,2.342592477798462,1209600.0,1.6727186441421509
1995-04-13,2.435185194015503,2.3333332538604736,2.3333332538604736,2.4259259700775146,6994200.0,1.7322229146957397
1995-04-17,2.4907407760620117,2.407407522201538,2.444444417953491,2.4166667461395264,3067200.0,1.7256104946136475
1995-04-18,2.407407522201538,2.3518519401550293,2.3981480598449707,2.3611111640930176,1937100.0,1.6859421730041504
1995-04-19,2.3611111640930176,2.314814805984497,2.3611111640930176,2.3240740299224854,2760600.0,1.6594961881637573
1995-04-20,2.3611111640930176,2.305555582046509,2.3333332538604736,2.342592477798462,1335000.0,1.6727186441421509
1995-04-21,2.370370388031006,2.3240740299224854,2.342592477798462,2.3240740299224854,2169300.0,1.6594961881637573
1995-04-24,2.444444417953491,2.305555582046509,2.314814805984497,2.444444417953491,2454300.0,1.7454456090927124
1995-04-25,2.5185184478759766,2.435185194015503,2.435185194015503,2.4814815521240234,3788100.0,1.8170500993728638
1995-04-26,2.4814815521240234,2.4259259700775146,2.472222328186035,2.4814815521240234,2649900.0,1.8170500993728638
1995-04-27,2.5370371341705322,2.472222328186035,2.472222328186035,2.5185184478759766,2430000.0,1.8441696166992188
1995-04-28,2.5462963581085205,2.5,2.5370371341705322,2.5370371341705322,1877700.0,1.8577296733856201
1995-05-01,2.5370371341705322,2.444444417953491,2.5370371341705322,2.4537036418914795,3140100.0,1.7967100143432617
1995-05-02,2.5185184478759766,2.4537036418914795,2.4629628658294678,2.5,2897100.0,1.8306101560592651
1995-05-03,2.5,2.4629628658294678,2.4907407760620117,2.4814815521240234,2980800.0,1.8170500993728638
1995-05-04,2.555555582046509,2.4907407760620117,2.5,2.5185184478759766,8953200.0,1.8441696166992188
1995-05-05,2.527777671813965,2.4907407760620117,2.5185184478759766,2.5185184478759766,4005300.0,1.8441696166992188
1995-05-08,2.5740740299224854,2.5,2.5092592239379883,2.564814805984497,3430200.0,1.8780708312988281
1995-05-09,2.5740740299224854,2.555555582046509,2.564814805984497,2.5740740299224854,3785400.0,1.8848496675491333
1995-05-10,2.6018519401550293,2.5462963581085205,2.5833332538604736,2.555555582046509,4121400.0,1.8712900876998901
1995-05-11,2.685185194015503,2.5462963581085205,2.564814805984497,2.657407522201538,3584100.0,1.9458696842193604
1995-05-12,2.657407522201538,2.620370388031006,2.657407522201538,2.657407522201538,4093200.0,1.9458696842193604
1995-05-15,2.694444417953491,2.592592477798462,2.6388888359069824,2.6759259700775146,4266000.0,1.9594306945800781
1995-05-16,2.7962963581085205,2.685185194015503,2.694444417953491,2.7870371341705322,10030500.0,2.0407907962799072
1995-05-17,2.7407407760620117,2.7129628658294678,2.722222328186035,2.722222328186035,5440500.0,1.993330478668213
1995-05-18,2.685185194015503,2.6111111640930176,2.685185194015503,2.620370388031006,3354600.0,1.918749451637268
1995-05-19,2.5740740299224854,2.527777671813965,2.5740740299224854,2.5462963581085205,6227400.0,1.8645098209381104
1995-05-22,2.6111111640930176,2.555555582046509,2.564814805984497,2.6111111640930176,4417200.0,1.9119699001312256
1995-05-23,2.6111111640930176,2.5740740299224854,2.6111111640930176,2.5833332538604736,2497500.0,1.8916290998458862
1995-05-24,2.620370388031006,2.5370371341705322,2.592592477798462,2.5462963581085205,6226200.0,1.8645098209381104
1995-05-25,2.620370388031006,2.5462963581085205,2.5462963581085205,2.620370388031006,2367900.0,1.918749451637268
1995-05-26,2.6111111640930176,2.5370371341705322,2.6111111640930176,2.5462963581085205,1197300.0,1.8645098209381104
1995-05-30,2.564814805984497,2.4907407760620117,2.555555582046509,2.5,2215200.0,1.8306101560592651
1995-05-31,2.6018519401550293,2.4629628658294678,2.4907407760620117,2.592592477798462,1983000.0,1.8984094858169556
1995-06-01,2.7870371341705322,2.592592477798462,2.592592477798462,2.7592592239379883,6912000.0,2.0204508304595947
1995-06-02,2.8518519401550293,2.7037036418914795,2.7407407760620117,2.7962963581085205,5146200.0,2.0475711822509766
1995-06-05,2.8981480598449707,2.7870371341705322,2.7870371341705322,2.879629611968994,3817800.0,2.1085896492004395
1995-06-06,2.9166667461395264,2.870370388031006,2.870370388031006,2.9166667461395264,5313600.0,2.1357109546661377
1995-06-07,2.907407522201538,2.879629611968994,2.907407522201538,2.879629611968994,3951300.0,2.1085896492004395
1995-06-08,2.879629611968994,2.842592477798462,2.870370388031006,2.8518519401550293,1957500.0,2.088249921798706
1995-06-09,2.8333332538604736,2.805555582046509,2.8333332538604736,2.805555582046509,1827900.0,2.054351329803467
1995-06-12,2.8888888359069824,2.805555582046509,2.805555582046509,2.870370388031006,2317800.0,2.101811170578003
1995-06-13,2.879629611968994,2.8518519401550293,2.879629611968994,2.8611111640930176,2230200.0,2.0950300693511963
1995-06-14,2.8518519401550293,2.814814805984497,2.8518519401550293,2.842592477798462,2547300.0,2.0814714431762695
1995-06-15,2.8611111640930176,2.814814805984497,2.8333332538604736,2.8611111640930176,2516400.0,2.0950300693511963
1995-06-16,2.879629611968994,2.842592477798462,2.842592477798462,2.8518519401550293,1055700.0,2.088249921798706
1995-06-19,2.9537036418914795,2.8518519401550293,2.8611111640930176,2.9537036418914795,3412800.0,2.1628315448760986
1995-06-20,3.0092592239379883,2.907407522201538,2.9537036418914795,3.0092592239379883,4904400.0,2.2035109996795654
1995-06-21,3.2685184478759766,3.0370371341705322,3.0370371341705322,3.2037036418914795,8913900.0,2.345893383026123
1995-06-22,3.3888888359069824,3.194444417953491,3.194444417953491,3.3888888359069824,5942700.0,2.4814932346343994
1995-06-23,3.370370388031006,3.305555582046509,3.370370388031006,3.3240740299224854,3491100.0,2.434033155441284
1995-06-26,3.314814805984497,3.1481480598449707,3.314814805984497,3.1666667461395264,2396100.0,2.3187716007232666
1995-06-27,3.2407407760620117,3.1481480598449707,3.157407522201538,3.157407522201538,2028900.0,2.3119921684265137
1995-06-28,3.157407522201538,3.1018519401550293,3.1388888359069824,3.1111111640930176,1614600.0,2.2780921459198
1995-06-29,3.222222328186035,3.1018519401550293,3.1111111640930176,3.194444417953491,2099100.0,2.339111804962158
1995-06-30,3.2592592239379883,3.185185194015503,3.2037036418914795,3.25,2003400.0,2.379793405532837
1995-07-03,3.277777671813965,3.222222328186035,3.222222328186035,3.277777671813965,448200.0,2.400132894515991
1995-07-05,3.2870371341705322,3.25,3.277777671813965,3.2870371341705322,1772400.0,2.4069128036499023
1995-07-06,3.4259259700775146,3.222222328186035,3.277777671813965,3.4259259700775146,4457700.0,2.508613109588623
1995-07-07,3.6388888359069824,3.4166667461395264,3.4259259700775146,3.629629611968994,6247800.0,2.6577742099761963
1995-07-10,3.620370388031006,3.5370371341705322,3.620370388031006,3.5462963581085205,5590200.0,2.5967533588409424
1995-07-11,3.5462963581085205,3.4907407760620117,3.5462963581085205,3.5,8762700.0,2.562854290008545
1995-07-12,3.5185184478759766,3.379629611968994,3.4907407760620117,3.472222328186035,5641500.0,2.5425140857696533
1995-07-13,3.4814815521240234,3.407407522201538,3.4537036418914795,3.407407522201538,3720600.0,2.4950530529022217
1995-07-14,3.3981480598449707,3.3518519401550293,3.370370388031006,3.3888888359069824,2404200.0,2.4814932346343994
1995-07-17,3.4259259700775146,3.3888888359069824,3.3981480598449707,3.3981480598449707,2473200.0,2.4882736206054688
1995-07-18,3.4629628658294678,3.379629611968994,3.407407522201538,3.444444417953491,5940000.0,2.52217435836792
1995-07-19,3.435185194015503,3.2407407760620117,3.435185194015503,3.2870371341705322,5900700.0,2.4069128036499023
1995-07-20,3.314814805984497,3.2870371341705322,3.2870371341705322,3.2870371341705322,3530100.0,2.4069128036499023
1995-07-21,3.2962963581085205,3.1666667461395264,3.2962963581085205,3.1759259700775146,4028400.0,2.325551986694336
1995-07-24,3.305555582046509,3.2037036418914795,3.2129628658294678,3.2685184478759766,5821200.0,2.3933520317077637
1995-07-25,3.3240740299224854,3.2592592239379883,3.2685184478759766,3.314814805984497,6826800.0,2.427253007888794
1995-07-26,3.370370388031006,3.3240740299224854,3.342592477798462,3.3333332538604736,3654300.0,2.4408133029937744
1995-07-27,3.4629628658294678,3.370370388031006,3.370370388031006,3.4259259700775146,5559300.0,2.508613109588623
1995-07-28,3.444444417953491,3.370370388031006,3.435185194015503,3.3888888359069824,3972900.0,2.5405590534210205
1995-07-31,3.472222328186035,3.379629611968994,3.3981480598449707,3.4166667461395264,1809000.0,2.561384677886963
1995-08-01,3.4259259700775146,3.370370388031006,3.4259259700775146,3.379629611968994,1394400.0,2.533618688583374
1995-08-02,3.407407522201538,3.2592592239379883,3.379629611968994,3.2685184478759766,1688700.0,2.4503204822540283
1995-08-03,3.2314815521240234,3.185185194015503,3.2314815521240234,3.2037036418914795,2481300.0,2.401731252670288
1995-08-04,3.2592592239379883,3.185185194015503,3.185185194015503,3.25,1031400.0,2.436438798904419
1995-08-07,3.277777671813965,3.2314815521240234,3.2592592239379883,3.2407407760620117,827400.0,2.429497003555298
1995-08-08,3.2592592239379883,3.222222328186035,3.2592592239379883,3.2314815521240234,939600.0,2.422555446624756
1995-08-09,3.277777671813965,3.25,3.25,3.2592592239379883,920700.0,2.4433791637420654
1995-08-10,3.277777671813965,3.2407407760620117,3.25,3.25,1229700.0,2.436438798904419
1995-08-11,3.2592592239379883,3.222222328186035,3.2592592239379883,3.222222328186035,923400.0,2.4156136512756348
1995-08-14,3.2314815521240234,3.1111111640930176,3.222222328186035,3.120370388031006,3078000.0,2.339258909225464
1995-08-15,3.3240740299224854,3.064814805984497,3.120370388031006,3.314814805984497,4785600.0,2.4850282669067383
1995-08-16,3.435185194015503,3.2962963581085205,3.2962963581085205,3.4166667461395264,4958400.0,2.561384677886963
1995-08-17,3.4259259700775146,3.3333332538604736,3.4259259700775146,3.4166667461395264,3430200.0,2.561384677886963
1995-08-18,3.4166667461395264,3.370370388031006,3.407407522201538,3.3981480598449707,1769700.0,2.5475013256073
1995-08-21,3.444444417953491,3.277777671813965,3.407407522201538,3.2962963581085205,2405700.0,2.471144914627075
1995-08-22,3.2962963581085205,3.2314815521240234,3.2962963581085205,3.2592592239379883,2151900.0,2.4433791637420654
1995-08-23,3.2962963581085205,3.2407407760620117,3.25,3.25,1460700.0,2.436438798904419
1995-08-24,3.2685184478759766,3.2407407760620117,3.2592592239379883,3.25,1271700.0,2.436438798904419
1995-08-25,3.2870371341705322,3.25,3.2592592239379883,3.277777671813965,1102800.0,2.4572622776031494
1995-08-28,3.2870371341705322,3.2314815521240234,3.2685184478759766,3.2592592239379883,1236600.0,2.4433791637420654
1995-08-29,3.2592592239379883,3.157407522201538,3.2592592239379883,3.185185194015503,1299900.0,2.387847661972046
1995-08-30,3.370370388031006,3.2037036418914795,3.2037036418914795,3.370370388031006,2853900.0,2.526676893234253
1995-08-31,3.4629628658294678,3.3611111640930176,3.370370388031006,3.4537036418914795,3716400.0,2.589148759841919
1995-09-01,3.444444417953491,3.407407522201538,3.4259259700775146,3.4166667461395264,1698300.0,2.561384677886963
1995-09-05,3.685185194015503,3.4629628658294678,3.4814815521240234,3.6481480598449707,3135900.0,2.734919309616089
1995-09-06,3.7592592239379883,3.6481480598449707,3.6666667461395264,3.7037036418914795,4080900.0,2.7765679359436035
1995-09-07,3.722222328186035,3.5370371341705322,3.7037036418914795,3.6666667461395264,3866700.0,2.7488012313842773
1995-09-08,3.722222328186035,3.6111111640930176,3.6481480598449707,3.685185194015503,2686800.0,2.7626845836639404
1995-09-11,3.814814805984497,3.722222328186035,3.7407407760620117,3.7962963581085205,3164400.0,2.8459813594818115
1995-09-12,3.8518519401550293,3.7592592239379883,3.8333332538604736,3.814814805984497,2704500.0,2.8598649501800537
1995-09-13,3.8888888359069824,3.7962963581085205,3.8333332538604736,3.814814805984497,3168300.0,2.8598649501800537
1995-09-14,4.037036895751953,3.8333332538604736,3.8518519401550293,4.0,3150000.0,2.998692750930786
1995-09-15,4.0,3.8333332538604736,4.0,4.0,3926100.0,2.998692750930786
1995-09-18,3.9814815521240234,3.907407522201538,3.9814815521240234,3.9629628658294678,1717500.0,2.9709267616271973
1995-09-19,4.296296119689941,3.944444417953491,3.9814815521240234,4.277777671813965,4105200.0,3.206934928894043
1995-09-20,4.277777671813965,4.166666507720947,4.277777671813965,4.203703880310059,3981600.0,3.1514039039611816
1995-09-21,4.203703880310059,4.148148059844971,4.166666507720947,4.166666507720947,2278800.0,3.1236367225646973
1995-09-22,4.129629611968994,4.037036895751953,4.129629611968994,4.0740742683410645,2084400.0,3.0542244911193848
1995-09-25,4.05555534362793,3.9814815521240234,4.05555534362793,3.9814815521240234,1889100.0,2.9848105907440186
1995-09-26,4.166666507720947,3.9814815521240234,3.9814815521240234,4.05555534362793,2867400.0,3.040341854095459
1995-09-27,3.9629628658294678,3.870370388031006,3.870370388031006,3.9629628658294678,4307700.0,2.9709267616271973
1995-09-28,4.148148059844971,3.944444417953491,3.944444417953491,4.092592716217041,3017700.0,3.0681068897247314
1995-09-29,4.296296119689941,4.037036895751953,4.092592716217041,4.296296119689941,2260200.0,3.220818042755127
1995-10-02,4.203703880310059,3.944444417953491,4.185184955596924,4.0,3678600.0,2.998692750930786
1995-10-03,4.037036895751953,3.944444417953491,4.018518447875977,3.9814815521240234,1650900.0,2.9848105907440186
1995-10-04,3.9629628658294678,3.7592592239379883,3.9629628658294678,3.777777671813965,2257500.0,2.832099199295044
1995-10-05,3.8333332538604736,3.7407407760620117,3.7407407760620117,3.814814805984497,2784000.0,2.8598649501800537
1995-10-06,4.018518447875977,3.814814805984497,3.814814805984497,3.907407522201538,1680600.0,2.92927885055542
1995-10-09,3.907407522201538,3.7407407760620117,3.907407522201538,3.777777671813965,2097000.0,2.832099199295044
1995-10-10,3.7037036418914795,3.444444417953491,3.685185194015503,3.5370371341705322,5399100.0,2.6516222953796387
1995-10-11,3.7592592239379883,3.407407522201538,3.629629611968994,3.722222328186035,5621400.0,2.7904508113861084
1995-10-12,3.7962963581085205,3.6111111640930176,3.6111111640930176,3.7037036418914795,2554500.0,2.7765679359436035
1995-10-13,3.944444417953491,3.7592592239379883,3.7962963581085205,3.8888888359069824,2487900.0,2.915395975112915
1995-10-16,3.944444417953491,3.7962963581085205,3.907407522201538,3.814814805984497,1790100.0,2.8598649501800537
1995-10-17,3.8888888359069824,3.722222328186035,3.7962963581085205,3.7962963581085205,1526700.0,2.8459813594818115
1995-10-18,3.8888888359069824,3.814814805984497,3.8333332538604736,3.8888888359069824,3668400.0,2.915395975112915
1995-10-19,3.9259259700775146,3.685185194015503,3.870370388031006,3.685185194015503,4024200.0,2.7626845836639404
1995-10-20,3.685185194015503,3.2592592239379883,3.685185194015503,3.3518519401550293,6377700.0,2.512794017791748
1995-10-23,3.5185184478759766,3.3888888359069824,3.407407522201538,3.4814815521240234,3848700.0,2.609973430633545
1995-10-24,3.7592592239379883,3.5740740299224854,3.7037036418914795,3.6064741611480713,8853600.0,2.7036774158477783
1995-10-25,3.685185194015503,3.5,3.6481480598449707,3.5185184478759766,2762400.0,2.6377382278442383
1995-10-26,3.5370371341705322,3.4259259700775146,3.4814815521240234,3.444444417953491,2176500.0,2.5822083950042725
1995-10-27,3.592592477798462,3.3888888359069824,3.444444417953491,3.5370371341705322,3210300.0,2.6516222953796387
1995-10-30,3.592592477798462,3.4629628658294678,3.5370371341705322,3.4629628658294678,2128800.0,2.6256511211395264
1995-10-31,3.4814815521240234,3.3888888359069824,3.4629628658294678,3.3888888359069824,3700200.0,2.5694868564605713
1995-11-01,3.6481480598449707,3.3518519401550293,3.3888888359069824,3.6111111640930176,4398600.0,2.7379770278930664
1995-11-02,3.6481480598449707,3.4629628658294678,3.5,3.592592477798462,3658800.0,2.7239367961883545
1995-11-03,3.685185194015503,3.5740740299224854,3.6666667461395264,3.685185194015503,2239500.0,2.7941415309906006
1995-11-06,3.7407407760620117,3.6111111640930176,3.7037036418914795,3.6666667461395264,3383100.0,2.780099868774414
1995-11-07,3.6666667461395264,3.555555582046509,3.6666667461395264,3.629629611968994,3128400.0,2.752018451690674
1995-11-08,3.6481480598449707,3.6111111640930176,3.6481480598449707,3.629629611968994,1108800.0,2.752018451690674
1995-11-09,3.7407407760620117,3.6111111640930176,3.6111111640930176,3.7037036418914795,1404300.0,2.8081820011138916
1995-11-10,3.685185194015503,3.6111111640930176,3.6666667461395264,3.6111111640930176,5351400.0,2.7379770278930664
1995-11-13,3.6666667461395264,3.592592477798462,3.6481480598449707,3.629629611968994,2583900.0,2.752018451690674
1995-11-14,3.592592477798462,3.444444417953491,3.592592477798462,3.444444417953491,3066300.0,2.611609697341919
1995-11-15,3.444444417953491,3.370370388031006,3.444444417953491,3.3888888359069824,4184100.0,2.5694868564605713
1995-11-16,3.6481480598449707,3.370370388031006,3.407407522201538,3.6481480598449707,4517400.0,2.766059398651123
1995-11-17,3.6481480598449707,3.555555582046509,3.6111111640930176,3.555555582046509,2090100.0,2.6958553791046143
1995-11-20,3.7037036418914795,3.4629628658294678,3.7037036418914795,3.4629628658294678,3912600.0,2.6256511211395264
1995-11-21,3.4629628658294678,3.370370388031006,3.4629628658294678,3.3888888359069824,2094300.0,2.5694868564605713
1995-11-22,3.444444417953491,3.3333332538604736,3.3888888359069824,3.3888888359069824,3762300.0,2.5694868564605713
1995-11-24,3.3888888359069824,3.3518519401550293,3.3518519401550293,3.3518519401550293,605100.0,2.5414044857025146
1995-11-27,3.4259259700775146,3.3518519401550293,3.3518519401550293,3.3888888359069824,1993800.0,2.5694868564605713
1995-11-28,3.3888888359069824,3.3333332538604736,3.3888888359069824,3.3518519401550293,3048300.0,2.5414044857025146
1995-11-29,3.5185184478759766,3.407407522201538,3.444444417953491,3.444444417953491,3923100.0,2.611609697341919
1995-11-30,3.592592477798462,3.444444417953491,3.4629628658294678,3.592592477798462,5181600.0,2.7239367961883545
1995-12-01,3.592592477798462,3.4814815521240234,3.592592477798462,3.5,2249100.0,2.6537322998046875
1995-12-04,3.5370371341705322,3.4814815521240234,3.4814815521240234,3.5185184478759766,3415800.0,2.6677730083465576
1995-12-05,3.5740740299224854,3.444444417953491,3.5370371341705322,3.4629628658294678,2774700.0,2.6256511211395264
1995-12-06,3.4629628658294678,3.370370388031006,3.4629628658294678,3.407407522201538,3706200.0,2.5835280418395996
1995-12-07,3.407407522201538,3.3518519401550293,3.3888888359069824,3.3518519401550293,1761600.0,2.5414044857025146
1995-12-08,3.407407522201538,3.314814805984497,3.370370388031006,3.314814805984497,2087100.0,2.5133230686187744
1995-12-11,3.3333332538604736,3.0740740299224854,3.3333332538604736,3.1111111640930176,10897500.0,2.358872652053833
1995-12-12,3.1481480598449707,3.055555582046509,3.129629611968994,3.0740740299224854,5670000.0,2.3307907581329346
1995-12-13,3.092592477798462,3.0185184478759766,3.092592477798462,3.0370371341705322,6152400.0,2.3027093410491943
1995-12-14,3.092592477798462,2.777777671813965,3.055555582046509,2.7962963581085205,9300600.0,2.120177984237671
1995-12-15,2.9259259700775146,2.7962963581085205,2.7962963581085205,2.907407522201538,8575500.0,2.2044222354888916
1995-12-18,2.722222328186035,2.444444417953491,2.7037036418914795,2.5185184478759766,20380800.0,1.9095646142959595
1995-12-19,2.814814805984497,2.592592477798462,2.592592477798462,2.777777671813965,14187600.0,2.1061360836029053
1995-12-20,3.129629611968994,2.777777671813965,2.777777671813965,3.055555582046509,15101100.0,2.3167500495910645
1995-12-21,3.055555582046509,2.944444417953491,3.055555582046509,2.9629628658294678,6005100.0,2.2465453147888184
1995-12-22,3.055555582046509,2.9259259700775146,2.9814815521240234,2.9629628658294678,5597400.0,2.2465453147888184
1995-12-26,3.0185184478759766,2.9259259700775146,2.9814815521240234,2.9814815521240234,3631500.0,2.2605865001678467
1995-12-27,3.0370371341705322,2.9814815521240234,3.0,2.9814815521240234,2973900.0,2.2605865001678467
1995-12-28,3.0,2.8518519401550293,2.9814815521240234,3.0,4674000.0,2.274627685546875
1995-12-29,3.0185184478759766,2.9629628658294678,3.0,2.9814815521240234,3100800.0,2.2605865001678467
1996-01-02,3.1111111640930176,2.9629628658294678,2.9629628658294678,3.055555582046509,2292300.0,2.3167500495910645
1996-01-03,3.129629611968994,3.092592477798462,3.1111111640930176,3.1111111640930176,2469600.0,2.358872652053833
1996-01-04,3.1111111640930176,3.0,3.1111111640930176,3.0,4255500.0,2.274627685546875
1996-01-05,3.0370371341705322,2.9814815521240234,3.0185184478759766,3.0185184478759766,7854600.0,2.288668394088745
1996-01-08,3.055555582046509,3.0185184478759766,3.0370371341705322,3.0370371341705322,1347600.0,2.3027093410491943
1996-01-09,3.055555582046509,2.944444417953491,3.0370371341705322,2.944444417953491,1623000.0,2.2325057983398438
1996-01-10,2.907407522201538,2.777777671813965,2.907407522201538,2.7962963581085205,4506600.0,2.120177984237671
1996-01-11,2.870370388031006,2.7962963581085205,2.8333332538604736,2.8333332538604736,3840600.0,2.148258924484253
1996-01-12,2.8518519401550293,2.777777671813965,2.8518519401550293,2.814814805984497,2080200.0,2.134218454360962
1996-01-15,2.8518519401550293,2.7592592239379883,2.8333332538604736,2.7962963581085205,1892700.0,2.120177984237671
1996-01-16,2.9814815521240234,2.6666667461395264,2.814814805984497,2.944444417953491,3345300.0,2.2325057983398438
1996-01-17,3.2407407760620117,2.907407522201538,2.944444417953491,3.1111111640930176,6056100.0,2.358872652053833
1996-01-18,3.185185194015503,3.0740740299224854,3.1481480598449707,3.129629611968994,3441000.0,2.3729135990142822
1996-01-19,3.3518519401550293,3.1759259700775146,3.222222328186035,3.277777671813965,4082400.0,2.4852402210235596
1996-01-22,3.407407522201538,3.277777671813965,3.277777671813965,3.370370388031006,4504800.0,2.555446147918701
1996-01-23,3.5370371341705322,3.370370388031006,3.3888888359069824,3.5370371341705322,3512700.0,2.6818137168884277
1996-01-24,3.5370371341705322,3.4814815521240234,3.5370371341705322,3.4814815521240234,4098900.0,2.63969087600708
1996-01-25,3.5370371341705322,3.5,3.5,3.5370371341705322,2929500.0,2.6818137168884277
1996-01-26,3.5185184478759766,3.4629628658294678,3.5,3.5,2434500.0,2.6537322998046875
1996-01-29,3.5185184478759766,3.4814815521240234,3.5185184478759766,3.5,2072700.0,2.6537322998046875
1996-01-30,3.592592477798462,3.4814815521240234,3.4814815521240234,3.5185184478759766,5972400.0,2.6984734535217285
1996-01-31,3.7592592239379883,3.4629628658294678,3.5185184478759766,3.722222328186035,6584400.0,2.8547022342681885
1996-02-01,3.7037036418914795,3.592592477798462,3.685185194015503,3.629629611968994,2535600.0,2.783689022064209
1996-02-02,3.6481480598449707,3.5740740299224854,3.6481480598449707,3.6111111640930176,1229700.0,2.7694859504699707
1996-02-05,3.592592477798462,3.5185184478759766,3.5740740299224854,3.555555582046509,2436600.0,2.7268803119659424
1996-02-06,3.685185194015503,3.592592477798462,3.592592477798462,3.629629611968994,2775600.0,2.783689022064209
1996-02-07,3.6666667461395264,3.5740740299224854,3.629629611968994,3.5740740299224854,2643300.0,2.7410807609558105
1996-02-08,3.592592477798462,3.5,3.592592477798462,3.5370371341705322,3388800.0,2.7126762866973877
1996-02-09,3.592592477798462,3.5,3.5370371341705322,3.5740740299224854,7306500.0,2.7410807609558105
1996-02-12,3.7037036418914795,3.5185184478759766,3.6481480598449707,3.685185194015503,3957300.0,2.826296806335449
1996-02-13,3.685185194015503,3.6111111640930176,3.629629611968994,3.6111111640930176,2840700.0,2.7694859504699707
1996-02-14,3.6666667461395264,3.592592477798462,3.629629611968994,3.629629611968994,1638900.0,2.783689022064209
1996-02-15,3.592592477798462,3.5185184478759766,3.592592477798462,3.5370371341705322,3364200.0,2.7126762866973877
1996-02-16,3.6111111640930176,3.3888888359069824,3.5370371341705322,3.592592477798462,3746700.0,2.755284070968628
1996-02-20,3.5,3.407407522201538,3.4814815521240234,3.444444417953491,3374100.0,2.641664505004883
1996-02-21,3.555555582046509,3.4259259700775146,3.444444417953491,3.555555582046509,1974900.0,2.7268803119659424
1996-02-22,3.7037036418914795,3.555555582046509,3.555555582046509,3.7037036418914795,4167900.0,2.840498924255371
1996-02-23,3.8333332538604736,3.555555582046509,3.7037036418914795,3.6666667461395264,5198700.0,2.8120923042297363
1996-02-26,3.907407522201538,3.629629611968994,3.6481480598449707,3.814814805984497,4926600.0,2.925713300704956
1996-02-27,3.8518519401550293,3.722222328186035,3.7962963581085205,3.777777671813965,2778600.0,2.897308111190796
1996-02-28,3.870370388031006,3.777777671813965,3.7962963581085205,3.8333332538604736,3021600.0,2.9399163722991943
1996-02-29,3.8333332538604736,3.777777671813965,3.814814805984497,3.777777671813965,3449100.0,2.897308111190796
1996-03-01,3.8888888359069824,3.7962963581085205,3.814814805984497,3.870370388031006,2916000.0,2.968322277069092
1996-03-04,4.0,3.8518519401550293,3.870370388031006,3.9814815521240234,3333000.0,3.0535364151000977
1996-03-05,4.0,3.8888888359069824,3.944444417953491,3.9259259700775146,2712000.0,3.010929584503174
1996-03-06,3.9629628658294678,3.870370388031006,3.907407522201538,3.944444417953491,1773000.0,3.0251331329345703
1996-03-07,3.9259259700775146,3.8518519401550293,3.907407522201538,3.8888888359069824,1258500.0,2.9825239181518555
1996-03-08,3.7962963581085205,3.6111111640930176,3.7407407760620117,3.7037036418914795,3585900.0,2.840498924255371
1996-03-11,3.7407407760620117,3.592592477798462,3.629629611968994,3.722222328186035,2390700.0,2.8547022342681885
1996-03-12,3.7592592239379883,3.6111111640930176,3.7407407760620117,3.6481480598449707,2157300.0,2.797891855239868
1996-03-13,3.6666667461395264,3.5740740299224854,3.6111111640930176,3.5740740299224854,2412300.0,2.7410807609558105
1996-03-14,3.7962963581085205,3.5740740299224854,3.592592477798462,3.777777671813965,2892000.0,2.897308111190796
1996-03-15,3.8888888359069824,3.7407407760620117,3.7407407760620117,3.8888888359069824,2573400.0,2.9825239181518555
1996-03-18,4.0,3.870370388031006,3.870370388031006,4.0,3334800.0,3.0677390098571777
1996-03-19,4.05555534362793,3.8333332538604736,4.037036895751953,3.870370388031006,3229200.0,2.968322277069092
1996-03-20,3.907407522201538,3.7592592239379883,3.8888888359069824,3.8333332538604736,2195400.0,2.9399163722991943
1996-03-21,3.907407522201538,3.7592592239379883,3.8518519401550293,3.7962963581085205,3426300.0,2.9115121364593506
1996-03-22,3.8333332538604736,3.7592592239379883,3.7962963581085205,3.7962963581085205,1736400.0,2.9115121364593506
1996-03-25,3.8333332538604736,3.7037036418914795,3.7962963581085205,3.7407407760620117,2239500.0,2.8689045906066895
1996-03-26,3.777777671813965,3.685185194015503,3.7037036418914795,3.722222328186035,1737900.0,2.8547022342681885
1996-03-27,3.814814805984497,3.629629611968994,3.7037036418914795,3.629629611968994,3965400.0,2.783689022064209
1996-03-28,3.722222328186035,3.629629611968994,3.6481480598449707,3.685185194015503,1633500.0,2.826296806335449
1996-03-29,3.8333332538604736,3.722222328186035,3.7407407760620117,3.8333332538604736,1910700.0,2.9399163722991943
1996-04-01,3.870370388031006,3.7407407760620117,3.814814805984497,3.8518519401550293,1830900.0,2.9541189670562744
1996-04-02,3.907407522201538,3.814814805984497,3.8333332538604736,3.8518519401550293,948900.0,2.9541189670562744
1996-04-03,3.8888888359069824,3.8333332538604736,3.8518519401550293,3.8518519401550293,1478700.0,2.9541189670562744
1996-04-04,3.9259259700775146,3.8518519401550293,3.870370388031006,3.8888888359069824,980100.0,2.9825239181518555
1996-04-08,3.7407407760620117,3.6111111640930176,3.6666667461395264,3.722222328186035,3482100.0,2.8547022342681885
1996-04-09,3.7592592239379883,3.592592477798462,3.685185194015503,3.629629611968994,3134700.0,2.783689022064209
1996-04-10,3.629629611968994,3.4629628658294678,3.592592477798462,3.4814815521240234,4855800.0,2.6700687408447266
1996-04-11,3.4814815521240234,3.370370388031006,3.4629628658294678,3.407407522201538,4101300.0,2.61326003074646
1996-04-12,3.444444417953491,3.407407522201538,3.444444417953491,3.444444417953491,3993300.0,2.641664505004883
1996-04-15,3.555555582046509,3.5,3.5,3.5185184478759766,8337900.0,2.6984734535217285
1996-04-16,3.4629628658294678,3.2407407760620117,3.444444417953491,3.277777671813965,9395100.0,2.513841390609741
1996-04-17,3.2962963581085205,3.2407407760620117,3.2962963581085205,3.277777671813965,6000600.0,2.513841390609741
1996-04-18,3.3518519401550293,3.2592592239379883,3.314814805984497,3.314814805984497,6097800.0,2.5422468185424805
1996-04-19,3.3888888359069824,3.3333332538604736,3.3333332538604736,3.3518519401550293,3712500.0,2.570650577545166
1996-04-22,3.4259259700775146,3.3518519401550293,3.3888888359069824,3.370370388031006,2561400.0,2.5848543643951416
1996-04-23,3.5370371341705322,3.370370388031006,3.370370388031006,3.5,3617100.0,2.6842715740203857
1996-04-24,3.7037036418914795,3.5185184478759766,3.555555582046509,3.7037036418914795,6144300.0,2.840498924255371
1996-04-25,3.8518519401550293,3.6666667461395264,3.7037036418914795,3.7592592239379883,5173200.0,2.883105754852295
1996-04-26,3.777777671813965,3.7037036418914795,3.7407407760620117,3.7407407760620117,2362800.0,2.8689045906066895
1996-04-29,3.7407407760620117,3.6666667461395264,3.685185194015503,3.722222328186035,1510500.0,2.8854174613952637
1996-04-30,3.7037036418914795,3.6111111640930176,3.7037036418914795,3.629629611968994,1887600.0,2.8136398792266846
1996-05-01,3.6666667461395264,3.592592477798462,3.629629611968994,3.6481480598449707,2029500.0,2.8279950618743896
1996-05-02,3.629629611968994,3.4814815521240234,3.629629611968994,3.4814815521240234,2379900.0,2.6987974643707275
1996-05-03,3.5740740299224854,3.4629628658294678,3.5740740299224854,3.4629628658294678,2481600.0,2.684443235397339
1996-05-06,3.5185184478759766,3.3518519401550293,3.5,3.370370388031006,2348100.0,2.6126656532287598
1996-05-07,3.407407522201538,3.3518519401550293,3.407407522201538,3.3518519401550293,2637000.0,2.598310708999634
1996-05-08,3.370370388031006,3.314814805984497,3.370370388031006,3.3333332538604736,4315800.0,2.5839552879333496
1996-05-09,3.3888888359069824,3.3333332538604736,3.370370388031006,3.370370388031006,2509500.0,2.6126656532287598
1996-05-10,3.629629611968994,3.4259259700775146,3.4259259700775146,3.6111111640930176,4838700.0,2.799283981323242
1996-05-13,3.6111111640930176,3.555555582046509,3.592592477798462,3.555555582046509,1924200.0,2.7562196254730225
1996-05-14,3.685185194015503,3.6111111640930176,3.6111111640930176,3.6666667461395264,4860300.0,2.842350482940674
1996-05-15,3.685185194015503,3.629629611968994,3.6666667461395264,3.6481480598449707,1932300.0,2.8279950618743896
1996-05-16,3.685185194015503,3.5185184478759766,3.5185184478759766,3.6111111640930176,2242800.0,2.799283981323242
1996-05-17,3.6111111640930176,3.592592477798462,3.6111111640930176,3.592592477798462,867000.0,2.7849292755126953
1996-05-20,3.6111111640930176,3.5370371341705322,3.6111111640930176,3.5370371341705322,4992300.0,2.7418649196624756
1996-05-21,3.592592477798462,3.5370371341705322,3.5370371341705322,3.555555582046509,2974500.0,2.7562196254730225
1996-05-22,3.6111111640930176,3.5370371341705322,3.5370371341705322,3.555555582046509,4722600.0,2.7562196254730225
1996-05-23,3.722222328186035,3.5370371341705322,3.5370371341705322,3.685185194015503,6311100.0,2.8567054271698
1996-05-24,3.7037036418914795,3.629629611968994,3.685185194015503,3.6666667461395264,1683900.0,2.842350482940674
1996-05-28,3.7037036418914795,3.592592477798462,3.685185194015503,3.6481480598449707,2285400.0,2.8279950618743896
1996-05-29,3.6666667461395264,3.6111111640930176,3.629629611968994,3.6481480598449707,1441800.0,2.8279950618743896
1996-05-30,3.685185194015503,3.592592477798462,3.629629611968994,3.6666667461395264,4419900.0,2.842350482940674
1996-05-31,3.6666667461395264,3.5740740299224854,3.6666667461395264,3.592592477798462,2497500.0,2.7849292755126953
1996-06-03,3.6111111640930176,3.5370371341705322,3.5740740299224854,3.555555582046509,987300.0,2.7562196254730225
1996-06-04,3.592592477798462,3.555555582046509,3.5740740299224854,3.592592477798462,1482600.0,2.7849292755126953
1996-06-05,3.685185194015503,3.6111111640930176,3.629629611968994,3.6666667461395264,2848500.0,2.842350482940674
1996-06-06,3.7037036418914795,3.629629611968994,3.6666667461395264,3.6666667461395264,1976700.0,2.842350482940674
1996-06-07,3.629629611968994,3.5370371341705322,3.629629611968994,3.555555582046509,2520300.0,2.7562196254730225
1996-06-10,3.6481480598449707,3.5740740299224854,3.5740740299224854,3.6481480598449707,708600.0,2.8279950618743896
1996-06-11,3.629629611968994,3.5370371341705322,3.629629611968994,3.6111111640930176,2732400.0,2.799283981323242
1996-06-12,3.7407407760620117,3.6111111640930176,3.629629611968994,3.6666667461395264,3874800.0,2.842350482940674
1996-06-13,3.722222328186035,3.6111111640930176,3.6666667461395264,3.7037036418914795,3355200.0,2.871060609817505
1996-06-14,3.7037036418914795,3.629629611968994,3.7037036418914795,3.6666667461395264,2021400.0,2.842350482940674
1996-06-17,3.722222328186035,3.629629611968994,3.7037036418914795,3.6481480598449707,2450700.0,2.8279950618743896
1996-06-18,3.7037036418914795,3.6481480598449707,3.6666667461395264,3.685185194015503,2460000.0,2.8567054271698
1996-06-19,3.6481480598449707,3.5740740299224854,3.6481480598449707,3.629629611968994,2977200.0,2.8136398792266846
1996-06-20,3.6481480598449707,3.444444417953491,3.629629611968994,3.4814815521240234,2644500.0,2.6987974643707275
1996-06-21,3.6111111640930176,3.5185184478759766,3.5185184478759766,3.6111111640930176,1839900.0,2.799283981323242
1996-06-24,3.6666667461395264,3.6111111640930176,3.6111111640930176,3.629629611968994,2074800.0,2.8136398792266846
1996-06-25,3.6666667461395264,3.6111111640930176,3.629629611968994,3.6666667461395264,1555500.0,2.842350482940674
1996-06-26,3.6666667461395264,3.5370371341705322,3.6666667461395264,3.592592477798462,1698600.0,2.7849292755126953
1996-06-27,3.6481480598449707,3.555555582046509,3.592592477798462,3.629629611968994,1496100.0,2.8136398792266846
1996-06-28,3.7037036418914795,3.6111111640930176,3.6481480598449707,3.629629611968994,3611700.0,2.8136398792266846
1996-07-01,3.777777671813965,3.6481480598449707,3.6481480598449707,3.7592592239379883,3164700.0,2.9141273498535156
1996-07-02,3.8888888359069824,3.814814805984497,3.814814805984497,3.8518519401550293,6019500.0,2.9859039783477783
1996-07-03,3.944444417953491,3.8518519401550293,3.8518519401550293,3.907407522201538,4511700.0,3.028970241546631
1996-07-05,3.8333332538604736,3.7037036418914795,3.814814805984497,3.7037036418914795,3108900.0,2.871060609817505
1996-07-08,3.685185194015503,3.629629611968994,3.6666667461395264,3.6481480598449707,1760700.0,2.8279950618743896
1996-07-09,3.7037036418914795,3.6481480598449707,3.6481480598449707,3.7037036418914795,1215000.0,2.871060609817505
1996-07-10,3.7037036418914795,3.555555582046509,3.7037036418914795,3.555555582046509,1891200.0,2.7562196254730225
1996-07-11,3.5740740299224854,3.3333332538604736,3.5740740299224854,3.3518519401550293,3698100.0,2.598310708999634
1996-07-12,3.4629628658294678,3.277777671813965,3.3518519401550293,3.444444417953491,2447400.0,2.670088529586792
1996-07-15,3.4259259700775146,3.185185194015503,3.407407522201538,3.2037036418914795,3217500.0,2.4834678173065186
1996-07-16,3.314814805984497,2.944444417953491,3.185185194015503,3.2592592239379883,5918700.0,2.526534080505371
1996-07-17,3.5185184478759766,3.2962963581085205,3.370370388031006,3.5,8688900.0,2.7131519317626953
1996-07-18,3.592592477798462,3.407407522201538,3.555555582046509,3.555555582046509,4458000.0,2.7562196254730225
1996-07-19,3.6666667461395264,3.5740740299224854,3.6666667461395264,3.629629611968994,3044700.0,2.8136398792266846
1996-07-22,3.6481480598449707,3.4259259700775146,3.629629611968994,3.5370371341705322,1981800.0,2.7418649196624756
1996-07-23,3.555555582046509,3.4259259700775146,3.5370371341705322,3.444444417953491,2109900.0,2.670088529586792
1996-07-24,3.407407522201538,3.314814805984497,3.3518519401550293,3.3333332538604736,3762900.0,2.5839552879333496
1996-07-25,3.4814815521240234,3.3888888359069824,3.4259259700775146,3.444444417953491,2063100.0,2.670088529586792
1996-07-26,3.5185184478759766,3.4259259700775146,3.444444417953491,3.5,1741800.0,2.7131519317626953
1996-07-29,3.7037036418914795,3.4814815521240234,3.5,3.5370371341705322,3722400.0,2.7418649196624756
1996-07-30,3.6111111640930176,3.5370371341705322,3.6111111640930176,3.5740740299224854,1760400.0,2.810260772705078
1996-07-31,3.6481480598449707,3.555555582046509,3.629629611968994,3.5740740299224854,1147800.0,2.810260772705078
1996-08-01,3.7037036418914795,3.555555582046509,3.555555582046509,3.6666667461395264,2310300.0,2.8830647468566895
1996-08-02,3.8518519401550293,3.722222328186035,3.722222328186035,3.8333332538604736,3882900.0,3.0141139030456543
1996-08-05,3.814814805984497,3.685185194015503,3.7962963581085205,3.722222328186035,1358100.0,2.926748752593994
1996-08-06,3.722222328186035,3.592592477798462,3.7037036418914795,3.7037036418914795,1538100.0,2.912186861038208
1996-08-07,3.8518519401550293,3.777777671813965,3.777777671813965,3.8333332538604736,2475900.0,3.0141139030456543
1996-08-08,3.814814805984497,3.722222328186035,3.7962963581085205,3.777777671813965,1465200.0,2.970430374145508
1996-08-09,3.8333332538604736,3.722222328186035,3.7592592239379883,3.7592592239379883,907200.0,2.9558699131011963
1996-08-12,3.814814805984497,3.722222328186035,3.7592592239379883,3.7962963581085205,722700.0,2.984992027282715
1996-08-13,3.8333332538604736,3.7592592239379883,3.7592592239379883,3.814814805984497,2930700.0,2.9995527267456055
1996-08-14,3.8333332538604736,3.777777671813965,3.7962963581085205,3.814814805984497,1434000.0,2.9995527267456055
1996-08-15,3.8333332538604736,3.777777671813965,3.777777671813965,3.777777671813965,1596900.0,2.970430374145508
1996-08-16,3.9814815521240234,3.7962963581085205,3.814814805984497,3.9814815521240234,4730400.0,3.1306018829345703
1996-08-19,3.9814815521240234,3.9259259700775146,3.9814815521240234,3.9814815521240234,1713000.0,3.1306018829345703
1996-08-20,3.9814815521240234,3.8888888359069824,3.9814815521240234,3.8888888359069824,1162200.0,3.05779767036438
1996-08-21,3.870370388031006,3.777777671813965,3.8518519401550293,3.8518519401550293,980100.0,3.028674840927124
1996-08-22,3.9629628658294678,3.8333332538604736,3.870370388031006,3.944444417953491,1288200.0,3.1014790534973145
1996-08-23,3.9814815521240234,3.814814805984497,3.9814815521240234,3.8333332538604736,1771200.0,3.0141139030456543
1996-08-26,3.8333332538604736,3.7592592239379883,3.8333332538604736,3.7592592239379883,1297800.0,2.9558699131011963
1996-08-27,3.8333332538604736,3.7592592239379883,3.777777671813965,3.7962963581085205,1188300.0,2.984992027282715
1996-08-28,3.7962963581085205,3.7592592239379883,3.7962963581085205,3.7962963581085205,1011600.0,2.984992027282715
1996-08-29,3.777777671813965,3.722222328186035,3.777777671813965,3.7407407760620117,972000.0,2.9413089752197266
1996-08-30,3.7592592239379883,3.6111111640930176,3.7592592239379883,3.7037036418914795,2104500.0,2.912186861038208
1996-09-03,3.6666667461395264,3.5740740299224854,3.6111111640930176,3.6481480598449707,1339200.0,2.8685050010681152
1996-09-04,3.6481480598449707,3.5740740299224854,3.6481480598449707,3.6111111640930176,2868600.0,2.8393828868865967
1996-09-05,3.592592477798462,3.5370371341705322,3.592592477798462,3.5740740299224854,2112600.0,2.810260772705078
1996-09-06,3.6666667461395264,3.555555582046509,3.555555582046509,3.6481480598449707,2991600.0,2.8685050010681152
1996-09-09,3.722222328186035,3.6111111640930176,3.6111111640930176,3.722222328186035,1642800.0,2.926748752593994
1996-09-10,3.7407407760620117,3.6111111640930176,3.6666667461395264,3.6111111640930176,1289100.0,2.8393828868865967
1996-09-11,3.7407407760620117,3.555555582046509,3.5740740299224854,3.5740740299224854,3015000.0,2.810260772705078
1996-09-12,3.6111111640930176,3.555555582046509,3.592592477798462,3.5740740299224854,4172700.0,2.810260772705078
1996-09-13,3.7037036418914795,3.592592477798462,3.6481480598449707,3.6666667461395264,7568400.0,2.8830647468566895
1996-09-16,3.7592592239379883,3.6666667461395264,3.6666667461395264,3.7037036418914795,4235400.0,2.912186861038208
1996-09-17,3.7592592239379883,3.6111111640930176,3.7592592239379883,3.6481480598449707,2624400.0,2.8685050010681152
1996-09-18,3.6481480598449707,3.4814815521240234,3.629629611968994,3.555555582046509,3607200.0,2.7957003116607666
1996-09-19,3.629629611968994,3.555555582046509,3.555555582046509,3.6111111640930176,670800.0,2.8393828868865967
1996-09-20,3.6481480598449707,3.592592477798462,3.592592477798462,3.6481480598449707,1682100.0,2.8685050010681152
1996-09-23,3.6481480598449707,3.5370371341705322,3.6111111640930176,3.555555582046509,2439300.0,2.7957003116607666
1996-09-24,3.592592477798462,3.5,3.5740740299224854,3.5,2354400.0,2.752017021179199
1996-09-25,3.5185184478759766,3.407407522201538,3.5185184478759766,3.444444417953491,3986400.0,2.7083346843719482
1996-09-26,3.5185184478759766,3.4629628658294678,3.4629628658294678,3.4814815521240234,6489900.0,2.7374558448791504
1996-09-27,3.4629628658294678,3.3333332538604736,3.444444417953491,3.3888888359069824,5478600.0,2.6646509170532227
1996-09-30,3.444444417953491,3.407407522201538,3.4259259700775146,3.407407522201538,3529200.0,2.6792125701904297
1996-10-01,3.4814815521240234,3.407407522201538,3.407407522201538,3.4629628658294678,5101500.0,2.722895860671997
1996-10-02,3.5370371341705322,3.4629628658294678,3.5,3.4814815521240234,2780100.0,2.7374558448791504
1996-10-03,3.629629611968994,3.5,3.5,3.629629611968994,3835800.0,2.85394287109375
1996-10-04,3.7407407760620117,3.629629611968994,3.629629611968994,3.6666667461395264,4788900.0,2.8830647468566895
1996-10-07,3.722222328186035,3.6481480598449707,3.6481480598449707,3.685185194015503,2842200.0,2.8976263999938965
1996-10-08,3.685185194015503,3.5370371341705322,3.685185194015503,3.5370371341705322,3429000.0,2.781139850616455
1996-10-09,3.555555582046509,3.407407522201538,3.555555582046509,3.444444417953491,5448600.0,2.7083346843719482
1996-10-10,3.4814815521240234,3.3333332538604736,3.4629628658294678,3.407407522201538,4859100.0,2.6792125701904297
1996-10-11,3.629629611968994,3.5,3.592592477798462,3.6111111640930176,7495200.0,2.8393828868865967
1996-10-14,3.814814805984497,3.6111111640930176,3.629629611968994,3.777777671813965,7615800.0,2.970430374145508
1996-10-15,3.8333332538604736,3.722222328186035,3.814814805984497,3.7407407760620117,4957500.0,2.9413089752197266
1996-10-16,3.777777671813965,3.7037036418914795,3.777777671813965,3.7407407760620117,1482600.0,2.9413089752197266
1996-10-17,3.7592592239379883,3.7037036418914795,3.7592592239379883,3.722222328186035,1960200.0,2.926748752593994
1996-10-18,3.7592592239379883,3.685185194015503,3.7407407760620117,3.7037036418914795,1822800.0,2.912186861038208
1996-10-21,3.7407407760620117,3.685185194015503,3.7037036418914795,3.7037036418914795,1947000.0,2.912186861038208
1996-10-22,3.685185194015503,3.6111111640930176,3.6666667461395264,3.629629611968994,1557000.0,2.85394287109375
1996-10-23,3.722222328186035,3.6481480598449707,3.6666667461395264,3.685185194015503,4354200.0,2.8976263999938965
1996-10-24,3.685185194015503,3.592592477798462,3.685185194015503,3.629629611968994,4671000.0,2.85394287109375
1996-10-25,3.6666667461395264,3.6111111640930176,3.6111111640930176,3.6481480598449707,1109700.0,2.8685050010681152
1996-10-28,3.7037036418914795,3.5740740299224854,3.685185194015503,3.592592477798462,2157300.0,2.8248209953308105
1996-10-29,3.6111111640930176,3.5370371341705322,3.5740740299224854,3.5740740299224854,1624500.0,2.810260772705078
1996-10-30,3.685185194015503,3.592592477798462,3.592592477798462,3.685185194015503,2202300.0,2.9386963844299316
1996-10-31,3.7407407760620117,3.7037036418914795,3.7037036418914795,3.7037036418914795,3593700.0,2.9534645080566406
1996-11-01,3.7407407760620117,3.685185194015503,3.7407407760620117,3.685185194015503,1981800.0,2.9386963844299316
1996-11-04,3.722222328186035,3.685185194015503,3.685185194015503,3.7037036418914795,2681100.0,2.9534645080566406
1996-11-05,3.7962963581085205,3.722222328186035,3.722222328186035,3.777777671813965,3081000.0,3.012531280517578
1996-11-06,4.0,3.777777671813965,3.7962963581085205,3.9629628658294678,7398300.0,3.1602044105529785
1996-11-07,4.462963104248047,4.203703880310059,4.222222328186035,4.407407283782959,15660300.0,3.514620304107666
1996-11-08,4.4259257316589355,4.333333492279053,4.370370388031006,4.407407283782959,5360700.0,3.514620304107666
1996-11-11,4.722222328186035,4.370370388031006,4.370370388031006,4.685184955596924,5430000.0,3.736130952835083
1996-11-12,4.796296119689941,4.462963104248047,4.722222328186035,4.518518447875977,8144400.0,3.6032252311706543
1996-11-13,4.518518447875977,4.351851940155029,4.5,4.370370388031006,5925600.0,3.485086441040039
1996-11-14,4.5,4.333333492279053,4.333333492279053,4.481481552124023,5042700.0,3.573690891265869
1996-11-15,4.5,4.370370388031006,4.462963104248047,4.407407283782959,3388800.0,3.514620304107666
1996-11-18,4.462963104248047,4.407407283782959,4.4259257316589355,4.4259257316589355,2217900.0,3.5293893814086914
1996-11-19,4.537036895751953,4.407407283782959,4.462963104248047,4.4259257316589355,1413900.0,3.5293893814086914
1996-11-20,4.44444465637207,4.370370388031006,4.4259257316589355,4.407407283782959,2613600.0,3.514620304107666
1996-11-21,4.351851940155029,4.203703880310059,4.314815044403076,4.222222328186035,3906900.0,3.366947889328003
1996-11-22,4.4259257316589355,4.222222328186035,4.222222328186035,4.407407283782959,7442400.0,3.514620304107666
1996-11-25,4.518518447875977,4.370370388031006,4.388888835906982,4.462963104248047,4035600.0,3.5589241981506348
1996-11-26,4.592592716217041,4.407407283782959,4.592592716217041,4.44444465637207,3424800.0,3.544156789779663
1996-11-27,4.5,4.44444465637207,4.462963104248047,4.481481552124023,2268000.0,3.573690891265869
1996-11-29,4.5,4.462963104248047,4.481481552124023,4.481481552124023,572400.0,3.573690891265869
1996-12-02,4.537036895751953,4.462963104248047,4.481481552124023,4.537036895751953,1636200.0,3.6179938316345215
1996-12-03,4.5740742683410645,4.481481552124023,4.5,4.481481552124023,3618300.0,3.573690891265869
1996-12-04,4.462963104248047,4.277777671813965,4.462963104248047,4.296296119689941,3879000.0,3.4260177612304688
1996-12-05,4.407407283782959,4.277777671813965,4.296296119689941,4.370370388031006,1985700.0,3.485086441040039
1996-12-06,4.333333492279053,4.222222328186035,4.222222328186035,4.277777671813965,4989900.0,3.411250352859497
1996-12-09,4.370370388031006,4.314815044403076,4.314815044403076,4.370370388031006,1002000.0,3.485086441040039
1996-12-10,4.4259257316589355,4.388888835906982,4.4259257316589355,4.4259257316589355,1827900.0,3.5293893814086914
1996-12-11,4.333333492279053,4.296296119689941,4.333333492279053,4.333333492279053,1195200.0,3.455551862716675
1996-12-12,4.407407283782959,4.314815044403076,4.314815044403076,4.351851940155029,1724400.0,3.4703195095062256
1996-12-13,4.370370388031006,4.277777671813965,4.277777671813965,4.370370388031006,2806500.0,3.485086441040039
1996-12-16,4.5,4.351851940155029,4.370370388031006,4.370370388031006,2352000.0,3.485086441040039
1996-12-17,4.351851940155029,4.222222328186035,4.333333492279053,4.314815044403076,3183600.0,3.4407849311828613
1996-12-18,4.462963104248047,4.370370388031006,4.407407283782959,4.462963104248047,3241800.0,3.5589241981506348
1996-12-19,4.648148059844971,4.518518447875977,4.518518447875977,4.611111164093018,3846000.0,3.6770622730255127
1996-12-20,4.722222328186035,4.648148059844971,4.666666507720947,4.722222328186035,2432700.0,3.765665054321289
1996-12-23,4.759259223937988,4.703703880310059,4.722222328186035,4.722222328186035,2308500.0,3.765665054321289
1996-12-24,4.722222328186035,4.685184955596924,4.703703880310059,4.722222328186035,722100.0,3.765665054321289
1996-12-26,4.796296119689941,4.703703880310059,4.740740776062012,4.777777671813965,1170900.0,3.8099677562713623
1996-12-27,4.870370388031006,4.740740776062012,4.740740776062012,4.796296119689941,1852500.0,3.824735164642334
1996-12-30,4.833333492279053,4.759259223937988,4.814815044403076,4.759259223937988,1663500.0,3.7951996326446533
1996-12-31,4.759259223937988,4.722222328186035,4.722222328186035,4.740740776062012,1385100.0,3.7804338932037354
1997-01-02,4.703703880310059,4.5,4.666666507720947,4.5740742683410645,2888100.0,3.647526979446411
1997-01-03,4.648148059844971,4.5740742683410645,4.5740742683410645,4.629629611968994,1455600.0,3.6918294429779053
1997-01-06,4.703703880310059,4.629629611968994,4.666666507720947,4.648148059844971,1523100.0,3.7065975666046143
1997-01-07,4.703703880310059,4.611111164093018,4.629629611968994,4.703703880310059,2369700.0,3.750899314880371
1997-01-08,4.703703880310059,4.5740742683410645,4.703703880310059,4.592592716217041,1479900.0,3.6622955799102783
1997-01-09,4.666666507720947,4.629629611968994,4.629629611968994,4.648148059844971,1536300.0,3.7065975666046143
1997-01-10,4.666666507720947,4.5740742683410645,4.629629611968994,4.611111164093018,2086200.0,3.6770622730255127
1997-01-13,4.685184955596924,4.629629611968994,4.648148059844971,4.648148059844971,1582200.0,3.7065975666046143
1997-01-14,4.9259257316589355,4.685184955596924,4.685184955596924,4.888888835906982,3657600.0,3.898571252822876
1997-01-15,5.018518447875977,4.907407283782959,4.9259257316589355,5.0,4244400.0,3.9871747493743896
1997-01-16,4.94444465637207,4.740740776062012,4.94444465637207,4.814815044403076,4580400.0,3.8395042419433594
1997-01-17,5.0740742683410645,4.833333492279053,4.833333492279053,5.037036895751953,4240200.0,4.0167107582092285
1997-01-20,5.166666507720947,5.018518447875977,5.018518447875977,5.0740742683410645,4287900.0,4.046245098114014
1997-01-21,5.148148059844971,5.018518447875977,5.111111164093018,5.129629611968994,2065500.0,4.090547561645508
1997-01-22,5.166666507720947,5.111111164093018,5.166666507720947,5.148148059844971,2045700.0,4.105312824249268
1997-01-23,5.185184955596924,5.129629611968994,5.129629611968994,5.129629611968994,2298900.0,4.090547561645508
1997-01-24,5.111111164093018,4.962963104248047,5.111111164093018,5.0,1423200.0,3.9871747493743896
1997-01-27,5.092592716217041,5.018518447875977,5.037036895751953,5.0740742683410645,3562500.0,4.046245098114014
1997-01-28,5.185184955596924,5.111111164093018,5.166666507720947,5.129629611968994,2062800.0,4.090547561645508
1997-01-29,5.277777671813965,5.129629611968994,5.129629611968994,5.222222328186035,4262400.0,4.164383888244629
1997-01-30,5.388888835906982,5.222222328186035,5.222222328186035,5.351851940155029,4431900.0,4.267755031585693
1997-01-31,5.685184955596924,5.388888835906982,5.407407283782959,5.55555534362793,4404000.0,4.430194854736328
1997-02-03,5.611111164093018,5.462963104248047,5.518518447875977,5.518518447875977,1691400.0,4.400659561157227
1997-02-04,5.55555534362793,5.44444465637207,5.55555534362793,5.481481552124023,1722600.0,4.371124744415283
1997-02-05,5.777777671813965,5.481481552124023,5.666666507720947,5.481481552124023,5295900.0,4.371124744415283
1997-02-06,5.703703880310059,5.5,5.518518447875977,5.537036895751953,5543400.0,4.415429592132568
1997-02-07,5.629629611968994,5.5740742683410645,5.5740742683410645,5.611111164093018,2077500.0,4.474497318267822
1997-02-10,5.722222328186035,5.648148059844971,5.703703880310059,5.648148059844971,1864200.0,4.504030704498291
1997-02-11,5.703703880310059,5.481481552124023,5.666666507720947,5.537036895751953,3102300.0,4.415429592132568
1997-02-12,5.814815044403076,5.481481552124023,5.481481552124023,5.814815044403076,4311000.0,4.679150104522705
1997-02-13,6.0,5.9259257316589355,5.9259257316589355,5.962963104248047,4842900.0,4.798362731933594
1997-02-14,6.037036895751953,5.9259257316589355,5.962963104248047,5.94444465637207,2707200.0,4.783461570739746
1997-02-18,6.0740742683410645,5.94444465637207,5.981481552124023,6.05555534362793,2998800.0,4.872869968414307
1997-02-19,6.222222328186035,5.981481552124023,6.0740742683410645,5.981481552124023,3479400.0,4.8132643699646
1997-02-20,5.981481552124023,5.592592716217041,5.981481552124023,5.648148059844971,4134000.0,4.545031547546387
1997-02-21,5.629629611968994,5.481481552124023,5.629629611968994,5.537036895751953,2844300.0,4.455622673034668
1997-02-24,5.777777671813965,5.5,5.518518447875977,5.759259223937988,4180800.0,4.63444185256958
1997-02-25,5.888888835906982,5.759259223937988,5.888888835906982,5.796296119689941,2305800.0,4.664247512817383
1997-02-26,5.814815044403076,5.518518447875977,5.759259223937988,5.796296119689941,4971900.0,4.664247512817383
1997-02-27,5.833333492279053,5.685184955596924,5.833333492279053,5.722222328186035,2260200.0,4.604640483856201
1997-02-28,5.740740776062012,5.537036895751953,5.722222328186035,5.55555534362793,2841600.0,4.470521926879883
1997-03-03,5.44444465637207,5.333333492279053,5.333333492279053,5.351851940155029,5335500.0,4.306605815887451
1997-03-04,5.44444465637207,5.314815044403076,5.314815044403076,5.314815044403076,2103300.0,4.276802062988281
1997-03-05,5.537036895751953,5.333333492279053,5.333333492279053,5.5,2946900.0,4.425819396972656
1997-03-06,5.759259223937988,5.5,5.592592716217041,5.759259223937988,3793800.0,4.63444185256958
1997-03-07,5.870370388031006,5.648148059844971,5.870370388031006,5.722222328186035,1860300.0,4.604640483856201
1997-03-10,5.814815044403076,5.722222328186035,5.740740776062012,5.722222328186035,1914600.0,4.604640483856201
1997-03-11,5.759259223937988,5.648148059844971,5.740740776062012,5.666666507720947,1151400.0,4.559934139251709
1997-03-12,5.666666507720947,5.351851940155029,5.629629611968994,5.4259257316589355,2968500.0,4.366213321685791
1997-03-13,5.518518447875977,5.333333492279053,5.4259257316589355,5.333333492279053,2682900.0,4.2917022705078125
1997-03-14,5.351851940155029,5.314815044403076,5.351851940155029,5.333333492279053,1593000.0,4.2917022705078125
1997-03-17,5.333333492279053,5.0,5.333333492279053,5.185184955596924,3094200.0,4.172487258911133
1997-03-18,5.222222328186035,5.111111164093018,5.222222328186035,5.111111164093018,2311500.0,4.112880706787109
1997-03-19,5.166666507720947,4.981481552124023,5.111111164093018,5.166666507720947,4415700.0,4.157586097717285
1997-03-20,5.203703880310059,5.018518447875977,5.148148059844971,5.148148059844971,2560800.0,4.142683982849121
1997-03-21,5.240740776062012,5.148148059844971,5.203703880310059,5.203703880310059,2152200.0,4.187391757965088
1997-03-24,5.203703880310059,5.0740742683410645,5.203703880310059,5.166666507720947,3604800.0,4.157586097717285
1997-03-25,5.240740776062012,5.129629611968994,5.203703880310059,5.166666507720947,2181900.0,4.157586097717285
1997-03-26,5.148148059844971,5.037036895751953,5.148148059844971,5.092592716217041,2088900.0,4.097980499267578
1997-03-27,5.222222328186035,4.851851940155029,5.222222328186035,4.94444465637207,4471500.0,3.9787662029266357
1997-03-31,5.018518447875977,4.685184955596924,5.0,4.740740776062012,5917500.0,3.8148465156555176
1997-04-01,4.703703880310059,4.55555534362793,4.703703880310059,4.685184955596924,8107200.0,3.7701423168182373
1997-04-02,4.851851940155029,4.611111164093018,4.685184955596924,4.796296119689941,4305000.0,3.8595540523529053
1997-04-03,5.037036895751953,4.592592716217041,4.592592716217041,4.888888835906982,6293700.0,3.934061050415039
1997-04-04,5.129629611968994,4.851851940155029,4.851851940155029,5.037036895751953,3787200.0,4.053274631500244
1997-04-07,5.277777671813965,5.166666507720947,5.185184955596924,5.222222328186035,2762100.0,4.202291965484619
1997-04-08,5.222222328186035,5.092592716217041,5.222222328186035,5.185184955596924,1621200.0,4.172487258911133
1997-04-09,5.296296119689941,5.148148059844971,5.166666507720947,5.203703880310059,1963200.0,4.187391757965088
1997-04-10,5.240740776062012,5.018518447875977,5.240740776062012,5.05555534362793,4016100.0,4.068175315856934
1997-04-11,5.148148059844971,4.777777671813965,5.092592716217041,4.796296119689941,3415800.0,3.8595540523529053
1997-04-14,4.94444465637207,4.722222328186035,4.796296119689941,4.907407283782959,3256500.0,3.948965311050415
1997-04-15,5.185184955596924,5.037036895751953,5.148148059844971,5.05555534362793,2082900.0,4.068175315856934
1997-04-16,5.037036895751953,4.685184955596924,5.037036895751953,4.740740776062012,5445900.0,3.8148465156555176
1997-04-17,4.759259223937988,4.648148059844971,4.740740776062012,4.648148059844971,8866800.0,3.740339756011963
1997-04-18,4.814815044403076,4.666666507720947,4.703703880310059,4.759259223937988,7502400.0,3.8297476768493652
1997-04-21,4.740740776062012,4.5,4.740740776062012,4.537036895751953,4118700.0,3.6509275436401367
1997-04-22,4.592592716217041,4.5,4.5740742683410645,4.55555534362793,4224000.0,3.6658284664154053
1997-04-23,4.703703880310059,4.537036895751953,4.592592716217041,4.629629611968994,2971800.0,3.725435495376587
1997-04-24,4.814815044403076,4.685184955596924,4.685184955596924,4.703703880310059,2571600.0,3.785043716430664
1997-04-25,4.796296119689941,4.5740742683410645,4.796296119689941,4.629629611968994,2901600.0,3.725435495376587
1997-04-28,4.94444465637207,4.55555534362793,4.629629611968994,4.870370388031006,5952600.0,3.9191582202911377
1997-04-29,5.185184955596924,4.94444465637207,5.0,5.0740742683410645,8859000.0,4.083080291748047
1997-04-30,5.518518447875977,5.0,5.018518447875977,5.4259257316589355,11665800.0,4.366213321685791
1997-05-01,5.4259257316589355,5.277777671813965,5.388888835906982,5.296296119689941,3607200.0,4.261900424957275
1997-05-02,5.4259257316589355,5.277777671813965,5.333333492279053,5.351851940155029,3854700.0,4.306605815887451
1997-05-05,5.5740742683410645,5.388888835906982,5.407407283782959,5.55555534362793,3831600.0,4.470521926879883
1997-05-06,5.611111164093018,5.481481552124023,5.537036895751953,5.518518447875977,2863800.0,4.440720081329346
1997-05-07,5.5,5.407407283782959,5.481481552124023,5.4259257316589355,1690200.0,4.366213321685791
1997-05-08,5.537036895751953,5.370370388031006,5.388888835906982,5.5,1429500.0,4.425819396972656
1997-05-09,5.5740742683410645,5.379629611968994,5.462963104248047,5.481481552124023,1655400.0,4.410914897918701
1997-05-12,5.537036895751953,5.407407283782959,5.44444465637207,5.4259257316589355,1497600.0,4.406365871429443
1997-05-13,5.481481552124023,5.351851940155029,5.44444465637207,5.388888835906982,1743300.0,4.376287460327148
1997-05-14,5.5,5.388888835906982,5.4259257316589355,5.4259257316589355,2107800.0,4.406365871429443
1997-05-15,5.481481552124023,5.314815044403076,5.4259257316589355,5.314815044403076,1520400.0,4.31613302230835
1997-05-16,5.333333492279053,5.240740776062012,5.314815044403076,5.277777671813965,2288700.0,4.2860541343688965
1997-05-19,5.314815044403076,5.185184955596924,5.259259223937988,5.259259223937988,5256000.0,4.271015167236328
1997-05-20,5.44444465637207,5.203703880310059,5.259259223937988,5.44444465637207,3918000.0,4.421403408050537
1997-05-21,5.518518447875977,5.370370388031006,5.518518447875977,5.370370388031006,3195900.0,4.36124849319458
1997-05-22,5.462963104248047,5.314815044403076,5.388888835906982,5.314815044403076,1092000.0,4.31613302230835
1997-05-23,5.407407283782959,5.296296119689941,5.333333492279053,5.333333492279053,1937700.0,4.33117151260376
1997-05-27,5.351851940155029,5.277777671813965,5.277777671813965,5.314815044403076,2443800.0,4.31613302230835
1997-05-28,5.833333492279053,5.722222328186035,5.796296119689941,5.740740776062012,21117000.0,4.662023067474365
1997-05-29,5.888888835906982,5.814815044403076,5.888888835906982,5.870370388031006,13635300.0,4.7672953605651855
1997-05-30,6.018518447875977,5.759259223937988,5.777777671813965,6.018518447875977,52245300.0,4.8876051902771
1997-06-02,6.037036895751953,5.9259257316589355,6.018518447875977,5.962963104248047,14707200.0,4.842489242553711
1997-06-03,5.94444465637207,5.851851940155029,5.9259257316589355,5.888888835906982,8987400.0,4.782332420349121
1997-06-04,5.888888835906982,5.796296119689941,5.833333492279053,5.814815044403076,8701200.0,4.722182273864746
1997-06-05,5.870370388031006,5.814815044403076,5.851851940155029,5.870370388031006,4148400.0,4.7672953605651855
1997-06-06,6.0,5.796296119689941,5.796296119689941,5.907407283782959,4308300.0,4.797374248504639
1997-06-09,5.981481552124023,5.814815044403076,5.94444465637207,5.962963104248047,6954300.0,4.842489242553711
1997-06-10,6.037036895751953,5.981481552124023,5.981481552124023,6.018518447875977,2507400.0,4.8876051902771
1997-06-11,6.148148059844971,6.037036895751953,6.05555534362793,6.148148059844971,4966500.0,4.992875576019287
1997-06-12,6.277777671813965,6.129629611968994,6.185184955596924,6.185184955596924,5458500.0,5.022954940795898
1997-06-13,6.314815044403076,6.185184955596924,6.203703880310059,6.259259223937988,3628800.0,5.083110332489014
1997-06-16,6.296296119689941,6.240740776062012,6.277777671813965,6.277777671813965,1286400.0,5.098147869110107
1997-06-17,6.259259223937988,6.111111164093018,6.111111164093018,6.203703880310059,2097000.0,5.037992477416992
1997-06-18,6.277777671813965,6.148148059844971,6.166666507720947,6.240740776062012,2298000.0,5.068073749542236
1997-06-19,6.277777671813965,6.111111164093018,6.277777671813965,6.166666507720947,2142300.0,5.00791597366333
1997-06-20,6.351851940155029,6.166666507720947,6.203703880310059,6.351851940155029,4417200.0,5.158303737640381
1997-06-23,6.333333492279053,6.111111164093018,6.277777671813965,6.111111164093018,3596700.0,4.962798118591309
1997-06-24,6.222222328186035,6.0,6.222222328186035,6.157407283782959,5326200.0,5.000396728515625
1997-06-25,6.259259223937988,6.05555534362793,6.148148059844971,6.148148059844971,3815100.0,4.992875576019287
1997-06-26,6.185184955596924,6.018518447875977,6.148148059844971,6.138888835906982,4375200.0,4.985358238220215
1997-06-27,6.185184955596924,6.018518447875977,6.138888835906982,6.05555534362793,2408700.0,4.91768217086792
1997-06-30,6.101851940155029,5.962963104248047,6.092592716217041,6.0,3002700.0,4.872568130493164
1997-07-01,6.222222328186035,6.0,6.05555534362793,6.111111164093018,3236400.0,4.962798118591309
1997-07-02,6.166666507720947,6.0740742683410645,6.148148059844971,6.157407283782959,2320500.0,5.000396728515625
1997-07-03,6.240740776062012,6.0740742683410645,6.212963104248047,6.092592716217041,1879500.0,4.947760105133057
1997-07-07,6.25,6.092592716217041,6.203703880310059,6.166666507720947,2259000.0,5.00791597366333
1997-07-08,6.185184955596924,6.120370388031006,6.148148059844971,6.185184955596924,2133000.0,5.022954940795898
1997-07-09,6.185184955596924,5.9259257316589355,6.185184955596924,6.05555534362793,4188000.0,4.91768217086792
1997-07-10,6.111111164093018,6.0,6.092592716217041,6.083333492279053,1979100.0,4.940241813659668
1997-07-11,6.212963104248047,6.05555534362793,6.0740742683410645,6.1759257316589355,1844400.0,5.015435695648193
1997-07-14,6.296296119689941,6.101851940155029,6.138888835906982,6.259259223937988,2587800.0,5.083110332489014
1997-07-15,6.740740776062012,6.351851940155029,6.407407283782959,6.666666507720947,9633600.0,5.41396427154541
1997-07-16,6.916666507720947,6.583333492279053,6.722222328186035,6.777777671813965,5674500.0,5.5041961669921875
1997-07-17,7.277777671813965,6.712963104248047,6.777777671813965,7.148148059844971,11487600.0,5.804970741271973
1997-07-18,7.148148059844971,6.851851940155029,7.148148059844971,6.879629611968994,6142500.0,5.58690881729126
1997-07-21,6.833333492279053,6.666666507720947,6.787036895751953,6.796296119689941,3573300.0,5.5192365646362305
1997-07-22,7.148148059844971,6.75,6.75,7.148148059844971,3457200.0,5.804970741271973
1997-07-23,7.240740776062012,7.083333492279053,7.148148059844971,7.101851940155029,4048500.0,5.767376899719238
1997-07-24,7.129629611968994,6.94444465637207,7.064815044403076,7.101851940155029,2712000.0,5.767376899719238
1997-07-25,7.157407283782959,7.0,7.101851940155029,7.018518447875977,1345800.0,5.699699401855469
1997-07-28,7.037036895751953,6.870370388031006,7.018518447875977,6.9259257316589355,1992900.0,5.624506950378418
1997-07-29,7.0740742683410645,6.842592716217041,6.9259257316589355,7.064815044403076,1979100.0,5.737298011779785
1997-07-30,7.25,7.092592716217041,7.101851940155029,7.120370388031006,2000700.0,5.782413959503174
1997-07-31,7.157407283782959,6.907407283782959,7.111111164093018,6.962963104248047,3361800.0,5.654583930969238
1997-08-01,6.953703880310059,6.731481552124023,6.953703880310059,6.879629611968994,3973500.0,5.58690881729126
1997-08-04,6.879629611968994,6.731481552124023,6.879629611968994,6.731481552124023,1769700.0,5.46660041809082
1997-08-05,6.768518447875977,6.685184955596924,6.768518447875977,6.75,2584200.0,5.481637477874756
1997-08-06,6.787036895751953,6.6759257316589355,6.712963104248047,6.75,3717900.0,5.481637477874756
1997-08-07,6.907407283782959,6.666666507720947,6.888888835906982,6.666666507720947,2863200.0,5.41396427154541
1997-08-08,6.666666507720947,6.416666507720947,6.592592716217041,6.620370388031006,3986400.0,5.376368045806885
1997-08-11,6.620370388031006,6.4259257316589355,6.620370388031006,6.5740742683410645,3209400.0,5.338770389556885
1997-08-12,6.6759257316589355,6.4259257316589355,6.611111164093018,6.435184955596924,2064000.0,5.265989780426025
1997-08-13,6.546296119689941,6.351851940155029,6.472222328186035,6.388888835906982,2917800.0,5.228105545043945
1997-08-14,6.592592716217041,6.333333492279053,6.370370388031006,6.546296119689941,3295800.0,5.356912612915039
1997-08-15,6.462963104248047,6.3240742683410645,6.462963104248047,6.361111164093018,4359600.0,5.205374240875244
1997-08-18,6.44444465637207,6.148148059844971,6.361111164093018,6.379629611968994,3184500.0,5.2205281257629395
1997-08-19,6.5740742683410645,6.351851940155029,6.370370388031006,6.435184955596924,2854200.0,5.265989780426025
1997-08-20,6.80555534362793,6.462963104248047,6.472222328186035,6.759259223937988,3608400.0,5.531182765960693
1997-08-21,6.731481552124023,6.583333492279053,6.731481552124023,6.592592716217041,2826000.0,5.394798755645752
1997-08-22,6.546296119689941,6.3240742683410645,6.481481552124023,6.5,2423700.0,5.319027423858643
1997-08-25,6.611111164093018,6.490740776062012,6.537036895751953,6.546296119689941,1324200.0,5.356912612915039
1997-08-26,6.527777671813965,6.314815044403076,6.518518447875977,6.370370388031006,5061000.0,5.21295166015625
1997-08-27,6.3240742683410645,6.148148059844971,6.30555534362793,6.259259223937988,4444500.0,5.12202787399292
1997-08-28,6.351851940155029,6.148148059844971,6.25,6.240740776062012,2732700.0,5.106875896453857
1997-08-29,6.333333492279053,6.222222328186035,6.222222328186035,6.333333492279053,1693200.0,5.182642459869385
1997-09-02,6.453703880310059,6.333333492279053,6.370370388031006,6.435184955596924,5070600.0,5.265989780426025
1997-09-03,6.472222328186035,6.379629611968994,6.472222328186035,6.388888835906982,2025300.0,5.228105545043945
1997-09-04,6.611111164093018,6.296296119689941,6.314815044403076,6.611111164093018,2894400.0,5.409954071044922
1997-09-05,6.759259223937988,6.527777671813965,6.657407283782959,6.537036895751953,1867500.0,5.349336624145508
1997-09-08,6.9259257316589355,6.648148059844971,6.666666507720947,6.851851940155029,3702900.0,5.606954097747803
1997-09-09,6.990740776062012,6.768518447875977,6.888888835906982,6.861111164093018,2596500.0,5.614532470703125
1997-09-10,6.888888835906982,6.722222328186035,6.861111164093018,6.722222328186035,1119000.0,5.500875473022461
1997-09-11,6.731481552124023,6.592592716217041,6.703703880310059,6.722222328186035,2207100.0,5.500875473022461
1997-09-12,6.888888835906982,6.6759257316589355,6.777777671813965,6.879629611968994,2124000.0,5.629683017730713
1997-09-15,6.962963104248047,6.8240742683410645,6.94444465637207,6.8240742683410645,2440800.0,5.584222793579102
1997-09-16,7.347222328186035,6.972222328186035,7.05555534362793,7.291666507720947,5355300.0,5.966861724853516
1997-09-17,7.666666507720947,7.402777671813965,7.666666507720947,7.458333492279053,4431000.0,6.103244781494141
1997-09-18,7.791666507720947,7.486111164093018,7.5,7.625,3287100.0,6.239630222320557
1997-09-19,7.666666507720947,7.513888835906982,7.625,7.55555534362793,3175500.0,6.182803153991699
1997-09-22,7.625,7.55555534362793,7.55555534362793,7.597222328186035,3411900.0,6.216899871826172
1997-09-23,7.611111164093018,7.527777671813965,7.583333492279053,7.597222328186035,2285100.0,6.216899871826172
1997-09-24,8.041666984558105,7.56944465637207,7.56944465637207,7.972222328186035,4359000.0,6.523766994476318
1997-09-25,8.125,7.722222328186035,7.972222328186035,7.763888835906982,4206000.0,6.35328483581543
1997-09-26,7.986111164093018,7.81944465637207,7.916666507720947,7.902777671813965,1480800.0,6.466939449310303
1997-09-29,7.986111164093018,7.847222328186035,7.972222328186035,7.972222328186035,1994700.0,6.523766994476318
1997-09-30,8.0,7.875,7.986111164093018,7.94444465637207,3038400.0,6.501033306121826
1997-10-01,8.01388931274414,7.81944465637207,7.94444465637207,7.972222328186035,2493900.0,6.523766994476318
1997-10-02,8.11111068725586,7.902777671813965,8.083333015441895,8.027777671813965,1821600.0,6.569225788116455
1997-10-03,8.791666984558105,8.208333015441895,8.222222328186035,8.44444465637207,6169500.0,6.91019344329834
1997-10-06,8.527777671813965,8.402777671813965,8.5,8.472222328186035,2267400.0,6.932923793792725
1997-10-07,8.402777671813965,8.13888931274414,8.38888931274414,8.291666984558105,4467600.0,6.785170078277588
1997-10-08,8.30555534362793,8.097222328186035,8.23611068725586,8.13888931274414,3519900.0,6.660152435302734
1997-10-09,8.05555534362793,7.847222328186035,8.05555534362793,8.0,3294300.0,6.546496391296387
1997-10-10,8.041666984558105,7.875,7.94444465637207,8.0,1460700.0,6.546496391296387
1997-10-13,8.166666984558105,8.06944465637207,8.11111068725586,8.097222328186035,952500.0,6.6260552406311035
1997-10-14,8.222222328186035,7.94444465637207,8.083333015441895,8.06944465637207,1568100.0,6.603322982788086
1997-10-15,8.208333015441895,7.93055534362793,8.027777671813965,8.11111068725586,1650600.0,6.6374192237854
1997-10-16,8.333333015441895,8.027777671813965,8.097222328186035,8.05555534362793,2144100.0,6.591959476470947
1997-10-17,7.972222328186035,7.777777671813965,7.861111164093018,7.861111164093018,2885400.0,6.432842254638672
1997-10-20,7.986111164093018,7.791666507720947,7.833333492279053,7.986111164093018,2191800.0,6.535132884979248
1997-10-21,8.38888931274414,7.916666507720947,7.958333492279053,8.38888931274414,2655000.0,6.864729881286621
1997-10-22,8.38888931274414,7.81944465637207,8.38888931274414,7.888888835906982,10389000.0,6.455573558807373
1997-10-23,7.972222328186035,7.666666507720947,7.888888835906982,7.902777671813965,2796600.0,6.466939449310303
1997-10-24,8.13888931274414,7.666666507720947,8.13888931274414,7.80555534362793,2764800.0,6.387380599975586
1997-10-27,7.777777671813965,6.847222328186035,7.68055534362793,6.861111164093018,3365100.0,5.614532470703125
1997-10-28,7.763888835906982,6.5,6.75,7.55555534362793,7904700.0,6.182803153991699
1997-10-29,7.736111164093018,7.277777671813965,7.55555534362793,7.43055534362793,3122100.0,6.080512046813965
1997-10-30,7.486111164093018,7.25,7.333333492279053,7.25,2368200.0,5.932764053344727
1997-10-31,7.75,7.347222328186035,7.55555534362793,7.583333492279053,2106300.0,6.205533981323242
1997-11-03,8.05555534362793,7.736111164093018,7.763888835906982,8.027777671813965,3498300.0,6.569225788116455
1997-11-04,8.527777671813965,7.902777671813965,8.027777671813965,8.527777671813965,5803200.0,6.978382587432861
1997-11-05,9.041666984558105,8.416666984558105,8.48611068725586,8.80555534362793,6231000.0,7.205694198608398
1997-11-06,8.847222328186035,8.51388931274414,8.80555534362793,8.722222328186035,4107000.0,7.137498378753662
1997-11-07,8.55555534362793,8.30555534362793,8.30555534362793,8.44444465637207,3553500.0,6.91019344329834
1997-11-10,8.625,8.25,8.5,8.31944465637207,2731800.0,6.807901859283447
1997-11-11,8.31944465637207,8.11111068725586,8.31944465637207,8.18055534362793,1267200.0,6.694247722625732
1997-11-12,8.041666984558105,7.736111164093018,8.0,7.763888835906982,4081500.0,6.3845415115356445
1997-11-13,8.041666984558105,7.597222328186035,7.80555534362793,7.68055534362793,3849300.0,6.316012859344482
1997-11-14,8.25,7.80555534362793,7.847222328186035,8.222222328186035,2497800.0,6.761448383331299
1997-11-17,8.625,8.333333015441895,8.61111068725586,8.347222328186035,4204200.0,6.8642401695251465
1997-11-18,8.402777671813965,8.166666984558105,8.31944465637207,8.18055534362793,1728900.0,6.727183818817139
1997-11-19,8.44444465637207,8.125,8.152777671813965,8.44444465637207,1612200.0,6.944188117980957
1997-11-20,8.86111068725586,8.472222328186035,8.472222328186035,8.76388931274414,3722700.0,7.206878662109375
1997-11-21,8.93055534362793,8.55555534362793,8.875,8.708333015441895,2681100.0,7.161191940307617
1997-11-24,8.76388931274414,8.472222328186035,8.652777671813965,8.55555534362793,1398000.0,7.0355610847473145
1997-11-25,8.666666984558105,8.347222328186035,8.55555534362793,8.44444465637207,1790100.0,6.944188117980957
1997-11-26,8.625,8.5,8.625,8.541666984558105,1692000.0,7.024139404296875
1997-11-28,8.777777671813965,8.51388931274414,8.51388931274414,8.56944465637207,561600.0,7.04697847366333
1997-12-01,9.06944465637207,8.652777671813965,8.69444465637207,8.958333015441895,2443800.0,7.366778373718262
1997-12-02,9.11111068725586,8.916666984558105,8.958333015441895,9.041666984558105,1531800.0,7.435310363769531
1997-12-03,9.30555534362793,8.93055534362793,9.097222328186035,9.25,2655300.0,7.606626033782959
1997-12-04,9.51388931274414,9.277777671813965,9.291666984558105,9.375,2230200.0,7.709418296813965
1997-12-05,9.472222328186035,9.19444465637207,9.291666984558105,9.36111068725586,2502900.0,7.697999477386475
1997-12-08,9.777777671813965,9.38888931274414,9.43055534362793,9.652777671813965,2670300.0,7.937845706939697
1997-12-09,9.833333015441895,9.472222328186035,9.73611068725586,9.48611068725586,2546100.0,7.800791263580322
1997-12-10,9.44444465637207,9.19444465637207,9.416666984558105,9.347222328186035,1462800.0,7.686580181121826
1997-12-11,9.375,9.0,9.333333015441895,9.125,1734600.0,7.503835201263428
1997-12-12,9.333333015441895,8.972222328186035,9.097222328186035,9.208333015441895,1839000.0,7.572361946105957
1997-12-15,9.36111068725586,9.208333015441895,9.23611068725586,9.23611068725586,1568700.0,7.595205783843994
1997-12-16,9.68055534362793,9.32984447479248,9.333333015441895,9.36111068725586,1739700.0,7.697999477386475
1997-12-17,9.61111068725586,9.347222328186035,9.44444465637207,9.43055534362793,1362000.0,7.755105495452881
1997-12-18,9.472222328186035,9.083333015441895,9.472222328186035,9.097222328186035,2056500.0,7.4809956550598145
1997-12-19,8.88888931274414,8.402777671813965,8.847222328186035,8.847222328186035,5666700.0,7.275409698486328
1997-12-22,9.166666984558105,8.69444465637207,8.875,8.875,2079000.0,7.298251152038574
1997-12-23,8.88888931274414,8.625,8.88888931274414,8.69444465637207,2055600.0,7.149774551391602
1997-12-24,8.666666984558105,8.416666984558105,8.666666984558105,8.416666984558105,1432200.0,6.921345233917236
1997-12-26,8.527777671813965,8.347222328186035,8.44444465637207,8.44444465637207,1332000.0,6.944188117980957
1997-12-29,8.88888931274414,8.583333015441895,8.61111068725586,8.847222328186035,1921500.0,7.275409698486328
1997-12-30,9.097222328186035,8.86111068725586,8.93055534362793,9.083333015441895,1443900.0,7.469568729400635
1997-12-31,9.61111068725586,9.06944465637207,9.166666984558105,9.31944465637207,2761200.0,7.66373348236084
1998-01-02,9.11111068725586,8.847222328186035,8.916666984558105,8.94444465637207,2741700.0,7.355359077453613
1998-01-05,9.208333015441895,8.916666984558105,8.94444465637207,8.98611068725586,3826800.0,7.389623165130615
1998-01-06,8.88888931274414,8.75,8.777777671813965,8.88888931274414,2424900.0,7.309671878814697
1998-01-07,8.86111068725586,8.69444465637207,8.833333015441895,8.791666984558105,2030700.0,7.229723930358887
1998-01-08,8.833333015441895,8.583333015441895,8.69444465637207,8.63888931274414,1621800.0,7.104088306427002
1998-01-09,8.63888931274414,7.75,8.63888931274414,8.0,4158300.0,6.578702926635742
1998-01-12,8.152777671813965,7.666666507720947,7.777777671813965,8.152777671813965,4735200.0,6.704340934753418
1998-01-13,8.666666984558105,8.208333015441895,8.208333015441895,8.666666984558105,3224700.0,7.1269307136535645
1998-01-14,8.69444465637207,8.208333015441895,8.666666984558105,8.48611068725586,3105000.0,6.978450298309326
1998-01-15,8.38888931274414,8.0,8.38888931274414,8.0,4561200.0,6.578702926635742
1998-01-16,8.13888931274414,7.902777671813965,8.0,8.083333015441895,7377600.0,6.64723539352417
1998-01-20,8.166666984558105,7.916666507720947,8.13888931274414,8.11111068725586,4453200.0,6.670076370239258
1998-01-21,8.083333015441895,7.888888835906982,8.027777671813965,8.01388931274414,3302100.0,6.590126037597656
1998-01-22,7.94444465637207,7.722222328186035,7.902777671813965,7.75,2397900.0,6.373121738433838
1998-01-23,7.777777671813965,7.583333492279053,7.722222328186035,7.68055534362793,1757700.0,6.316012859344482
1998-01-26,7.791666507720947,7.652777671813965,7.736111164093018,7.722222328186035,1827000.0,6.350277423858643
1998-01-27,7.833333492279053,7.611111164093018,7.638888835906982,7.75,3734100.0,6.373121738433838
1998-01-28,8.166666984558105,7.75,7.777777671813965,8.13888931274414,4878900.0,6.6929192543029785
1998-01-29,8.347222328186035,8.13888931274414,8.166666984558105,8.19444465637207,2854200.0,6.73860502243042
1998-01-30,8.375,8.06944465637207,8.23611068725586,8.11111068725586,1742400.0,6.670076370239258
1998-02-02,8.527777671813965,8.19444465637207,8.19444465637207,8.38888931274414,3945000.0,6.898502349853516
1998-02-03,8.402777671813965,8.277777671813965,8.402777671813965,8.333333015441895,2172900.0,6.852817535400391
1998-02-04,8.541666984558105,8.26388931274414,8.333333015441895,8.5,2477700.0,6.989876747131348
1998-02-05,8.61111068725586,8.26388931274414,8.55555534362793,8.26388931274414,1838100.0,6.795711517333984
1998-02-06,8.541666984558105,8.25,8.26388931274414,8.30555534362793,2826000.0,6.82997465133667
1998-02-09,8.458333015441895,8.347222328186035,8.458333015441895,8.36111068725586,1623600.0,6.875658988952637
1998-02-10,8.61111068725586,8.347222328186035,8.347222328186035,8.583333015441895,2602800.0,7.058402061462402
1998-02-11,8.61111068725586,8.458333015441895,8.51388931274414,8.583333015441895,2200800.0,7.091492176055908
1998-02-12,8.86111068725586,8.527777671813965,8.61111068725586,8.833333015441895,2716500.0,7.298038959503174
1998-02-13,8.81944465637207,8.69444465637207,8.791666984558105,8.73611068725586,2270700.0,7.217715263366699
1998-02-17,8.81944465637207,8.541666984558105,8.76388931274414,8.652777671813965,1940700.0,7.148865222930908
1998-02-18,8.76388931274414,8.61111068725586,8.666666984558105,8.73611068725586,1220700.0,7.217715263366699
1998-02-19,8.833333015441895,8.56944465637207,8.68055534362793,8.80555534362793,1561800.0,7.275086879730225
1998-02-20,8.81944465637207,8.63888931274414,8.81944465637207,8.708333015441895,2039700.0,7.19476318359375
1998-02-23,8.76388931274414,8.583333015441895,8.76388931274414,8.722222328186035,2097000.0,7.206239223480225
1998-02-24,8.652777671813965,8.527777671813965,8.55555534362793,8.583333015441895,2027100.0,7.091492176055908
1998-02-25,8.68055534362793,8.5,8.56944465637207,8.5,2648100.0,7.022643566131592
1998-02-26,8.55555534362793,8.347222328186035,8.44444465637207,8.43055534362793,2665800.0,6.965268611907959
1998-02-27,8.583333015441895,8.31944465637207,8.31944465637207,8.38888931274414,3398700.0,6.93084192276001
1998-03-02,8.541666984558105,8.31944465637207,8.402777671813965,8.416666984558105,5143800.0,6.953791618347168
1998-03-03,8.51388931274414,8.38888931274414,8.416666984558105,8.44444465637207,3132900.0,6.976741790771484
1998-03-04,8.43055534362793,8.277777671813965,8.416666984558105,8.31944465637207,2756100.0,6.873469352722168
1998-03-05,8.31944465637207,8.13888931274414,8.26388931274414,8.18055534362793,2591400.0,6.7587199211120605
1998-03-06,8.472222328186035,8.19444465637207,8.19444465637207,8.472222328186035,2769300.0,6.999695777893066
1998-03-09,8.583333015441895,8.43055534362793,8.527777671813965,8.43055534362793,1599300.0,6.965268611907959
1998-03-10,8.527777671813965,8.375,8.48611068725586,8.43055534362793,1753200.0,6.965268611907959
1998-03-11,8.777777671813965,8.527777671813965,8.541666984558105,8.708333015441895,2068200.0,7.19476318359375
1998-03-12,8.847222328186035,8.666666984558105,8.847222328186035,8.708333015441895,2899200.0,7.19476318359375
1998-03-13,8.875,8.73611068725586,8.76388931274414,8.73611068725586,2254500.0,7.217715263366699
1998-03-16,8.94444465637207,8.75,8.75,8.88888931274414,2052900.0,7.343936443328857
1998-03-17,9.027777671813965,8.833333015441895,8.88888931274414,8.98611068725586,2640000.0,7.424264430999756
1998-03-18,9.31944465637207,8.958333015441895,9.01388931274414,9.23611068725586,3301500.0,7.630814075469971
1998-03-19,9.291666984558105,9.01388931274414,9.291666984558105,9.13888931274414,1822800.0,7.550487518310547
1998-03-20,9.23611068725586,9.097222328186035,9.18055534362793,9.097222328186035,1967700.0,7.51606559753418
1998-03-23,9.11111068725586,8.80555534362793,8.88888931274414,8.875,4239900.0,7.3324666023254395
1998-03-24,9.05555534362793,8.88888931274414,8.88888931274414,9.01388931274414,2103300.0,7.447216033935547
1998-03-25,9.13888931274414,8.75,9.083333015441895,8.81944465637207,2541600.0,7.286561489105225
1998-03-26,8.833333015441895,8.527777671813965,8.76388931274414,8.56944465637207,3827700.0,7.080015659332275
1998-03-27,8.73611068725586,8.472222328186035,8.68055534362793,8.472222328186035,2545200.0,6.999695777893066
1998-03-30,8.472222328186035,8.222222328186035,8.416666984558105,8.23611068725586,2581200.0,6.804616451263428
1998-03-31,8.472222328186035,8.23611068725586,8.23611068725586,8.44444465637207,4681200.0,6.976741790771484
1998-04-01,8.51388931274414,8.25,8.5,8.347222328186035,2904300.0,6.896418571472168
1998-04-02,8.43055534362793,8.25,8.31944465637207,8.277777671813965,3017100.0,6.83904504776001
1998-04-03,8.416666984558105,8.18055534362793,8.31944465637207,8.23611068725586,6933600.0,6.804616451263428
1998-04-06,8.958333015441895,8.541666984558105,8.55555534362793,8.80555534362793,10557300.0,7.275086879730225
1998-04-07,8.80555534362793,8.38888931274414,8.80555534362793,8.51388931274414,7968900.0,7.034114837646484
1998-04-08,8.63888931274414,8.43055534362793,8.458333015441895,8.63888931274414,4180500.0,7.137392044067383
1998-04-09,8.93055534362793,8.69444465637207,8.722222328186035,8.875,3105900.0,7.3324666023254395
1998-04-13,8.94444465637207,8.777777671813965,8.833333015441895,8.88888931274414,2807400.0,7.343936443328857
1998-04-14,8.98611068725586,8.833333015441895,8.88888931274414,8.875,2513100.0,7.3324666023254395
1998-04-15,8.68055534362793,8.041666984558105,8.5,8.11111068725586,9884700.0,6.701342582702637
1998-04-16,8.208333015441895,7.68055534362793,8.166666984558105,7.875,8904600.0,6.5062689781188965
1998-04-17,7.93055534362793,7.736111164093018,7.777777671813965,7.777777671813965,7631400.0,6.4259490966796875
1998-04-20,7.94444465637207,7.611111164093018,7.888888835906982,7.652777671813965,5699700.0,6.322671413421631
1998-04-21,7.638888835906982,7.44444465637207,7.583333492279053,7.5,6677400.0,6.196447372436523
1998-04-22,8.027777671813965,7.791666507720947,7.916666507720947,7.972222328186035,7526100.0,6.586597442626953
1998-04-23,8.06944465637207,7.56944465637207,7.94444465637207,7.56944465637207,5137200.0,6.253823757171631
1998-04-24,7.777777671813965,7.611111164093018,7.666666507720947,7.652777671813965,3609000.0,6.322671413421631
1998-04-27,7.56944465637207,7.277777671813965,7.55555534362793,7.361111164093018,4165200.0,6.081700801849365
1998-04-28,7.56944465637207,7.30555534362793,7.361111164093018,7.347222328186035,4459500.0,6.070225238800049
1998-04-29,7.5,7.375,7.44444465637207,7.388888835906982,3125700.0,6.104647636413574
1998-04-30,7.972222328186035,7.5,7.5,7.777777671813965,7164300.0,6.4259490966796875
1998-05-01,7.94444465637207,7.791666507720947,7.833333492279053,7.902777671813965,2684700.0,6.529222011566162
1998-05-04,7.916666507720947,7.777777671813965,7.875,7.875,3744300.0,6.5062689781188965
1998-05-05,8.0,7.791666507720947,7.986111164093018,7.861111164093018,3514500.0,6.49479341506958
1998-05-06,7.888888835906982,7.458333492279053,7.80555534362793,7.486111164093018,2719800.0,6.18497371673584
1998-05-07,7.55555534362793,7.361111164093018,7.486111164093018,7.458333492279053,4034100.0,6.162024974822998
1998-05-08,7.833333492279053,7.513888835906982,7.513888835906982,7.80555534362793,5166900.0,6.448899269104004
1998-05-11,7.847222328186035,7.638888835906982,7.722222328186035,7.708333492279053,2547900.0,6.401416778564453
1998-05-12,7.75,7.611111164093018,7.68055534362793,7.75,2871900.0,6.436021327972412
1998-05-13,8.0,7.736111164093018,7.736111164093018,7.972222328186035,5700600.0,6.6205668449401855
1998-05-14,8.097222328186035,7.861111164093018,7.986111164093018,8.06944465637207,4827000.0,6.701303005218506
1998-05-15,8.38888931274414,8.06944465637207,8.097222328186035,8.097222328186035,5065500.0,6.724371433258057
1998-05-18,8.097222328186035,7.94444465637207,8.05555534362793,8.01388931274414,3039300.0,6.655168533325195
1998-05-19,8.05555534362793,7.847222328186035,7.986111164093018,7.875,3253500.0,6.539825439453125
1998-05-20,8.01388931274414,7.722222328186035,7.888888835906982,7.833333492279053,6950700.0,6.505222320556641
1998-05-21,7.847222328186035,7.722222328186035,7.833333492279053,7.777777671813965,4037400.0,6.45908784866333
1998-05-22,7.763888835906982,7.55555534362793,7.736111164093018,7.652777671813965,1938900.0,6.355278015136719
1998-05-26,7.736111164093018,7.486111164093018,7.708333492279053,7.486111164093018,1374300.0,6.216872692108154
1998-05-27,7.416666507720947,7.111111164093018,7.388888835906982,7.263888835906982,3975300.0,6.032327175140381
1998-05-28,7.416666507720947,7.277777671813965,7.30555534362793,7.375,2179800.0,6.124599456787109
1998-05-29,7.541666507720947,7.333333492279053,7.388888835906982,7.375,3193200.0,6.124599456787109
1998-06-01,7.402777671813965,7.18055534362793,7.333333492279053,7.375,2874600.0,6.124599456787109
1998-06-02,7.597222328186035,7.361111164093018,7.597222328186035,7.402777671813965,3517200.0,6.147665023803711
1998-06-03,7.583333492279053,7.347222328186035,7.458333492279053,7.361111164093018,2541600.0,6.113067150115967
1998-06-04,7.583333492279053,7.31944465637207,7.347222328186035,7.541666507720947,2656200.0,6.263007164001465
1998-06-05,7.652777671813965,7.5,7.597222328186035,7.638888835906982,1116000.0,6.343747138977051
1998-06-08,7.93055534362793,7.55555534362793,7.652777671813965,7.875,4006200.0,6.539825439453125
1998-06-09,7.972222328186035,7.777777671813965,7.861111164093018,7.902777671813965,2042400.0,6.562893867492676
1998-06-10,8.01388931274414,7.861111164093018,7.94444465637207,7.888888835906982,1712100.0,6.551360607147217
1998-06-11,7.93055534362793,7.638888835906982,7.875,7.638888835906982,2838000.0,6.343747138977051
1998-06-12,7.638888835906982,7.277777671813965,7.625,7.333333492279053,4857600.0,6.089996814727783
1998-06-15,7.30555534362793,6.916666507720947,7.19444465637207,6.972222328186035,5623200.0,5.790110111236572
1998-06-16,7.111111164093018,6.81944465637207,6.986111164093018,6.93055534362793,4606500.0,5.755507946014404
1998-06-17,7.19444465637207,6.875,6.875,7.097222328186035,4185300.0,5.893918514251709
1998-06-18,7.222222328186035,6.986111164093018,7.05555534362793,6.986111164093018,2137500.0,5.801645755767822
1998-06-19,7.111111164093018,6.80555534362793,7.013888835906982,6.80555534362793,2925000.0,5.651700973510742
1998-06-22,7.0,6.81944465637207,6.81944465637207,6.861111164093018,1953900.0,5.69783878326416
1998-06-23,6.847222328186035,6.625,6.75,6.666666507720947,7861500.0,5.5363593101501465
1998-06-24,6.708333492279053,6.625,6.652777671813965,6.638888835906982,5218200.0,5.51329231262207
1998-06-25,6.652777671813965,6.56944465637207,6.611111164093018,6.583333492279053,4786500.0,5.467155933380127
1998-06-26,6.80555534362793,6.55555534362793,6.611111164093018,6.708333492279053,3495900.0,5.57096004486084
1998-06-29,7.152777671813965,6.833333492279053,6.833333492279053,7.041666507720947,3521100.0,5.847779750823975
1998-06-30,7.31944465637207,7.041666507720947,7.05555534362793,7.25,5912400.0,6.0207905769348145
1998-07-01,7.80555534362793,7.416666507720947,7.44444465637207,7.722222328186035,8463900.0,6.412951946258545
1998-07-02,7.847222328186035,7.708333492279053,7.80555534362793,7.80555534362793,3771300.0,6.482156753540039
1998-07-06,7.986111164093018,7.736111164093018,7.986111164093018,7.791666507720947,4216500.0,6.470621585845947
1998-07-07,7.94444465637207,7.791666507720947,7.833333492279053,7.916666507720947,3236700.0,6.574429512023926
1998-07-08,8.19444465637207,7.875,7.875,8.13888931274414,4467600.0,6.758975505828857
1998-07-09,8.19444465637207,7.833333492279053,8.152777671813965,7.902777671813965,3360000.0,6.562893867492676
1998-07-10,8.097222328186035,7.736111164093018,7.972222328186035,8.06944465637207,4437300.0,6.701303005218506
1998-07-13,8.097222328186035,7.916666507720947,8.097222328186035,8.027777671813965,2248200.0,6.666701793670654
1998-07-14,8.0,7.861111164093018,7.861111164093018,7.916666507720947,2474400.0,6.574429512023926
1998-07-15,7.888888835906982,7.75,7.888888835906982,7.80555534362793,2826900.0,6.482156753540039
1998-07-16,8.19444465637207,7.777777671813965,7.81944465637207,8.18055534362793,3932100.0,6.793576717376709
1998-07-17,9.666666984558105,8.23611068725586,8.30555534362793,9.166666984558105,16553700.0,7.6124982833862305
1998-07-20,10.222222328186035,8.972222328186035,9.027777671813965,9.36111068725586,14982600.0,7.77397346496582
1998-07-21,9.44444465637207,9.19444465637207,9.30555534362793,9.416666984558105,7175100.0,7.8201093673706055
1998-07-22,9.86111068725586,9.166666984558105,9.333333015441895,9.527777671813965,5246100.0,7.912378787994385
1998-07-23,9.30555534362793,8.722222328186035,9.222222328186035,8.722222328186035,4503600.0,7.243404865264893
1998-07-24,8.98611068725586,8.583333015441895,8.722222328186035,8.93055534362793,3133200.0,7.4164137840271
1998-07-27,9.01388931274414,8.472222328186035,8.80555534362793,9.0,3944100.0,7.474085807800293
1998-07-28,8.94444465637207,8.458333015441895,8.94444465637207,8.5,2851500.0,7.058863639831543
1998-07-29,8.722222328186035,8.36111068725586,8.55555534362793,8.416666984558105,2587800.0,6.989655494689941
1998-07-30,8.55555534362793,8.375,8.472222328186035,8.43055534362793,2264700.0,7.001189231872559
1998-07-31,8.51388931274414,8.291666984558105,8.48611068725586,8.333333015441895,2310600.0,6.920452117919922
1998-08-03,8.347222328186035,8.01388931274414,8.333333015441895,8.23611068725586,2783100.0,6.839712142944336
1998-08-04,8.472222328186035,7.80555534362793,8.38888931274414,7.81944465637207,4124700.0,6.493690490722656
1998-08-05,7.972222328186035,7.666666507720947,7.81944465637207,7.80555534362793,3681300.0,6.482156753540039
1998-08-06,8.375,7.777777671813965,7.777777671813965,8.31944465637207,2853000.0,6.908916473388672
1998-08-07,8.791666984558105,8.23611068725586,8.31944465637207,8.541666984558105,2795400.0,7.0934624671936035
1998-08-10,8.43055534362793,8.0,8.416666984558105,8.01388931274414,2735100.0,6.655168533325195
1998-08-11,7.93055534362793,7.666666507720947,7.847222328186035,7.875,2937600.0,6.572673320770264
1998-08-12,8.208333015441895,7.958333492279053,7.986111164093018,8.097222328186035,1835100.0,6.758144855499268
1998-08-13,8.31944465637207,8.041666984558105,8.222222328186035,8.097222328186035,2852400.0,6.758144855499268
1998-08-14,8.19444465637207,7.68055534362793,8.083333015441895,7.791666507720947,3399300.0,6.503121376037598
1998-08-17,8.333333015441895,7.666666507720947,7.777777671813965,8.277777671813965,3560400.0,6.908843517303467
1998-08-18,8.583333015441895,8.18055534362793,8.333333015441895,8.56944465637207,2560800.0,7.152274131774902
1998-08-19,8.652777671813965,8.097222328186035,8.55555534362793,8.097222328186035,2516700.0,6.758144855499268
1998-08-20,8.125,7.972222328186035,8.097222328186035,8.01388931274414,2115900.0,6.688594341278076
1998-08-21,7.888888835906982,7.652777671813965,7.888888835906982,7.80555534362793,2654100.0,6.514714241027832
1998-08-24,8.166666984558105,7.791666507720947,7.916666507720947,7.958333492279053,1951500.0,6.642225742340088
1998-08-25,8.25,7.986111164093018,8.0,8.222222328186035,2713800.0,6.86247444152832
1998-08-26,8.222222328186035,7.972222328186035,8.166666984558105,7.986111164093018,3744900.0,6.66541051864624
1998-08-27,7.902777671813965,7.208333492279053,7.888888835906982,7.25,4718100.0,6.051031112670898
1998-08-28,7.43055534362793,6.94444465637207,7.333333492279053,7.138888835906982,4749300.0,5.958295822143555
1998-08-31,7.236111164093018,6.583333492279053,7.125,6.638888835906982,6255000.0,5.540984630584717
1998-09-01,6.875,6.166666507720947,6.638888835906982,6.75,8408700.0,5.633720397949219
1998-09-02,7.486111164093018,6.80555534362793,6.875,6.94444465637207,5257200.0,5.796008586883545
1998-09-03,6.972222328186035,6.472222328186035,6.55555534362793,6.833333492279053,3890700.0,5.703272819519043
1998-09-04,6.972222328186035,6.652777671813965,6.833333492279053,6.791666507720947,3724500.0,5.668496608734131
1998-09-08,7.722222328186035,7.222222328186035,7.222222328186035,7.625,3805200.0,6.364017963409424
1998-09-09,7.611111164093018,7.333333492279053,7.5,7.583333492279053,3830700.0,6.3292412757873535
1998-09-10,7.375,7.013888835906982,7.361111164093018,7.19444465637207,4637700.0,6.004664421081543
1998-09-11,7.55555534362793,6.902777671813965,7.05555534362793,7.55555534362793,2711700.0,6.306057453155518
1998-09-14,7.93055534362793,7.611111164093018,7.611111164093018,7.833333492279053,2966400.0,6.537895202636719
1998-09-15,8.291666984558105,7.722222328186035,7.777777671813965,8.26388931274414,3661500.0,6.897249698638916
1998-09-16,9.06944465637207,8.625,8.666666984558105,9.01388931274414,9591300.0,7.523221015930176
1998-09-17,8.777777671813965,8.347222328186035,8.5,8.73611068725586,4192500.0,7.291378498077393
1998-09-18,8.94444465637207,8.666666984558105,8.847222328186035,8.93055534362793,6317400.0,7.453663349151611
1998-09-21,8.75,8.152777671813965,8.5,8.68055534362793,4551300.0,7.245009422302246
1998-09-22,9.041666984558105,8.777777671813965,8.791666984558105,9.01388931274414,4361700.0,7.523221015930176
1998-09-23,9.583333015441895,8.958333015441895,9.041666984558105,9.583333015441895,4607400.0,7.99849271774292
1998-09-24,9.55555534362793,8.722222328186035,9.38888931274414,8.902777671813965,4905300.0,7.43048620223999
1998-09-25,9.097222328186035,8.625,8.86111068725586,9.041666984558105,2731500.0,7.546406269073486
1998-09-28,9.55555534362793,9.097222328186035,9.097222328186035,9.222222328186035,4674000.0,7.6970977783203125
1998-09-29,9.31944465637207,9.01388931274414,9.222222328186035,9.027777671813965,2564400.0,7.534809112548828
1998-09-30,9.0,8.61111068725586,8.94444465637207,8.75,3603600.0,7.3029704093933105
1998-10-01,8.597222328186035,8.06944465637207,8.583333015441895,8.125,6218100.0,6.781329154968262
1998-10-02,8.833333015441895,8.01388931274414,8.11111068725586,8.722222328186035,4062600.0,7.279785633087158
1998-10-05,8.722222328186035,7.958333492279053,8.722222328186035,8.125,5245200.0,6.781329154968262
1998-10-06,8.472222328186035,8.06944465637207,8.333333015441895,8.222222328186035,5332800.0,6.86247444152832
1998-10-07,8.347222328186035,7.722222328186035,8.222222328186035,7.791666507720947,5794200.0,6.503121376037598
1998-10-08,7.763888835906982,7.027777671813965,7.666666507720947,7.722222328186035,10701300.0,6.445162296295166
1998-10-09,8.63888931274414,7.81944465637207,7.81944465637207,8.63888931274414,6699600.0,7.210235118865967
1998-10-12,9.43055534362793,8.86111068725586,8.94444465637207,8.875,8319000.0,7.4073004722595215
1998-10-13,9.55555534362793,8.777777671813965,8.88888931274414,9.291666984558105,5556000.0,7.755061149597168
1998-10-14,9.69444465637207,9.208333015441895,9.291666984558105,9.458333015441895,6060600.0,7.894159317016602
1998-10-15,9.86111068725586,8.80555534362793,9.30555534362793,9.777777671813965,11341800.0,8.160780906677246
1998-10-16,10.26388931274414,9.777777671813965,9.98611068725586,10.152777671813965,15813300.0,8.473763465881348
1998-10-19,10.277777671813965,9.69444465637207,9.847222328186035,10.166666984558105,11505900.0,8.485358238220215
1998-10-20,10.43055534362793,9.73611068725586,10.208333015441895,9.88888931274414,10683300.0,8.25351619720459
1998-10-21,9.88888931274414,9.291666984558105,9.88888931274414,9.38888931274414,7932600.0,7.8362040519714355
1998-10-22,9.875,9.166666984558105,9.416666984558105,9.777777671813965,4165200.0,8.160780906677246
1998-10-23,10.222222328186035,9.88888931274414,9.88888931274414,10.083333015441895,5126700.0,8.415803909301758
1998-10-26,10.0,9.791666984558105,10.0,9.875,2959200.0,8.241927146911621
1998-10-27,9.88888931274414,9.30555534362793,9.833333015441895,9.375,4535400.0,7.824605941772461
1998-10-28,9.833333015441895,9.347222328186035,9.375,9.791666984558105,4216800.0,8.172370910644531
1998-10-29,10.05555534362793,9.708333015441895,9.777777671813965,9.81944465637207,4258800.0,8.195558547973633
1998-10-30,10.666666984558105,9.972222328186035,10.0,10.666666984558105,6181200.0,8.902671813964844
1998-11-02,11.222222328186035,10.88888931274414,11.083333015441895,10.93055534362793,8520600.0,9.122917175292969
1998-11-03,11.152777671813965,10.88888931274414,10.88888931274414,10.958333015441895,3369000.0,9.146098136901855
1998-11-04,11.958333015441895,11.125,11.18055534362793,11.94444465637207,8826300.0,9.969136238098145
1998-11-05,13.0,11.69444465637207,11.93055534362793,12.972222328186035,11530800.0,10.826947212219238
1998-11-06,12.833333015441895,12.0,12.777777671813965,12.01388931274414,9555600.0,10.027094841003418
1998-11-09,12.097222328186035,11.652777671813965,12.027777671813965,11.777777671813965,3936000.0,9.830028533935547
1998-11-10,11.69444465637207,11.36111068725586,11.583333015441895,11.402777671813965,3978000.0,9.550985336303711
1998-11-11,11.69444465637207,11.027777671813965,11.5,11.041666984558105,3336600.0,9.248515129089355
1998-11-12,11.18055534362793,10.88888931274414,11.041666984558105,11.027777671813965,5341500.0,9.2368803024292
1998-11-13,12.166666984558105,11.05555534362793,11.083333015441895,12.11111068725586,4576800.0,10.144283294677734
1998-11-16,12.652777671813965,11.68055534362793,12.19444465637207,11.902777671813965,8094000.0,9.969783782958984
1998-11-17,12.19444465637207,11.583333015441895,11.902777671813965,11.958333015441895,5938200.0,10.016318321228027
1998-11-18,12.027777671813965,11.55555534362793,12.0,11.56944465637207,3456300.0,9.690583229064941
1998-11-19,11.958333015441895,11.68055534362793,11.81944465637207,11.76388931274414,2633700.0,9.853450775146484
1998-11-20,12.347222328186035,11.75,12.05555534362793,11.777777671813965,4053900.0,9.865082740783691
1998-11-23,13.166666984558105,12.06944465637207,12.166666984558105,13.152777671813965,6234300.0,11.016782760620117
1998-11-24,13.416666984558105,12.791666984558105,13.166666984558105,12.80555534362793,4631400.0,10.7259521484375
1998-11-25,12.88888931274414,12.44444465637207,12.86111068725586,12.5,2419200.0,10.470019340515137
1998-11-27,13.291666984558105,12.61111068725586,12.61111068725586,13.11111068725586,2731800.0,10.981887817382812
1998-11-30,13.527777671813965,12.527777671813965,13.30555534362793,12.527777671813965,6038100.0,10.493285179138184
1998-12-01,12.166666984558105,11.777777671813965,11.777777671813965,12.0,6267000.0,10.051223754882812
1998-12-02,12.75,12.13888931274414,12.222222328186035,12.55555534362793,4890900.0,10.516551971435547
1998-12-03,12.61111068725586,12.05555534362793,12.61111068725586,12.06944465637207,3241800.0,10.10938549041748
1998-12-04,12.55555534362793,12.18055534362793,12.333333015441895,12.416666984558105,3182700.0,10.400219917297363
1998-12-07,12.69444465637207,12.402777671813965,12.44444465637207,12.48611068725586,2333100.0,10.458385467529297
1998-12-08,12.652777671813965,12.347222328186035,12.48611068725586,12.61111068725586,4571100.0,10.56308650970459
1998-12-09,12.68055534362793,12.25,12.583333015441895,12.51388931274414,4052700.0,10.481650352478027
1998-12-10,12.666666984558105,12.375,12.666666984558105,12.51388931274414,3459900.0,10.481650352478027
1998-12-11,13.19444465637207,12.291666984558105,12.527777671813965,13.13888931274414,8878500.0,11.005154609680176
1998-12-14,14.5625,13.0,13.125,13.854166984558105,10238400.0,11.604270935058594
1998-12-15,14.041666984558105,13.166666984558105,14.0,13.833333015441895,5059800.0,11.586820602416992
1998-12-16,13.875,13.354166984558105,13.875,13.5625,2113500.0,11.359968185424805
1998-12-17,14.729166984558105,13.791666984558105,14.125,14.583333015441895,4335600.0,12.215024948120117
1998-12-18,14.8125,14.104166984558105,14.333333015441895,14.791666984558105,4586400.0,12.389522552490234
1998-12-21,18.4375,15.125,15.25,17.22916603088379,8902200.0,14.431175231933594
1998-12-22,18.64583396911621,17.0,17.83333396911621,18.47916603088379,9653700.0,15.478182792663574
1998-12-23,19.47916603088379,18.375,18.95833396911621,19.27083396911621,9306900.0,16.14127540588379
1998-12-24,20.27083396911621,18.79166603088379,19.22916603088379,20.125,3570900.0,16.856739044189453
1998-12-28,22.83333396911621,20.29166603088379,20.39583396911621,21.20833396911621,10118400.0,17.764123916625977
1998-12-29,21.20833396911621,19.41666603088379,21.20833396911621,19.8125,12235200.0,16.594982147216797
1998-12-30,19.8125,18.33333396911621,19.8125,18.79166603088379,7180200.0,15.739921569824219
1998-12-31,19.52083396911621,18.41666603088379,18.6875,18.72916603088379,4955700.0,15.687575340270996
1999-01-04,19.95833396911621,18.0,18.75,18.33333396911621,8220000.0,15.356035232543945
1999-01-05,18.3125,16.95833396911621,17.58333396911621,18.08333396911621,9488400.0,15.146627426147461
1999-01-06,19.79166603088379,18.66666603088379,18.66666603088379,19.625,7461600.0,16.437931060791016
1999-01-07,19.41666603088379,19.0,19.08333396911621,19.33333396911621,7049400.0,16.19363021850586
1999-01-08,20.29166603088379,19.27083396911621,19.64583396911621,20.29166603088379,6481200.0,16.99632453918457
1999-01-11,21.3125,20.5,20.66666603088379,20.97916603088379,7276200.0,17.572189331054688
1999-01-12,20.83333396911621,20.1875,20.8125,20.20833396911621,7343400.0,16.926538467407227
1999-01-13,19.375,18.08333396911621,18.16666603088379,18.83333396911621,8399400.0,15.774831771850586
1999-01-14,19.4375,18.125,19.16666603088379,18.27083396911621,4178100.0,15.303679466247559
1999-01-15,19.97916603088379,18.5,18.625,19.91666603088379,4665000.0,16.682239532470703
1999-01-19,21.0,19.41666603088379,21.0,20.20833396911621,8011500.0,16.926538467407227
1999-01-20,21.83333396911621,20.83333396911621,21.16666603088379,21.29166603088379,8303100.0,17.83393096923828
1999-01-21,21.02083396911621,19.16666603088379,21.0,19.875,7797000.0,16.647335052490234
1999-01-22,19.52083396911621,18.85416603088379,19.375,19.16666603088379,6578700.0,16.05403709411621
1999-01-25,19.83333396911621,19.10416603088379,19.47916603088379,19.66666603088379,5218800.0,16.472822189331055
1999-01-26,21.45833396911621,19.89583396911621,19.95833396911621,21.33333396911621,6249000.0,17.86883544921875
1999-01-27,23.0,21.25,21.29166603088379,22.79166603088379,9739800.0,19.090341567993164
1999-01-28,23.60416603088379,22.52083396911621,22.89583396911621,23.0625,8224500.0,19.317190170288086
1999-01-29,23.8125,22.85416603088379,23.25,23.4375,6318300.0,19.631277084350586
1999-02-01,24.04166603088379,23.16666603088379,23.52083396911621,23.3125,6141000.0,19.52658462524414
1999-02-02,23.39583396911621,22.54166603088379,23.22916603088379,22.875,6204000.0,19.16014289855957
1999-02-03,23.0,22.29166603088379,22.85416603088379,22.66666603088379,4630800.0,18.985631942749023
1999-02-04,23.5,22.08333396911621,22.66666603088379,22.16666603088379,5466000.0,18.566831588745117
1999-02-05,22.54166603088379,21.3125,22.25,22.02083396911621,5810100.0,18.44469451904297
1999-02-08,22.64583396911621,21.125,22.625,21.83333396911621,3868800.0,18.28763771057129
1999-02-09,22.1875,20.9375,21.83333396911621,20.95833396911621,3825900.0,17.554729461669922
1999-02-10,21.375,20.22916603088379,20.9375,21.0,6539700.0,17.613080978393555
1999-02-11,22.91666603088379,21.10416603088379,21.125,22.33333396911621,6596400.0,18.731369018554688
1999-02-12,22.29166603088379,20.72916603088379,22.29166603088379,20.89583396911621,6502200.0,17.52570915222168
1999-02-16,22.125,21.66666603088379,21.66666603088379,22.125,4684200.0,18.55664825439453
1999-02-17,22.89583396911621,21.5,21.83333396911621,21.66666603088379,5910300.0,18.172222137451172
1999-02-18,22.5625,21.20833396911621,21.83333396911621,22.45833396911621,4402200.0,18.83620834350586
1999-02-19,23.33333396911621,22.33333396911621,22.45833396911621,23.02083396911621,5162400.0,19.307985305786133
1999-02-22,24.33333396911621,23.22916603088379,23.22916603088379,23.97916603088379,6729900.0,20.11176109313965
1999-02-23,24.97916603088379,23.9375,23.97916603088379,24.27083396911621,7673400.0,20.356382369995117
1999-02-24,24.97916603088379,22.85416603088379,24.33333396911621,23.0,7161900.0,19.290512084960938
1999-02-25,23.66666603088379,22.08333396911621,23.0,23.3125,7314000.0,19.552614212036133
1999-02-26,25.0,22.875,23.47916603088379,24.85416603088379,6430800.0,20.845651626586914
1999-03-01,24.75,23.85416603088379,24.66666603088379,24.22916603088379,6732000.0,20.321439743041992
1999-03-02,25.0,24.3125,24.5625,24.5625,4394400.0,20.60101318359375
1999-03-03,24.83333396911621,24.35416603088379,24.625,24.60416603088379,3912900.0,20.635953903198242
1999-03-04,25.97916603088379,24.70833396911621,24.70833396911621,25.97916603088379,5160600.0,21.789196014404297
1999-03-05,27.125,26.41666603088379,26.41666603088379,27.0,7495200.0,22.645383834838867
1999-03-08,26.95833396911621,26.25,26.91666603088379,26.625,3821100.0,22.330867767333984
1999-03-09,26.70833396911621,25.875,26.64583396911621,26.10416603088379,5303400.0,21.894025802612305
1999-03-10,27.27083396911621,26.375,26.75,27.0,3267900.0,22.645383834838867
1999-03-11,27.70833396911621,26.9375,27.125,27.66666603088379,4863300.0,23.204530715942383
1999-03-12,28.33333396911621,27.66666603088379,27.66666603088379,28.0,7882500.0,23.484100341796875
1999-03-15,29.3125,28.33333396911621,28.33333396911621,29.3125,9915000.0,24.584924697875977
1999-03-16,29.85416603088379,29.5,29.54166603088379,29.5,11265300.0,24.74217987060547
1999-03-17,29.625,28.14583396911621,29.625,28.8125,7438500.0,24.165557861328125
1999-03-18,30.27083396911621,28.85416603088379,28.875,29.89583396911621,9904500.0,25.074176788330078
1999-03-19,30.9375,29.52083396911621,30.29166603088379,29.875,9061200.0,25.056705474853516
1999-03-22,30.45833396911621,29.60416603088379,30.33333396911621,29.70833396911621,5169300.0,24.91691780090332
1999-03-23,29.8125,27.875,29.8125,28.33333396911621,7446900.0,23.76367950439453
1999-03-24,28.47916603088379,26.66666603088379,28.20833396911621,28.125,8930100.0,23.588947296142578
1999-03-25,30.16666603088379,28.125,28.125,30.16666603088379,5860500.0,25.301326751708984
1999-03-26,31.625,29.58333396911621,30.0,31.0,7973400.0,26.000255584716797
1999-03-29,32.45833206176758,31.45833396911621,31.45833396911621,31.95833396911621,7161900.0,26.804027557373047
1999-03-30,32.125,31.20833396911621,32.08333206176758,31.41666603088379,7677000.0,26.349720001220703
1999-03-31,32.66666793823242,31.79166603088379,31.83333396911621,32.04166793823242,6242400.0,26.873926162719727
1999-04-01,32.375,31.0625,32.33333206176758,31.41666603088379,5211600.0,26.349720001220703
1999-04-05,34.5,32.16666793823242,32.33333206176758,34.45833206176758,7448100.0,28.90082359313965
1999-04-06,37.79166793823242,34.70833206176758,35.0,35.75,12562500.0,29.984163284301758
1999-04-07,39.16666793823242,36.33333206176758,36.66666793823242,38.66666793823242,16415100.0,32.4304313659668
1999-04-08,39.97916793823242,37.83333206176758,38.72916793823242,39.5,12644100.0,33.12936782836914
1999-04-09,42.08333206176758,39.10416793823242,39.75,42.0,10904400.0,35.22616195678711
1999-04-12,45.0,40.33333206176758,41.0,45.0,20148300.0,37.74231719970703
1999-04-13,50.66666793823242,47.83333206176758,49.125,50.16666793823242,28456800.0,42.075687408447266
1999-04-14,51.66666793823242,45.14583206176758,51.0,46.08333206176758,28492200.0,38.65092468261719
1999-04-15,45.02083206176758,38.0,45.0,41.33333206176758,28948500.0,34.667022705078125
1999-04-16,41.29166793823242,38.25,41.1875,38.27083206176758,14324400.0,32.098453521728516
1999-04-19,38.08333206176758,31.95833396911621,38.04166793823242,34.0,29140500.0,28.51642417907715
1999-04-20,36.41666793823242,33.02083206176758,34.0,35.58333206176758,26322300.0,29.844398498535156
1999-04-21,39.33333206176758,36.16666793823242,36.625,39.33333206176758,14525700.0,32.989559173583984
1999-04-22,43.0,39.89583206176758,43.0,40.27083206176758,15757200.0,33.7758903503418
1999-04-23,40.83333206176758,39.0,40.83333206176758,40.22916793823242,9466800.0,33.74091720581055
1999-04-26,42.0,39.5,41.5625,39.72916793823242,9794400.0,33.32156753540039
1999-04-27,40.25,38.14583206176758,39.5,39.54166793823242,12163500.0,33.16432571411133
1999-04-28,39.3125,36.54166793823242,39.22916793823242,37.16666793823242,6676800.0,31.172365188598633
1999-04-29,38.14583206176758,36.0,37.04166793823242,36.70833206176758,9985500.0,30.78793716430664
1999-04-30,38.08333206176758,35.5,37.33333206176758,36.58333206176758,8675700.0,30.683103561401367
1999-05-03,36.58333206176758,35.1875,36.58333206176758,35.8125,5879700.0,30.03658676147461
1999-05-04,36.79166793823242,33.375,35.8125,33.91666793823242,10811100.0,28.446523666381836
1999-05-05,35.83333206176758,33.41666793823242,33.9375,35.83333206176758,14170800.0,30.05406951904297
1999-05-06,36.33333206176758,33.58333206176758,35.66666793823242,34.45833206176758,9627000.0,28.90082359313965
1999-05-07,35.41666793823242,33.66666793823242,34.52083206176758,34.60416793823242,9011400.0,29.023130416870117
1999-05-10,36.64583206176758,35.02083206176758,35.04166793823242,35.95833206176758,8581200.0,30.18323516845703
1999-05-11,39.20833206176758,36.5,38.10416793823242,38.75,10259700.0,32.52655029296875
1999-05-12,39.97916793823242,37.33333206176758,39.20833206176758,39.85416793823242,7617000.0,33.45338439941406
1999-05-13,40.25,38.45833206176758,40.04166793823242,39.0,6862200.0,32.73638916015625
1999-05-14,37.79166793823242,36.02083206176758,37.16666793823242,36.45833206176758,9126000.0,30.602937698364258
1999-05-17,38.33333206176758,35.02083206176758,36.02083206176758,38.0625,8766300.0,31.949459075927734
1999-05-18,40.0,38.33333206176758,38.91666793823242,39.25,9974100.0,32.946250915527344
1999-05-19,40.33333206176758,38.75,39.35416793823242,39.33333206176758,6987000.0,33.016178131103516
1999-05-20,39.97916793823242,38.83333206176758,39.33333206176758,38.91666793823242,5064600.0,32.66645431518555
1999-05-21,39.33333206176758,38.16666793823242,38.58333206176758,38.45833206176758,5856300.0,32.281734466552734
1999-05-24,38.39583206176758,35.33333206176758,38.39583206176758,35.45833206176758,8961300.0,29.763534545898438
1999-05-25,35.54166793823242,32.02083206176758,35.0,32.20833206176758,13262100.0,27.035499572753906
1999-05-26,36.5,32.20833206176758,32.20833206176758,36.25,16443000.0,30.428062438964844
1999-05-27,36.625,34.375,36.0,35.0,10467300.0,29.378812789916992
1999-05-28,35.91666793823242,34.58333206176758,35.08333206176758,35.16666793823242,5901900.0,29.518712997436523
1999-06-01,34.83333206176758,32.04166793823242,34.83333206176758,33.16666793823242,12431100.0,27.839916229248047
1999-06-02,33.79166793823242,30.41666603088379,32.64583206176758,32.04166793823242,16101600.0,26.895612716674805
1999-06-03,32.79166793823242,31.58333396911621,32.5625,32.04166793823242,8318100.0,26.895612716674805
1999-06-04,33.83333206176758,31.91666603088379,32.45833206176758,33.66666793823242,6366600.0,28.259620666503906
1999-06-07,36.0,33.6875,34.3125,35.64583206176758,7687200.0,29.920921325683594
1999-06-08,36.16666793823242,34.02083206176758,36.16666793823242,34.20833206176758,5954100.0,28.71430206298828
1999-06-09,35.0,33.1875,34.25,33.47916793823242,5847300.0,28.102235794067383
1999-06-10,33.3125,31.875,32.83333206176758,32.75,6409800.0,27.49018669128418
1999-06-11,33.45833206176758,31.35416603088379,32.83333206176758,31.41666603088379,9195600.0,26.370983123779297
1999-06-14,31.25,26.97916603088379,31.04166603088379,27.97916603088379,19027800.0,23.485563278198242
1999-06-15,29.10416603088379,26.66666603088379,27.91666603088379,27.125,17174100.0,22.76858139038086
1999-06-16,30.16666603088379,28.25,28.33333396911621,29.70833396911621,12068100.0,24.937023162841797
1999-06-17,30.8125,28.77083396911621,29.64583396911621,29.10416603088379,10910400.0,24.42987632751465
1999-06-18,30.0,28.91666603088379,29.33333396911621,30.0,5831100.0,25.181838989257812
1999-06-21,33.14583206176758,30.0,30.0625,32.75,10294200.0,27.49018669128418
1999-06-22,33.375,31.22916603088379,32.77083206176758,31.25,12039600.0,26.231081008911133
1999-06-23,32.47916793823242,30.52083396911621,30.83333396911621,32.375,8241000.0,27.175399780273438
1999-06-24,32.14583206176758,30.70833396911621,32.08333206176758,30.75,6057900.0,25.811382293701172
1999-06-25,31.75,29.375,31.33333396911621,29.83333396911621,7078200.0,25.04193878173828
1999-06-28,31.8125,29.58333396911621,29.83333396911621,31.60416603088379,7532700.0,26.528366088867188
1999-06-29,33.54166793823242,31.33333396911621,31.66666603088379,33.375,8937300.0,28.014802932739258
1999-06-30,36.625,31.83333396911621,33.125,36.33333206176758,17413200.0,30.49801254272461
1999-07-01,35.95833206176758,33.59373474121094,35.83333206176758,34.41666793823242,13016100.0,28.889175415039062
1999-07-02,34.79166793823242,33.70833206176758,34.66666793823242,34.66666793823242,4367800.0,29.099018096923828
1999-07-06,36.79166793823242,34.5,34.91666793823242,35.66666793823242,8220600.0,29.93841552734375
1999-07-07,35.83333206176758,34.83333206176758,35.66666793823242,35.33333206176758,6880600.0,29.658611297607422
1999-07-08,36.375,34.83333206176758,35.16666793823242,35.5,5022600.0,29.79852294921875
1999-07-09,36.33333206176758,35.54166793823242,36.16666793823242,36.08333206176758,3612300.0,30.288166046142578
1999-07-12,36.66666793823242,35.5,36.66666793823242,36.0,4224100.0,30.21820640563965
1999-07-13,35.54166793823242,34.0,35.25,35.33333206176758,4717300.0,29.658611297607422
1999-07-14,35.66666793823242,34.75,35.41666793823242,35.625,3194400.0,29.9034366607666
1999-07-15,37.66666793823242,35.79166793823242,35.95833206176758,36.91666793823242,6885900.0,30.987653732299805
1999-07-16,37.0,34.70833206176758,36.29166793823242,34.95833206176758,9010300.0,29.343849182128906
1999-07-19,34.95833206176758,32.66666793823242,34.95833206176758,33.0,8548900.0,27.700021743774414
1999-07-20,33.0,31.16666603088379,32.875,31.5,6846000.0,26.440935134887695
1999-07-21,32.33333206176758,30.375,31.33333396911621,31.5,4710400.0,26.440935134887695
1999-07-22,32.83333206176758,31.375,32.0,32.125,4144500.0,26.965551376342773
1999-07-23,32.41666793823242,30.70833396911621,32.04166793823242,31.16666603088379,3138600.0,26.161130905151367
1999-07-26,31.41666603088379,30.04166603088379,30.08333396911621,30.41666603088379,3194500.0,25.531591415405273
1999-07-27,31.375,30.16666603088379,30.91666603088379,30.375,4492900.0,25.49661636352539
1999-07-28,32.16666793823242,29.66666603088379,30.0,32.04166793823242,5787600.0,26.895612716674805
1999-07-29,31.45833396911621,30.0,30.83333396911621,30.572866439819336,5225100.0,25.662696838378906
1999-07-30,30.45833396911621,29.0,30.41666603088379,29.375,2895300.0,24.6572265625
1999-08-02,30.625,28.04166603088379,29.0,28.29166603088379,4663900.0,23.747875213623047
1999-08-03,28.04166603088379,24.33333396911621,28.0,25.16666603088379,15904800.0,21.124771118164062
1999-08-04,25.58333396911621,24.33333396911621,24.66666603088379,24.66666603088379,10246500.0,20.70506477355957
1999-08-05,27.83333396911621,23.5,25.16666603088379,27.83333396911621,11220300.0,23.3631591796875
1999-08-06,27.83333396911621,26.0,27.33333396911621,26.79166603088379,7698600.0,22.488786697387695
1999-08-09,27.25,25.66666603088379,26.91666603088379,25.91666603088379,6205800.0,21.754314422607422
1999-08-10,26.33333396911621,24.41666603088379,26.16666603088379,25.33333396911621,5979700.0,21.276123046875
1999-08-11,26.125,24.70833396911621,25.5,25.5,5857000.0,21.416086196899414
1999-08-12,28.33333396911621,25.70833396911621,25.95833396911621,27.33333396911621,7998000.0,22.955814361572266
1999-08-13,29.41666603088379,28.625,29.25,29.29166603088379,4231800.0,24.60051155090332
1999-08-16,29.5,28.0,29.45833396911621,28.70833396911621,3664600.0,24.110599517822266
1999-08-17,30.33333396911621,29.0,30.0,30.33333396911621,5784400.0,25.47535514831543
1999-08-18,29.41666603088379,28.375,29.16666603088379,29.04166603088379,8258700.0,24.390541076660156
1999-08-19,28.83333396911621,27.66666603088379,28.0,28.0,3797200.0,23.51570701599121
1999-08-20,28.625,27.83333396911621,27.875,28.45833396911621,3701500.0,23.900646209716797
1999-08-23,29.95833396911621,28.625,29.45833396911621,28.66666603088379,4747000.0,24.07560157775879
1999-08-24,28.75,27.16666603088379,28.75,27.54166603088379,6707100.0,23.13077163696289
1999-08-25,28.41666603088379,27.625,28.0,28.33333396911621,3781200.0,23.7956600189209
1999-08-26,30.0,28.66666603088379,29.0,28.75,6199900.0,24.145593643188477
1999-08-27,28.375,27.41666603088379,28.375,27.5,4770400.0,23.095792770385742
1999-08-30,27.125,25.5,27.08333396911621,25.5,5403900.0,21.416086196899414
1999-08-31,26.79166603088379,25.33333396911621,26.0,26.33333396911621,4549800.0,22.115968704223633
1999-09-01,26.91666603088379,25.54166603088379,26.66666603088379,26.04166603088379,3869800.0,21.871015548706055
1999-09-02,26.41666603088379,25.16666603088379,25.375,26.0,3435600.0,21.836015701293945
1999-09-03,28.08333396911621,26.91666603088379,27.29166603088379,27.75,4667800.0,23.30574607849121
1999-09-07,27.91666603088379,27.04166603088379,27.66666603088379,27.16666603088379,2725600.0,22.815839767456055
1999-09-08,26.875,25.83333396911621,26.0,25.875,4763500.0,21.731035232543945
1999-09-09,25.75,24.125,25.66666603088379,25.54166603088379,7830700.0,21.451080322265625
1999-09-10,26.45833396911621,25.125,26.41666603088379,25.33333396911621,4989400.0,21.276123046875
1999-09-13,25.16666603088379,24.41666603088379,25.16666603088379,24.58333396911621,4589400.0,20.646242141723633
1999-09-14,25.08333396911621,24.04166603088379,24.41666603088379,24.25,5315800.0,20.366281509399414
1999-09-15,25.29166603088379,24.04166603088379,24.20833396911621,24.29166603088379,6171900.0,20.401273727416992
1999-09-16,24.70833396911621,23.5,24.20833396911621,24.625,6128100.0,20.68121910095215
1999-09-17,25.33333396911621,24.04166603088379,25.29166603088379,24.125,5479200.0,20.26130485534668
1999-09-20,25.04166603088379,24.16666603088379,24.29166603088379,24.91666603088379,3365100.0,20.92618179321289
1999-09-21,25.25,24.0,24.58333396911621,24.0,3736500.0,20.156333923339844
1999-09-22,24.29166603088379,23.58333396911621,23.91666603088379,23.875,3990100.0,20.05133628845215
1999-09-23,24.375,23.54166603088379,23.875,23.625,7233900.0,19.841386795043945
1999-09-24,23.625,23.125,23.45833396911621,23.41666603088379,5748700.0,19.66640281677246
1999-09-27,23.83333396911621,22.08333396911621,23.5,22.41666603088379,6423000.0,18.82657241821289
1999-09-28,22.375,21.41666603088379,22.08333396911621,22.16666603088379,6362200.0,18.616607666015625
1999-09-29,24.08333396911621,21.75,22.16666603088379,23.08333396911621,9351300.0,19.3864688873291
1999-09-30,22.66666603088379,21.33333396911621,22.33333396911621,22.29166603088379,8594800.0,18.721595764160156
1999-10-01,22.5,21.33333396911621,22.16666603088379,21.70833396911621,5778600.0,18.231670379638672
1999-10-04,22.66666603088379,21.125,21.66666603088379,22.5,6801700.0,18.896556854248047
1999-10-05,23.95833396911621,22.04166603088379,22.33333396911621,22.66666603088379,8793400.0,19.03652572631836
1999-10-06,23.75,22.75,22.83333396911621,23.25,6985900.0,19.526437759399414
1999-10-07,24.91666603088379,23.375,23.375,23.83333396911621,9558900.0,20.0163516998291
1999-10-08,22.79166603088379,21.54166603088379,22.0,22.375,10222500.0,18.791563034057617
1999-10-11,22.41666603088379,21.83333396911621,22.0,22.33333396911621,6178500.0,18.756580352783203
1999-10-12,22.0,21.0,21.70833396911621,21.16666603088379,5540800.0,17.77675437927246
1999-10-13,20.83333396911621,18.625,20.66666603088379,18.70833396911621,12042400.0,15.712139129638672
1999-10-14,19.95833396911621,19.08333396911621,19.58333396911621,19.95833396911621,9910000.0,16.761943817138672
1999-10-15,19.79166603088379,17.95833396911621,18.66666603088379,18.95833396911621,9680500.0,15.922101020812988
1999-10-18,19.54166603088379,18.29166603088379,19.41666603088379,18.5,6468600.0,15.537164688110352
1999-10-19,20.375,19.0,19.08333396911621,19.75,7335900.0,16.58698272705078
1999-10-20,20.25,19.04166603088379,19.91666603088379,20.08333396911621,6099700.0,16.866920471191406
1999-10-21,19.83333396911621,19.08333396911621,19.83333396911621,19.70833396911621,4919100.0,16.551979064941406
1999-10-22,21.91666603088379,19.70833396911621,20.125,21.16666603088379,10666800.0,17.77675437927246
1999-10-25,21.16666603088379,20.25,21.16666603088379,20.5,4220200.0,17.216867446899414
1999-10-26,21.29166603088379,20.5,20.66666603088379,20.75,3405300.0,17.42682456970215
1999-10-27,22.66666603088379,20.83333396911621,21.08333396911621,22.58333396911621,5687700.0,18.96654510498047
1999-10-28,24.91666603088379,23.58333396911621,24.0,24.83333396911621,11627400.0,20.856201171875
1999-10-29,26.33333396911621,25.04166603088379,25.20833396911621,25.66666603088379,10265500.0,21.556072235107422
1999-11-01,26.375,24.66666603088379,25.95833396911621,25.91666603088379,6013000.0,21.766035079956055
1999-11-02,26.91666603088379,25.54166603088379,25.54166603088379,26.08333396911621,7577400.0,21.905996322631836
1999-11-03,26.5,25.04166603088379,26.41666603088379,25.66666603088379,5316700.0,21.556072235107422
1999-11-04,28.0,25.54166603088379,25.58333396911621,28.0,8347300.0,23.51570701599121
1999-11-05,29.0,26.54166603088379,27.875,26.75,10597000.0,22.465900421142578
1999-11-08,27.16666603088379,26.41666603088379,26.5,26.83333396911621,3226200.0,22.535888671875
1999-11-09,26.83333396911621,25.33333396911621,26.75,25.33333396911621,4585300.0,21.287185668945312
1999-11-10,26.54166603088379,25.33333396911621,25.375,25.33333396911621,4045300.0,21.287185668945312
1999-11-11,25.625,24.54166603088379,25.625,24.625,3708400.0,20.691970825195312
1999-11-12,28.58333396911621,26.0,26.58333396911621,28.58333396911621,10634700.0,24.018108367919922
1999-11-15,29.83333396911621,27.875,28.0,29.83333396911621,9589500.0,25.06846046447754
1999-11-16,31.16666603088379,28.5,28.91666603088379,30.66666603088379,8108500.0,25.768692016601562
1999-11-17,30.625,27.625,30.5,27.95833396911621,7456300.0,23.492931365966797
1999-11-18,30.625,28.875,29.25,30.625,6840100.0,25.73369026184082
1999-11-19,30.66666603088379,29.70833396911621,30.29166603088379,30.33333396911621,4388500.0,25.48860740661621
1999-11-22,30.25,28.91666603088379,30.25,29.33333396911621,3612900.0,24.64832305908203
1999-11-23,29.41666603088379,26.95833396911621,29.33333396911621,28.0,8221200.0,23.527936935424805
1999-11-24,26.83333396911621,26.5,26.66666603088379,26.66666603088379,6130600.0,22.407567977905273
1999-11-26,26.70833396911621,26.45833396911621,26.66666603088379,26.66666603088379,1761900.0,22.407567977905273
1999-11-29,27.04166603088379,25.16666603088379,26.66666603088379,25.66666603088379,5498700.0,21.567283630371094
1999-11-30,26.16666603088379,24.83333396911621,25.16666603088379,25.593732833862305,6120100.0,21.50600242614746
1999-12-01,26.33333396911621,24.58333396911621,25.75,25.0,4733200.0,21.007089614868164
1999-12-02,25.5,24.875,24.875,25.45833396911621,3140700.0,21.39221954345703
1999-12-03,27.33333396911621,26.16666603088379,26.66666603088379,26.375,5486800.0,22.162479400634766
1999-12-06,26.70833396911621,25.66666603088379,26.66666603088379,26.04166603088379,2721000.0,21.88239288330078
1999-12-07,26.83333396911621,25.04166603088379,26.04166603088379,26.16666603088379,5617600.0,21.98741912841797
1999-12-08,25.625,24.79166603088379,25.45833396911621,25.33333396911621,5618800.0,21.287185668945312
1999-12-09,26.83333396911621,24.41666603088379,25.83333396911621,26.83333396911621,7449000.0,22.547603607177734
1999-12-10,27.0,25.41666603088379,26.95833396911621,26.5,6097800.0,22.267520904541016
1999-12-13,26.83333396911621,25.66666603088379,26.79166603088379,26.197866439819336,10639200.0,22.01363754272461
1999-12-14,26.0,24.5,25.66666603088379,25.0,4335300.0,21.007089614868164
1999-12-15,25.16666603088379,24.0,24.58333396911621,25.16666603088379,3819600.0,21.147136688232422
1999-12-16,25.0,23.20833396911621,24.58333396911621,24.08333396911621,5127400.0,20.236831665039062
1999-12-17,24.25,23.29166603088379,24.0,24.08333396911621,6981700.0,20.236831665039062
1999-12-20,23.58333396911621,22.0,23.58333396911621,22.08333396911621,8153200.0,18.55626678466797
1999-12-21,22.83333396911621,22.0,22.41666603088379,22.66666603088379,7735800.0,19.046432495117188
1999-12-22,22.25,21.33333396911621,21.91666603088379,22.0,9218500.0,18.48624610900879
1999-12-23,22.75,21.83333396911621,21.83333396911621,22.66666603088379,5285400.0,19.046432495117188
1999-12-27,23.75,23.04166603088379,23.16666603088379,23.58333396911621,5629200.0,19.816694259643555
1999-12-28,23.41666603088379,22.5,23.33333396911621,22.875,3112600.0,19.221500396728516
1999-12-29,28.0,22.625,22.625,28.0,11779900.0,23.527936935424805
1999-12-30,27.29166603088379,25.33333396911621,27.29166603088379,25.41666603088379,6734100.0,21.357213973999023
1999-12-31,25.79166603088379,25.20833396911621,25.70833396911621,25.5,2992200.0,21.427228927612305
2000-01-03,26.0,24.58333396911621,25.66666603088379,24.66666603088379,8738700.0,20.72699546813965
2000-01-04,24.91666603088379,23.45833396911621,24.66666603088379,24.33333396911621,8725300.0,20.4469051361084
2000-01-05,24.58333396911621,23.0,24.29166603088379,24.5,6704100.0,20.586950302124023
2000-01-06,25.41666603088379,24.20833396911621,24.25,24.5,7567600.0,20.586950302124023
2000-01-07,25.91666603088379,25.08333396911621,25.45833396911621,25.91666603088379,4294600.0,21.777353286743164
2000-01-10,26.625,25.83333396911621,26.54166603088379,26.0,5781300.0,21.84737205505371
2000-01-11,26.58333396911621,25.95833396911621,26.33333396911621,26.08333396911621,4009900.0,21.917390823364258
2000-01-12,26.0,25.04166603088379,26.0,25.08333396911621,4154400.0,21.07711410522461
2000-01-13,27.33333396911621,22.58333396911621,22.66666603088379,27.0,23542200.0,22.687660217285156
2000-01-14,28.83333396911621,27.125,27.95833396911621,27.33333396911621,14040000.0,22.967756271362305
2000-01-18,27.08333396911621,25.875,27.04166603088379,26.0,6587700.0,21.84737205505371
2000-01-19,27.33333396911621,26.20833396911621,26.625,26.66666603088379,7321600.0,22.407567977905273
2000-01-20,26.83333396911621,26.04166603088379,26.70833396911621,26.16666603088379,4695000.0,21.98741912841797
2000-01-21,26.16666603088379,24.70833396911621,26.16666603088379,25.66666603088379,7269300.0,21.567283630371094
2000-01-24,25.33333396911621,24.375,25.25,25.33333396911621,3403200.0,21.287185668945312
2000-01-25,25.08333396911621,24.16666603088379,24.625,24.54166603088379,3938200.0,20.621959686279297
2000-01-26,25.58333396911621,23.91666603088379,24.45833396911621,25.41666603088379,5633100.0,21.357213973999023
2000-01-27,25.625,24.25,25.375,24.875,4308100.0,20.902055740356445
2000-01-28,25.33333396911621,23.375,24.70833396911621,23.45833396911621,3853600.0,19.711660385131836
2000-01-31,24.08333396911621,23.33333396911621,23.5,23.45833396911621,4708500.0,19.711660385131836
2000-02-01,24.66666603088379,23.20833396911621,24.29166603088379,23.75,4331100.0,19.956741333007812
2000-02-02,24.16666603088379,22.45833396911621,23.66666603088379,23.83333396911621,8118400.0,20.026765823364258
2000-02-03,24.08333396911621,23.0,24.0,23.75,4783500.0,19.956741333007812
2000-02-04,25.41666603088379,23.20833396911621,23.79166603088379,25.29166603088379,11454300.0,21.252174377441406
2000-02-07,27.16666603088379,25.08333396911621,25.625,27.0,6966400.0,22.687660217285156
2000-02-08,26.66666603088379,26.0,26.66666603088379,26.33333396911621,6967900.0,22.1389102935791
2000-02-09,26.20833396911621,25.04166603088379,26.16666603088379,25.16666603088379,3766800.0,21.158069610595703
2000-02-10,25.91666603088379,25.33333396911621,25.75,25.66666603088379,4553200.0,21.57843017578125
2000-02-11,26.58333396911621,25.66666603088379,25.91666603088379,26.0,5229000.0,21.858665466308594
2000-02-14,26.625,25.08333396911621,26.625,25.45833396911621,3972700.0,21.403276443481445
2000-02-15,25.625,24.70833396911621,25.125,25.625,3462900.0,21.54339599609375
2000-02-16,26.16666603088379,25.33333396911621,25.66666603088379,25.33333396911621,3236200.0,21.29819107055664
2000-02-17,26.5,25.625,25.66666603088379,26.29166603088379,5676300.0,22.1038818359375
2000-02-18,26.29166603088379,25.33333396911621,26.29166603088379,25.5,3728700.0,21.438308715820312
2000-02-22,25.66666603088379,24.04166603088379,25.5,25.0,4560100.0,21.01795196533203
2000-02-23,26.70833396911621,24.70833396911621,25.125,26.375,6580800.0,22.173933029174805
2000-02-24,26.25,25.125,26.25,25.29166603088379,6333600.0,21.263160705566406
2000-02-25,25.54166603088379,24.375,25.54166603088379,25.25,3816700.0,21.228132247924805
2000-02-28,25.79166603088379,24.875,25.66666603088379,24.875,7325400.0,20.91286277770996
2000-02-29,28.125,26.0,26.66666603088379,28.0,15117400.0,23.540102005004883
2000-03-01,31.0,28.20833396911621,28.75,31.0,14020000.0,26.062259674072266
2000-03-02,30.95833396911621,29.125,30.91666603088379,30.08333396911621,7160700.0,25.291603088378906
2000-03-03,32.0,30.16666603088379,30.33333396911621,32.0,7782600.0,26.90297508239746
2000-03-06,32.33333206176758,31.375,32.0,31.79166603088379,6249100.0,26.727828979492188
2000-03-07,31.95833396911621,30.5,31.70833396911621,30.875,4925500.0,25.957170486450195
2000-03-08,30.91666603088379,28.95833396911621,30.91666603088379,30.0,3877300.0,25.221540451049805
2000-03-09,31.33333396911621,29.20833396911621,29.66666603088379,30.33333396911621,3449100.0,25.50178337097168
2000-03-10,36.125,31.41666603088379,31.95833396911621,35.33333206176758,16069600.0,29.705368041992188
2000-03-13,36.33333206176758,32.0,33.04166793823242,33.91666793823242,7624900.0,28.514358520507812
2000-03-14,34.0,32.0,33.58333206176758,32.41666793823242,6545400.0,27.25328254699707
2000-03-15,33.16666793823242,31.41666603088379,32.0,32.33333206176758,3802300.0,27.183218002319336
2000-03-16,33.5,32.08333206176758,32.33333206176758,33.33333206176758,8170300.0,28.0239315032959
2000-03-17,37.33333206176758,34.0,34.16666793823242,36.83333206176758,12249900.0,30.966466903686523
2000-03-20,38.29166793823242,35.875,37.25,36.0,7982200.0,30.265844345092773
2000-03-21,36.29166793823242,34.91666793823242,36.08333206176758,36.29166793823242,6396300.0,30.511056900024414
2000-03-22,39.33333206176758,36.91666793823242,37.29166793823242,38.375,5869800.0,32.262569427490234
2000-03-23,41.33333206176758,37.125,38.0,40.83333206176758,8560800.0,34.32933044433594
2000-03-24,44.75,40.95833206176758,41.33333206176758,43.33333206176758,13242700.0,36.43111801147461
2000-03-27,42.54166793823242,39.54166793823242,42.54166793823242,40.0,6784300.0,33.62872314453125
2000-03-28,41.0,39.0,39.66666793823242,40.08333206176758,5085900.0,33.69879150390625
2000-03-29,42.0,39.16666793823242,41.29166793823242,39.625,5673700.0,33.31345748901367
2000-03-30,40.25,38.70833206176758,39.04166793823242,39.33333206176758,6030900.0,33.068233489990234
2000-03-31,39.16666793823242,36.875,38.83333206176758,38.0,6211200.0,31.947280883789062
2000-04-03,40.58333206176758,36.91666793823242,39.5,37.95833206176758,8886400.0,31.912261962890625
2000-04-04,38.25,29.45833396911621,38.25,33.33333206176758,18826600.0,28.0239315032959
2000-04-05,37.16666793823242,31.5,31.83333396911621,35.5,11655600.0,29.845500946044922
2000-04-06,38.83333206176758,35.79166793823242,36.33333206176758,38.75,6890100.0,32.57783508300781
2000-04-07,38.83333206176758,35.83333206176758,38.83333206176758,36.75,6563100.0,30.89638900756836
2000-04-10,38.125,35.66666793823242,36.125,37.20833206176758,4635100.0,31.28173065185547
2000-04-11,37.83333206176758,35.33333206176758,37.20833206176758,36.08333206176758,4447800.0,30.335908889770508
2000-04-12,36.66666793823242,33.33333206176758,35.91666793823242,34.0,6570000.0,28.58442497253418
2000-04-13,33.83333206176758,32.0,33.83333206176758,32.66666793823242,4876500.0,27.463449478149414
2000-04-14,30.0,25.66666603088379,29.5,27.0,15031500.0,22.699384689331055
2000-04-17,28.83333396911621,26.08333396911621,26.45833396911621,28.0,13525200.0,23.540102005004883
2000-04-18,31.83333396911621,26.66666603088379,27.16666603088379,29.91666603088379,12013200.0,25.151487350463867
2000-04-19,30.33333396911621,28.66666603088379,30.25,29.45833396911621,6652600.0,24.766157150268555
2000-04-20,29.91666603088379,28.66666603088379,28.66666603088379,29.33333396911621,4263400.0,24.661060333251953
2000-04-24,29.5,28.25,29.33333396911621,29.41666603088379,4121500.0,24.731122970581055
2000-04-25,31.20833396911621,29.625,29.625,30.66666603088379,5019300.0,25.782014846801758
2000-04-26,32.375,29.83333396911621,30.83333396911621,30.0,5333500.0,25.221540451049805
2000-04-27,30.58333396911621,29.0,29.04166603088379,30.33333396911621,4763500.0,25.50178337097168
2000-04-28,31.58333396911621,29.41666603088379,30.875,29.66666603088379,4899600.0,24.94129753112793
2000-05-01,31.29166603088379,29.41666603088379,29.75,30.41666603088379,5220600.0,25.57184410095215
2000-05-02,30.45833396911621,29.125,29.5,29.83333396911621,3982600.0,25.0814208984375
2000-05-03,31.33333396911621,27.41666603088379,29.16666603088379,30.16666603088379,4171600.0,25.361661911010742
2000-05-04,30.16666603088379,28.16666603088379,30.16666603088379,29.66666603088379,4108300.0,24.94129753112793
2000-05-05,29.875,28.33333396911621,28.58333396911621,29.16666603088379,3965200.0,24.520946502685547
2000-05-08,29.75,28.16666603088379,29.75,28.70833396911621,5037400.0,24.14715576171875
2000-05-09,29.33333396911621,27.91666603088379,29.0,28.375,5102500.0,23.86678695678711
2000-05-10,27.91666603088379,25.33333396911621,27.83333396911621,26.875,6545200.0,22.60511016845703
2000-05-11,27.41666603088379,25.70833396911621,27.33333396911621,26.58333396911621,4103700.0,22.35978126525879
2000-05-12,28.16666603088379,26.33333396911621,26.41666603088379,27.95833396911621,4578100.0,23.516328811645508
2000-05-15,29.83333396911621,27.375,27.45833396911621,28.91666603088379,4352400.0,24.322389602661133
2000-05-16,30.91666603088379,29.04166603088379,29.08333396911621,30.45833396911621,6981100.0,25.619125366210938
2000-05-17,29.54166603088379,28.33333396911621,28.83333396911621,29.16666603088379,6861700.0,24.532686233520508
2000-05-18,30.54166603088379,29.29166603088379,29.66666603088379,29.33333396911621,4822600.0,24.672861099243164
2000-05-19,28.91666603088379,27.91666603088379,28.66666603088379,27.91666603088379,3568800.0,23.481277465820312
2000-05-22,28.54166603088379,25.66666603088379,27.16666603088379,27.95833396911621,6304600.0,23.516328811645508
2000-05-23,28.29166603088379,26.79166603088379,27.91666603088379,27.33333396911621,2889400.0,22.99062156677246
2000-05-24,27.0,25.125,26.66666603088379,25.66666603088379,8011900.0,21.588760375976562
2000-05-25,26.54166603088379,24.66666603088379,26.5,24.66666603088379,7627300.0,20.747629165649414
2000-05-26,26.0,24.0,25.33333396911621,24.66666603088379,5399500.0,20.747629165649414
2000-05-30,26.375,25.0,25.125,26.375,3456000.0,22.18454360961914
2000-05-31,29.0,26.375,26.625,28.25,9386500.0,23.76164436340332
2000-06-01,29.625,28.281200408935547,29.0,28.5,6203200.0,23.971927642822266
2000-06-02,34.0,31.1875,32.75,33.5,8710400.0,28.177532196044922
2000-06-05,33.375,32.125,32.75,32.25,4854600.0,27.12613296508789
2000-06-06,32.75,31.75,32.5,32.0625,3847200.0,26.96842384338379
2000-06-07,32.875,31.5,32.375,32.3125,4875100.0,27.178695678710938
2000-06-08,32.375,29.125,31.875,30.5,5467300.0,25.654176712036133
2000-06-09,30.375,29.4375,30.375,29.625,3826500.0,24.918190002441406
2000-06-12,29.9375,28.625,29.8125,28.875,3030700.0,24.287363052368164
2000-06-13,30.3125,28.75,29.875,30.3125,2584400.0,25.4964599609375
2000-06-14,33.0,29.125,29.5625,32.5,6677900.0,27.336406707763672
2000-06-15,33.375,31.0625,32.25,32.9375,4555400.0,27.70440673828125
2000-06-16,33.625,32.0625,32.5,33.625,6449000.0,28.282670974731445
2000-06-19,34.6875,33.0625,33.625,34.5,3504800.0,29.01865005493164
2000-06-20,34.9375,33.25,34.6875,34.875,3051900.0,29.33406639099121
2000-06-21,34.625,33.625,34.625,34.1875,2043900.0,28.755809783935547
2000-06-22,34.0625,32.75,33.875,33.375,1975900.0,28.0723876953125
2000-06-23,34.3125,32.5625,34.125,32.75,1691400.0,27.546693801879883
2000-06-26,33.8125,32.5625,32.5625,33.375,2522700.0,28.0723876953125
2000-06-27,33.8125,32.875,33.8125,33.0,2085600.0,27.75696563720703
2000-06-28,33.75,31.875,33.4375,32.5,2434700.0,27.336406707763672
2000-06-29,34.5,31.5,32.0,33.5,2848100.0,28.177532196044922
2000-06-30,33.75,31.3125,31.5625,33.625,3800700.0,28.282670974731445
2000-07-03,33.3125,32.125,32.75,32.4375,1146700.0,27.283842086791992
2000-07-05,33.125,32.1875,32.75,32.6875,2058700.0,27.494121551513672
2000-07-06,33.0,31.5,32.9375,32.8125,2200600.0,27.59926414489746
2000-07-07,33.3125,32.5,33.3125,32.9375,2026400.0,27.70440673828125
2000-07-10,33.75,32.375,32.9375,32.875,2792300.0,27.651832580566406
2000-07-11,35.0,32.625,32.875,34.75,4427300.0,29.228944778442383
2000-07-12,36.75,35.875,36.5,36.25,6067200.0,30.490625381469727
2000-07-13,36.5625,35.75,36.25,36.5625,2625000.0,30.753467559814453
2000-07-14,40.5,36.625,37.0,39.1875,10080900.0,32.961402893066406
2000-07-17,39.625,36.5625,39.3125,37.25,5669000.0,31.331745147705078
2000-07-18,38.875,35.125,37.0,38.25,5462600.0,32.172847747802734
2000-07-19,38.0,35.625,37.875,36.375,3901800.0,30.595752716064453
2000-07-20,37.8125,35.6875,36.5,37.75,5565400.0,31.752281188964844
2000-07-21,37.75,36.375,37.75,37.125,1839200.0,31.22659683227539
2000-07-24,38.375,36.25,36.9375,36.3125,2180800.0,30.54317283630371
2000-07-25,37.5625,36.125,36.9375,37.3125,2381100.0,31.38429832458496
2000-07-26,36.9375,36.125,36.6875,36.4375,2800600.0,30.648334503173828
2000-07-27,37.1875,35.125,36.5,36.5,2789300.0,30.700889587402344
2000-07-28,36.625,34.0,36.375,34.0,2685000.0,28.598102569580078
2000-07-31,36.625,34.625,35.125,36.125,3876800.0,30.385473251342773
2000-08-01,38.0,35.75,36.25,37.9375,2790200.0,31.909997940063477
2000-08-02,37.6875,36.125,36.6875,37.25,2913100.0,31.331745147705078
2000-08-03,37.0,36.0625,36.5625,36.3125,2183500.0,30.54317283630371
2000-08-04,39.125,36.5625,37.125,38.5,5109100.0,32.38311767578125
2000-08-07,38.5,37.25,38.0,38.375,3536200.0,32.27799606323242
2000-08-08,38.5625,37.75,38.4375,38.3125,2174800.0,32.23467254638672
2000-08-09,39.0,37.25,38.0,38.5,2767600.0,32.39240264892578
2000-08-10,39.1875,36.8125,38.25,37.0625,2568700.0,31.182947158813477
2000-08-11,39.8125,37.5625,38.125,39.0,3759900.0,32.81310272216797
2000-08-14,40.4375,38.375,39.125,40.0,4541800.0,33.654457092285156
2000-08-15,39.875,37.375,39.875,37.75,5060700.0,31.761388778686523
2000-08-16,39.375,36.9375,38.4375,37.5,4147300.0,31.551050186157227
2000-08-17,39.25,37.875,38.0,39.25,3842600.0,33.02344512939453
2000-08-18,39.1875,37.3125,38.5,37.3125,3109300.0,31.39329719543457
2000-08-21,38.6875,37.5,38.6875,38.0625,1925200.0,32.02431869506836
2000-08-22,38.6875,37.375,38.6875,37.875,2332300.0,31.8665771484375
2000-08-23,38.0625,36.6875,37.6875,37.0,3074300.0,31.130369186401367
2000-08-24,37.4375,36.5,37.25,37.0,3061700.0,31.130369186401367
2000-08-25,36.8125,35.75,36.6875,35.875,3266700.0,30.18384552001953
2000-08-28,37.0,36.0625,36.0625,36.625,2661200.0,30.814861297607422
2000-08-29,38.125,36.1875,36.6875,37.75,3415100.0,31.761388778686523
2000-08-30,38.8125,37.1875,37.875,37.375,3715400.0,31.445894241333008
2000-08-31,38.6875,37.0,37.0625,38.4375,3651400.0,32.339847564697266
2000-09-01,38.9375,37.0,38.5,37.0,2254200.0,31.130369186401367
2000-09-05,38.3125,37.625,38.1875,38.0,2003300.0,31.971738815307617
2000-09-06,39.3125,38.5625,38.8125,38.875,4239000.0,32.70793533325195
2000-09-07,39.5,38.1875,39.0,38.25,3019100.0,32.18207550048828
2000-09-08,38.4375,37.1875,37.8125,37.5625,2706500.0,31.60364532470703
2000-09-11,38.625,37.5,37.625,38.0,2642600.0,31.971738815307617
2000-09-12,38.0,37.25,38.0,37.5,2065900.0,31.551050186157227
2000-09-13,37.8125,36.3125,37.8125,37.5,4150300.0,31.551050186157227
2000-09-14,37.75,35.75,37.1875,37.0,4587600.0,31.130369186401367
2000-09-15,36.9375,35.0,36.8125,35.25,6313800.0,29.658002853393555
2000-09-18,35.6875,31.3125,35.5,32.25,7389800.0,27.133909225463867
2000-09-19,34.0625,32.1875,32.5,33.4375,4555200.0,28.133020401000977
2000-09-20,33.75,32.3125,33.0625,33.10929870605469,2579500.0,27.85688591003418
2000-09-21,32.6875,30.0,32.375,30.0,5402500.0,25.240840911865234
2000-09-22,35.0,31.5625,32.0625,35.0,6571500.0,29.447643280029297
2000-09-25,34.75,33.5625,34.4375,34.0,3481800.0,28.606304168701172
2000-09-26,33.9375,32.1875,33.75,33.0,2996000.0,27.764923095703125
2000-09-27,33.875,32.75,33.5625,33.0,2360600.0,27.764923095703125
2000-09-28,35.3125,33.375,33.5,35.0,4474200.0,29.447643280029297
2000-09-29,36.125,34.125,34.625,35.46870040893555,3008300.0,29.842010498046875
2000-10-02,35.625,34.0,35.625,35.0,3212000.0,29.447643280029297
2000-10-03,34.6875,33.5,34.375,33.5625,3563400.0,28.238197326660156
2000-10-04,33.9375,31.75,32.375,33.625,3277200.0,28.29077911376953
2000-10-05,34.9375,33.5625,33.625,34.375,3249700.0,28.92180633544922
2000-10-06,34.875,30.5625,34.875,31.0,6105600.0,26.082204818725586
2000-10-09,31.125,29.125,31.0,29.125,5060000.0,24.5046443939209
2000-10-10,31.875,28.5625,31.875,29.3125,5813800.0,24.662410736083984
2000-10-11,29.5625,27.0,29.0,28.8125,6815700.0,24.241729736328125
2000-10-12,29.0,27.0,29.0,27.125,4682400.0,22.82192611694336
2000-10-13,32.25,27.0625,27.0625,31.375,6878200.0,26.397722244262695
2000-10-16,31.9375,30.375,31.125,31.5,3076500.0,26.502887725830078
2000-10-17,31.0,28.75,31.0,30.625,5775500.0,25.76670265197754
2000-10-18,30.0,27.8125,28.25,29.0625,6545600.0,24.452072143554688
2000-10-19,31.25,29.75,30.0,31.0,4292100.0,26.082204818725586
2000-10-20,32.5,30.125,30.125,31.5,3639100.0,26.502887725830078
2000-10-23,32.5,31.0625,32.5,31.125,1890900.0,26.187376022338867
2000-10-24,33.0,31.0,31.5625,31.4375,2695700.0,26.450305938720703
2000-10-25,32.3125,31.0,31.1875,31.0625,3276200.0,26.134790420532227
2000-10-26,31.531200408935547,29.9375,31.3125,30.875,2609700.0,25.977031707763672
2000-10-27,32.3125,30.875,30.875,31.3125,3319300.0,26.345134735107422
2000-10-30,33.75,31.5,31.5625,33.5625,3513600.0,28.238197326660156
2000-10-31,35.375,32.875,33.9375,35.125,4333100.0,29.552825927734375
2000-11-01,34.875,34.0,34.75,34.75,2568900.0,29.237319946289062
2000-11-02,35.875,34.5,34.8125,35.125,3648000.0,29.552825927734375
2000-11-03,35.625,34.375,34.5625,34.875,2653100.0,29.342479705810547
2000-11-06,35.5,34.75,35.125,35.375,1918600.0,29.763160705566406
2000-11-07,35.8125,35.125,35.625,35.375,1283200.0,29.763160705566406
2000-11-08,35.25,33.9375,35.25,34.4375,1773900.0,28.983394622802734
2000-11-09,34.75,33.125,34.1875,34.3125,2410000.0,28.878196716308594
2000-11-10,33.5,31.5625,33.1875,31.6875,2948000.0,26.668933868408203
2000-11-13,31.5,29.75,31.25,30.9375,3165400.0,26.037723541259766
2000-11-14,31.875,30.9375,31.4375,30.9375,3319900.0,26.037723541259766
2000-11-15,32.125,30.375,30.9375,31.625,3736000.0,26.61631965637207
2000-11-16,31.875,30.8125,31.5,31.125,2334800.0,26.19551658630371
2000-11-17,31.125,28.9375,30.875,29.5,5075300.0,24.827884674072266
2000-11-20,29.5625,27.75,29.5625,28.3125,3869100.0,23.82845115661621
2000-11-21,28.9375,27.125,28.375,28.375,3155400.0,23.881057739257812
2000-11-22,28.0,26.0,28.0,26.3125,3556300.0,22.145214080810547
2000-11-24,28.5625,26.8125,27.25,27.9375,1904900.0,23.51284408569336
2000-11-27,28.375,27.0,27.25,28.125,3444100.0,23.6706485748291
2000-11-28,28.875,27.6875,28.3125,27.6875,3608900.0,23.30244255065918
2000-11-29,29.25,27.75,28.0625,28.875,4781600.0,24.301876068115234
2000-11-30,28.3125,26.625,28.25,27.6875,5124500.0,23.30244255065918
2000-12-01,28.4375,27.0,27.5,27.3125,2897500.0,22.986827850341797
2000-12-04,26.75,25.6875,26.75,26.0625,4689700.0,21.93480682373047
2000-12-05,30.875,26.3125,26.4375,29.75,6324900.0,25.038291931152344
2000-12-06,31.125,28.5,28.8125,29.1875,4907100.0,24.56486701965332
2000-12-07,29.6875,28.4375,28.9375,28.5625,2187500.0,24.038869857788086
2000-12-08,31.75,29.5,29.5,30.6875,4128400.0,25.82731056213379
2000-12-11,32.8125,29.375,29.375,32.25,3819300.0,27.142349243164062
2000-12-12,32.3125,30.1875,32.3125,30.6875,3108900.0,25.82731056213379
2000-12-13,31.0,27.9375,30.375,30.125,16518500.0,25.353904724121094
2000-12-14,30.25,29.125,30.0,29.5625,4388600.0,24.88048553466797
2000-12-15,29.1875,27.875,28.75,28.75,6374600.0,24.196672439575195
2000-12-18,30.9375,29.5625,29.75,29.9375,3873000.0,25.196088790893555
2000-12-19,31.5,29.4375,29.9375,29.6875,4037700.0,24.985689163208008
2000-12-20,29.5,27.9375,29.0,28.125,4460900.0,23.6706485748291
2000-12-21,28.75,27.125,28.0,27.8125,5774500.0,23.40765380859375
2000-12-22,28.9375,27.125,27.375,28.5625,3724000.0,24.038869857788086
2000-12-26,29.3125,28.0625,28.25,29.25,2801500.0,24.617481231689453
2000-12-27,29.25,28.3125,29.25,28.75,2271100.0,24.196672439575195
2000-12-28,29.625,28.6875,28.9375,29.25,2303700.0,24.617481231689453
2000-12-29,29.8125,27.9375,29.0,28.375,3553300.0,23.881057739257812
2001-01-02,28.8125,25.75,28.4375,26.0625,4568100.0,21.93480682373047
2001-01-03,33.0,25.1875,26.0,32.875,12278500.0,27.668359756469727
2001-01-04,32.4375,29.75,31.75,30.0,7818000.0,25.248693466186523
2001-01-05,30.625,29.1875,30.125,29.625,5385900.0,24.933086395263672
2001-01-08,29.75,27.75,29.0,28.9375,4406600.0,24.354467391967773
2001-01-09,28.25,27.5625,28.1875,27.5625,5176500.0,23.19723892211914
2001-01-10,27.75,26.5625,27.5,27.3125,5839100.0,22.986827850341797
2001-01-11,29.9375,27.375,27.4375,29.3125,6768200.0,24.67007827758789
2001-01-12,29.4375,28.375,29.25,28.5,4280400.0,23.986270904541016
2001-01-16,29.3125,27.6875,28.0,28.0,3337500.0,23.565446853637695
2001-01-17,29.3125,28.1875,28.75,28.25,3534600.0,23.775854110717773
2001-01-18,28.25,27.0,28.25,27.375,5954100.0,23.0394344329834
2001-01-19,28.5625,26.875,27.0,28.3125,8070000.0,23.82845115661621
2001-01-22,28.9375,28.1875,28.4375,28.5,4126000.0,23.986270904541016
2001-01-23,28.9375,27.5625,28.5,27.6875,6625100.0,23.30244255065918
2001-01-24,28.9375,27.6875,28.0,28.1875,8541900.0,23.723255157470703
2001-01-25,29.25,28.4375,28.875,28.875,3774400.0,24.301876068115234
2001-01-26,28.375,27.625,27.625,27.875,4171600.0,23.460250854492188
2001-01-29,28.600000381469727,28.0,28.0,28.579999923706055,3951300.0,24.053585052490234
2001-01-30,28.610000610351562,26.799999237060547,28.510000228881836,27.290000915527344,10263700.0,22.9679012298584
2001-01-31,26.950000762939453,25.799999237060547,26.5,26.40999984741211,11250400.0,22.227266311645508
2001-02-01,27.329999923706055,26.40999984741211,26.649999618530273,27.239999771118164,7040300.0,22.925813674926758
2001-02-02,27.450000762939453,26.350000381469727,27.25,26.649999618530273,3907700.0,22.42925453186035
2001-02-05,26.600000381469727,25.0,26.260000228881836,25.989999771118164,5792200.0,21.873788833618164
2001-02-06,26.200000762939453,25.40999984741211,26.149999618530273,25.639999389648438,4460700.0,21.579227447509766
2001-02-07,25.770000457763672,23.0,25.6200008392334,23.989999771118164,7523200.0,20.199209213256836
2001-02-08,25.360000610351562,24.18000030517578,24.25,24.969999313354492,8277900.0,21.024349212646484
2001-02-09,25.5,24.25,25.5,24.5,6144700.0,20.628612518310547
2001-02-12,25.399999618530273,24.399999618530273,24.950000762939453,25.399999618530273,2833000.0,21.386409759521484
2001-02-13,26.0,25.020000457763672,25.020000457763672,25.649999618530273,4299600.0,21.596908569335938
2001-02-14,25.350000381469727,24.399999618530273,25.350000381469727,24.760000228881836,3274600.0,20.847537994384766
2001-02-15,24.700000762939453,22.5,23.899999618530273,24.399999618530273,12601200.0,20.544418334960938
2001-02-16,23.969999313354492,22.850000381469727,23.399999618530273,22.989999771118164,6068800.0,19.357223510742188
2001-02-20,23.0,21.440000534057617,23.0,21.850000381469727,6922900.0,18.39736557006836
2001-02-21,22.170000076293945,21.200000762939453,21.299999237060547,21.229999542236328,5793300.0,17.875324249267578
2001-02-22,22.200000762939453,20.8700008392334,21.5,21.649999618530273,6261400.0,18.228961944580078
2001-02-23,21.100000381469727,19.5,21.100000381469727,20.31999969482422,7101100.0,17.109121322631836
2001-02-26,20.850000381469727,19.149999618530273,20.420000076293945,20.75,10491000.0,17.471181869506836
2001-02-27,22.149999618530273,20.510000228881836,21.200000762939453,21.950000762939453,8736300.0,18.481565475463867
2001-02-28,21.450000762939453,19.860000610351562,21.399999618530273,20.899999618530273,7971400.0,17.59747314453125
2001-03-01,20.5,18.75,19.549999237060547,20.5,6944000.0,17.260690689086914
2001-03-02,20.700000762939453,19.170000076293945,19.5,20.0,7242000.0,16.83968734741211
2001-03-05,20.950000762939453,19.479999542236328,20.780000686645508,19.889999389648438,3741100.0,16.747072219848633
2001-03-06,21.0,19.889999389648438,19.899999618530273,20.350000381469727,4348900.0,17.13438606262207
2001-03-07,20.549999237060547,19.760000228881836,20.3700008392334,20.389999389648438,3403700.0,17.168066024780273
2001-03-08,20.790000915527344,19.299999237060547,20.389999389648438,19.600000381469727,4235300.0,16.502899169921875
2001-03-09,19.25,18.0,19.100000381469727,18.239999771118164,5197800.0,15.357789039611816
2001-03-12,17.799999237060547,16.0,17.799999237060547,16.899999618530273,10106100.0,14.229541778564453
2001-03-13,18.6200008392334,17.0,17.0,17.979999542236328,6211300.0,15.138875007629395
2001-03-14,17.81999969482422,16.200000762939453,16.25,17.040000915527344,8180500.0,14.34741497039795
2001-03-15,17.899999618530273,16.639999389648438,17.040000915527344,17.899999618530273,9785800.0,15.071526527404785
2001-03-16,17.3799991607666,16.399999618530273,16.399999618530273,16.489999771118164,8282000.0,13.884321212768555
2001-03-19,17.75,16.280000686645508,16.639999389648438,17.549999237060547,5234000.0,14.776827812194824
2001-03-20,18.299999237060547,16.790000915527344,17.450000762939453,17.0,5541700.0,14.313740730285645
2001-03-21,17.1200008392334,15.350000381469727,16.600000381469727,15.899999618530273,6856200.0,13.387552261352539
2001-03-22,15.5,14.5,15.300000190734863,15.199999809265137,10170300.0,12.79816722869873
2001-03-23,16.1299991607666,14.949999809265137,15.279999732971191,16.0,7301100.0,13.471748352050781
2001-03-26,16.5,16.049999237060547,16.309999465942383,16.149999618530273,3502800.0,13.598045349121094
2001-03-27,16.469999313354492,15.760000228881836,16.299999237060547,16.40999984741211,4188800.0,13.81696891784668
2001-03-28,16.200000762939453,15.75,16.200000762939453,15.829999923706055,3781100.0,13.32861614227295
2001-03-29,16.049999237060547,15.220000267028809,15.75,15.289999961853027,3948800.0,12.873942375183105
2001-03-30,15.630000114440918,15.0,15.600000381469727,15.420000076293945,4502300.0,12.983396530151367
2001-04-02,15.90999984741211,14.970000267028809,15.5600004196167,15.0,4709900.0,12.629768371582031
2001-04-03,15.5,13.899999618530273,15.0,14.270000457763672,6591400.0,12.015118598937988
2001-04-04,14.109999656677246,13.140000343322754,13.949999809265137,13.510000228881836,7897400.0,11.375211715698242
2001-04-05,15.680000305175781,14.40999984741211,14.5,15.539999961853027,6633800.0,13.084443092346191
2001-04-06,15.300000190734863,14.770000457763672,15.300000190734863,15.100000381469727,6259900.0,12.71396255493164
2001-04-09,15.359999656677246,14.550000190734863,15.100000381469727,14.920000076293945,4981800.0,12.562408447265625
2001-04-10,16.5,14.920000076293945,14.920000076293945,16.420000076293945,7117400.0,13.825382232666016
2001-04-11,18.0,17.049999237060547,18.0,17.200000762939453,7168700.0,14.482133865356445
2001-04-12,18.700000762939453,16.799999237060547,17.209999084472656,18.639999389648438,5550900.0,15.694587707519531
2001-04-16,18.299999237060547,17.709999084472656,17.799999237060547,18.0,4330900.0,15.155725479125977
2001-04-17,18.479999542236328,17.290000915527344,17.350000381469727,18.1299991607666,4900700.0,15.265174865722656
2001-04-18,23.18000030517578,18.950000762939453,19.0,21.0,12735400.0,17.681684494018555
2001-04-19,21.079999923706055,20.100000381469727,21.06999969482422,20.68000030517578,4418300.0,17.412240982055664
2001-04-20,20.690000534057617,20.0,20.690000534057617,20.09000015258789,4373400.0,16.915464401245117
2001-04-23,20.100000381469727,18.649999618530273,20.100000381469727,18.899999618530273,3663400.0,15.9135103225708
2001-04-24,19.68000030517578,18.889999389648438,19.3799991607666,19.139999389648438,2782700.0,16.11557960510254
2001-04-25,19.34000015258789,18.610000610351562,19.139999389648438,19.1299991607666,4605400.0,16.107158660888672
2001-04-26,20.350000381469727,19.0,19.1299991607666,19.3799991607666,3880100.0,16.317655563354492
2001-04-27,21.079999923706055,19.969999313354492,20.25,20.229999542236328,4288300.0,17.03334617614746
2001-04-30,20.799999237060547,19.600000381469727,20.799999237060547,19.799999237060547,3187700.0,16.671295166015625
2001-05-01,19.950000762939453,18.799999237060547,19.100000381469727,19.950000762939453,6474200.0,16.79759979248047
2001-05-02,21.200000762939453,19.700000762939453,19.700000762939453,21.100000381469727,5224700.0,17.765884399414062
2001-05-03,20.299999237060547,19.850000381469727,20.299999237060547,19.979999542236328,3844100.0,16.822845458984375
2001-05-04,20.700000762939453,19.520000457763672,19.75,20.68000030517578,3023700.0,17.412240982055664
2001-05-07,20.75,20.139999389648438,20.5,20.270000457763672,1971900.0,17.076112747192383
2001-05-08,20.489999771118164,20.010000228881836,20.270000457763672,20.079999923706055,2884200.0,16.91604995727539
2001-05-09,20.079999923706055,19.43000030517578,20.079999923706055,19.65999984741211,3594600.0,16.56222152709961
2001-05-10,20.260000228881836,19.780000686645508,20.010000228881836,20.049999237060547,2858300.0,16.89077377319336
2001-05-11,20.6299991607666,19.649999618530273,20.100000381469727,19.760000228881836,3348600.0,16.646467208862305
2001-05-14,20.100000381469727,19.219999313354492,20.0,19.600000381469727,2636500.0,16.51167869567871
2001-05-15,19.799999237060547,18.729999542236328,19.549999237060547,19.600000381469727,5641200.0,16.51167869567871
2001-05-16,20.25,18.760000228881836,19.600000381469727,20.25,7537600.0,17.05925750732422
2001-05-17,20.489999771118164,19.979999542236328,20.100000381469727,20.020000457763672,3874700.0,16.865497589111328
2001-05-18,20.020000457763672,19.15999984741211,20.020000457763672,19.450000762939453,4353900.0,16.385313034057617
2001-05-21,20.93000030517578,19.25,19.600000381469727,20.75,6583000.0,17.480480194091797
2001-05-22,21.600000381469727,21.0,21.100000381469727,21.18000030517578,6249700.0,17.84272003173828
2001-05-23,21.1299991607666,20.6299991607666,21.1200008392334,20.68000030517578,3712100.0,17.421504974365234
2001-05-24,21.0,20.40999984741211,20.899999618530273,20.899999618530273,2627000.0,17.60683822631836
2001-05-25,21.010000228881836,20.729999542236328,20.899999618530273,20.799999237060547,2494300.0,17.522598266601562
2001-05-29,20.829999923706055,19.5,20.450000762939453,19.760000228881836,3870100.0,16.646467208862305
2001-05-30,19.799999237060547,18.559999465942383,19.549999237060547,18.649999618530273,4840800.0,15.711359024047852
2001-05-31,19.049999237060547,18.280000686645508,18.549999237060547,18.799999237060547,4355700.0,15.837732315063477
2001-06-01,18.979999542236328,18.31999969482422,18.75,18.389999389648438,3325500.0,15.492335319519043
2001-06-04,18.700000762939453,18.1200008392334,18.700000762939453,18.450000762939453,2394300.0,15.542878150939941
2001-06-05,19.610000610351562,18.489999771118164,18.530000686645508,19.43000030517578,3548000.0,16.36846160888672
2001-06-06,19.399999618530273,18.520000457763672,19.200000762939453,18.639999389648438,2644500.0,15.70294189453125
2001-06-07,18.979999542236328,18.18000030517578,18.940000534057617,18.5,3193600.0,15.585000991821289
2001-06-08,18.739999771118164,18.110000610351562,18.739999771118164,18.200000762939453,1392300.0,15.332273483276367
2001-06-11,18.299999237060547,17.600000381469727,18.149999618530273,17.709999084472656,2329400.0,14.919477462768555
2001-06-12,18.229999542236328,17.1200008392334,17.700000762939453,18.190000534057617,3385800.0,15.323846817016602
2001-06-13,18.3700008392334,17.299999237060547,18.049999237060547,17.350000381469727,2452400.0,14.61620807647705
2001-06-14,16.700000762939453,15.920000076293945,16.700000762939453,16.030000686645508,7116500.0,13.504192352294922
2001-06-15,15.8100004196167,15.210000038146973,15.649999618530273,15.670000076293945,6775100.0,13.200918197631836
2001-06-18,15.850000381469727,15.180000305175781,15.850000381469727,15.220000267028809,4368400.0,12.821824073791504
2001-06-19,15.84000015258789,15.300000190734863,15.550000190734863,15.470000267028809,4546900.0,13.032430648803711
2001-06-20,15.399999618530273,14.989999771118164,15.220000267028809,15.15999984741211,4043100.0,12.771278381347656
2001-06-21,15.9399995803833,15.15999984741211,15.180000305175781,15.529999732971191,8196400.0,13.08298110961914
2001-06-22,15.600000381469727,15.170000076293945,15.5,15.600000381469727,3669500.0,13.141950607299805
2001-06-25,15.75,15.15999984741211,15.600000381469727,15.399999618530273,3038200.0,12.973464012145996
2001-06-26,16.25,14.9399995803833,15.010000228881836,16.010000228881836,6994000.0,13.487342834472656
2001-06-27,16.739999771118164,15.84000015258789,15.899999618530273,16.059999465942383,7333100.0,13.529463768005371
2001-06-28,16.799999237060547,16.18000030517578,16.18000030517578,16.450000762939453,5128800.0,13.858016967773438
2001-06-29,16.739999771118164,15.300000190734863,16.450000762939453,15.75,6202500.0,13.268310546875
2001-07-02,16.149999618530273,15.5,15.5,16.0,4557600.0,13.47891902923584
2001-07-03,16.110000610351562,15.760000228881836,16.0,15.899999618530273,1756300.0,13.394676208496094
2001-07-05,16.18000030517578,15.59000015258789,15.949999809265137,15.9399995803833,3504900.0,13.428376197814941
2001-07-06,15.800000190734863,15.0600004196167,15.699999809265137,15.079999923706055,2365000.0,12.70388126373291
2001-07-09,15.399999618530273,15.130000114440918,15.199999809265137,15.199999809265137,2466100.0,12.804976463317871
2001-07-10,15.350000381469727,14.899999618530273,15.130000114440918,14.9399995803833,3635200.0,12.585942268371582
2001-07-11,14.75,13.970000267028809,14.75,14.140000343322754,5533400.0,11.91199779510498
2001-07-12,15.220000267028809,14.300000190734863,14.300000190734863,15.020000457763672,4584400.0,12.653335571289062
2001-07-13,15.300000190734863,14.520000457763672,14.949999809265137,15.229999542236328,6024500.0,12.830243110656738
2001-07-16,15.199999809265137,14.4399995803833,15.199999809265137,14.449999809265137,3678500.0,12.173151969909668
2001-07-17,15.5,14.449999809265137,14.699999809265137,15.489999771118164,6809400.0,13.04928207397461
2001-07-18,15.15999984741211,14.800000190734863,15.050000190734863,15.020000457763672,4269900.0,12.653335571289062
2001-07-19,15.59000015258789,15.119999885559082,15.25,15.359999656677246,3671800.0,12.939764022827148
2001-07-20,15.470000267028809,15.0,15.0,15.1899995803833,3388700.0,12.79654598236084
2001-07-23,15.40999984741211,14.850000381469727,15.199999809265137,14.859999656677246,2397100.0,12.518545150756836
2001-07-24,14.800000190734863,14.34000015258789,14.5600004196167,14.600000381469727,3544700.0,12.299516677856445
2001-07-25,14.899999618530273,14.4399995803833,14.75,14.600000381469727,3974500.0,12.299516677856445
2001-07-26,15.100000381469727,14.449999809265137,14.59000015258789,14.890000343322754,4129300.0,12.543825149536133
2001-07-27,15.359999656677246,14.920000076293945,14.979999542236328,15.140000343322754,3274600.0,12.754427909851074
2001-07-30,15.100000381469727,14.600000381469727,15.100000381469727,14.819999694824219,2570900.0,12.484850883483887
2001-07-31,15.180000305175781,14.699999809265137,14.699999809265137,14.989999771118164,4538300.0,12.628063201904297
2001-08-01,15.399999618530273,14.75,14.989999771118164,15.25,4020300.0,12.84709644317627
2001-08-02,15.619999885559082,15.050000190734863,15.449999809265137,15.260000228881836,3931100.0,12.85551929473877
2001-08-03,15.279999732971191,15.029999732971191,15.260000228881836,15.220000267028809,2806200.0,12.821824073791504
2001-08-06,15.170000076293945,14.899999618530273,15.149999618530273,15.0,2693200.0,12.636487007141113
2001-08-07,14.75,14.369999885559082,14.699999809265137,14.489999771118164,3189000.0,12.215804100036621
2001-08-08,14.399999618530273,13.970000267028809,14.399999618530273,14.0600004196167,3779500.0,11.85329532623291
2001-08-09,14.09000015258789,13.760000228881836,14.0600004196167,14.010000228881836,3985700.0,11.81114387512207
2001-08-10,13.970000267028809,13.640000343322754,13.800000190734863,13.829999923706055,3262900.0,11.659393310546875
2001-08-13,13.579999923706055,12.960000038146973,13.510000228881836,13.279999732971191,10504800.0,11.195712089538574
2001-08-14,13.600000381469727,13.180000305175781,13.350000381469727,13.279999732971191,5513300.0,11.195712089538574
2001-08-15,13.699999809265137,13.1899995803833,13.380000114440918,13.369999885559082,5204600.0,11.271590232849121
2001-08-16,13.100000381469727,12.229999542236328,13.100000381469727,12.869999885559082,5784000.0,10.850062370300293
2001-08-17,12.880000114440918,12.350000381469727,12.699999809265137,12.75,3589100.0,10.748895645141602
2001-08-20,12.739999771118164,12.399999618530273,12.699999809265137,12.539999961853027,2874700.0,10.571854591369629
2001-08-21,13.3100004196167,12.510000228881836,12.699999809265137,12.520000457763672,4515000.0,10.554996490478516
2001-08-22,12.899999618530273,12.539999961853027,12.760000228881836,12.789999961853027,2922400.0,10.782618522644043
2001-08-23,12.920000076293945,12.510000228881836,12.510000228881836,12.670000076293945,2012000.0,10.6814546585083
2001-08-24,13.489999771118164,12.600000381469727,12.600000381469727,13.390000343322754,6374200.0,11.288446426391602
2001-08-27,13.420000076293945,12.899999618530273,13.420000076293945,13.010000228881836,3605200.0,10.96809196472168
2001-08-28,12.899999618530273,12.300000190734863,12.760000228881836,12.3100004196167,3406700.0,10.377955436706543
2001-08-29,12.550000190734863,12.119999885559082,12.40999984741211,12.199999809265137,3429700.0,10.285221099853516
2001-08-30,12.199999809265137,11.75,12.199999809265137,12.050000190734863,5191600.0,10.158761024475098
2001-08-31,12.5600004196167,11.970000267028809,12.0,12.460000038146973,3101800.0,10.504414558410645
2001-09-04,13.0,12.170000076293945,12.460000038146973,12.350000381469727,3832200.0,10.411675453186035
2001-09-05,12.609999656677246,12.119999885559082,12.350000381469727,12.380000114440918,3131400.0,10.436967849731445
2001-09-06,12.199999809265137,11.300000190734863,12.149999618530273,12.029999732971191,4121900.0,10.141900062561035
2001-09-07,12.180000305175781,11.59000015258789,12.0,11.869999885559082,4092900.0,10.007011413574219
2001-09-10,12.180000305175781,11.4399995803833,11.550000190734863,11.770000457763672,4098400.0,9.922707557678223
2001-09-17,10.890000343322754,9.90999984741211,10.75,10.069999694824219,8035500.0,8.489521980285645
2001-09-18,10.40999984741211,10.0,10.010000228881836,10.010000228881836,6242100.0,8.438935279846191
2001-09-19,10.170000076293945,8.979999542236328,9.989999771118164,9.449999809265137,10346100.0,7.9668288230896
2001-09-20,9.3100004196167,8.8100004196167,9.050000190734863,8.9399995803833,7001000.0,7.536871433258057
2001-09-21,9.600000381469727,8.130000114440918,8.300000190734863,9.5,11180900.0,8.008980751037598
2001-09-24,10.479999542236328,9.75,9.899999618530273,10.199999809265137,8006500.0,8.599120140075684
2001-09-25,10.670000076293945,9.949999809265137,10.399999618530273,10.270000457763672,7002900.0,8.658130645751953
2001-09-26,10.59000015258789,9.699999809265137,10.449999809265137,10.100000381469727,5342000.0,8.514812469482422
2001-09-27,10.649999618530273,9.949999809265137,10.0,10.649999618530273,6233700.0,8.978489875793457
2001-09-28,11.5,10.5,10.649999618530273,11.5,7031400.0,9.695082664489746
2001-10-01,11.15999984741211,10.460000038146973,11.100000381469727,10.869999885559082,4656400.0,9.163963317871094
2001-10-02,11.380000114440918,10.569999694824219,10.869999885559082,11.380000114440918,3606500.0,9.593916893005371
2001-10-03,11.289999961853027,10.899999618530273,11.079999923706055,11.149999618530273,6238300.0,9.400017738342285
2001-10-04,11.720000267028809,11.100000381469727,11.149999618530273,11.359999656677246,5025300.0,9.577057838439941
2001-10-05,11.449999809265137,10.729999542236328,11.359999656677246,11.0,4019300.0,9.273560523986816
2001-10-08,11.050000190734863,10.600000381469727,10.949999809265137,11.0,2796700.0,9.273560523986816
2001-10-09,10.890000343322754,10.529999732971191,10.550000190734863,10.59000015258789,3184000.0,8.927907943725586
2001-10-10,11.039999961853027,10.380000114440918,10.579999923706055,10.989999771118164,4319200.0,9.265128135681152
2001-10-11,11.949999809265137,11.329999923706055,11.329999923706055,11.630000114440918,6524600.0,9.804679870605469
2001-10-12,11.350000381469727,10.670000076293945,10.800000190734863,11.199999809265137,4899800.0,9.442169189453125
2001-10-15,11.1899995803833,10.84000015258789,11.050000190734863,11.0,3519000.0,9.273560523986816
2001-10-16,12.25,11.180000305175781,11.199999809265137,12.100000381469727,6675800.0,10.200915336608887
2001-10-17,13.300000190734863,12.210000038146973,13.0,12.25,9390400.0,10.327370643615723
2001-10-18,12.90999984741211,12.25,12.25,12.510000228881836,5024400.0,10.546568870544434
2001-10-19,12.949999809265137,12.5,12.600000381469727,12.770000457763672,3808900.0,10.765756607055664
2001-10-22,13.949999809265137,12.210000038146973,12.5,13.859999656677246,6454300.0,11.684685707092285
2001-10-23,14.300000190734863,13.520000457763672,13.859999656677246,13.619999885559082,5678700.0,11.48235034942627
2001-10-24,13.539999961853027,12.720000267028809,13.520000457763672,12.960000038146973,4217500.0,10.92594051361084
2001-10-25,13.699999809265137,12.520000457763672,12.699999809265137,13.489999771118164,4285100.0,11.372756958007812
2001-10-26,14.170000076293945,13.300000190734863,13.390000343322754,13.899999618530273,4980900.0,11.718404769897461
2001-10-29,13.779999732971191,13.100000381469727,13.609999656677246,13.25,3365300.0,11.170429229736328
2001-10-30,13.100000381469727,12.59000015258789,12.899999618530273,12.8100004196167,3014100.0,10.799480438232422
2001-10-31,13.529999732971191,12.800000190734863,12.800000190734863,12.880000114440918,3515500.0,10.858494758605957
2001-11-01,13.399999618530273,12.600000381469727,12.949999809265137,13.220000267028809,4742700.0,11.145132064819336
2001-11-02,13.5,12.850000381469727,12.899999618530273,13.329999923706055,3109300.0,11.23786735534668
2001-11-05,14.039999961853027,13.350000381469727,13.430000305175781,13.899999618530273,4240400.0,11.718404769897461
2001-11-06,14.34000015258789,13.600000381469727,13.800000190734863,14.300000190734863,3189100.0,12.055627822875977
2001-11-07,15.489999771118164,14.449999809265137,14.5,15.350000381469727,9782100.0,12.950791358947754
2001-11-08,16.149999618530273,14.65999984741211,15.350000381469727,14.75,8916000.0,12.444571495056152
2001-11-09,15.220000267028809,14.600000381469727,14.850000381469727,15.119999885559082,3179000.0,12.756739616394043
2001-11-12,15.0,14.399999618530273,15.0,14.819999694824219,3488100.0,12.503626823425293
2001-11-13,15.960000038146973,15.300000190734863,15.649999618530273,15.829999923706055,6701900.0,13.355765342712402
2001-11-14,16.200000762939453,15.199999809265137,16.0,15.5600004196167,6750000.0,13.127968788146973
2001-11-15,15.449999809265137,14.850000381469727,15.100000381469727,15.100000381469727,4620700.0,12.739863395690918
2001-11-16,14.800000190734863,14.300000190734863,14.800000190734863,14.5,4812800.0,12.233646392822266
2001-11-19,15.130000114440918,14.600000381469727,14.75,14.930000305175781,3091400.0,12.596436500549316
2001-11-20,14.930000305175781,14.399999618530273,14.930000305175781,14.5,2629200.0,12.233646392822266
2001-11-21,14.489999771118164,13.869999885559082,14.489999771118164,14.100000381469727,3228100.0,11.89616584777832
2001-11-23,14.479999542236328,14.109999656677246,14.149999618530273,14.479999542236328,1466900.0,12.21677017211914
2001-11-26,15.09000015258789,14.380000114440918,14.380000114440918,15.010000228881836,3768200.0,12.663935661315918
2001-11-27,15.40999984741211,14.8100004196167,14.949999809265137,15.199999809265137,3768600.0,12.824234962463379
2001-11-28,15.199999809265137,14.329999923706055,15.199999809265137,14.399999618530273,3552400.0,12.14928150177002
2001-11-29,15.510000228881836,14.079999923706055,14.25,14.380000114440918,2871900.0,12.132405281066895
2001-11-30,14.680000305175781,14.210000038146973,14.449999809265137,14.359999656677246,2345400.0,12.115527153015137
2001-12-03,14.210000038146973,13.65999984741211,14.199999809265137,13.859999656677246,2693500.0,11.693683624267578
2001-12-04,14.350000381469727,13.899999618530273,14.100000381469727,14.350000381469727,3005500.0,12.107094764709473
2001-12-05,15.75,14.260000228881836,14.289999961853027,15.489999771118164,6379000.0,13.068913459777832
2001-12-06,15.899999618530273,15.300000190734863,15.350000381469727,15.84000015258789,5436700.0,13.364205360412598
2001-12-07,16.1200008392334,15.539999961853027,15.600000381469727,15.619999885559082,4476600.0,13.17859172821045
2001-12-10,15.699999809265137,15.25,15.399999618530273,15.5600004196167,2556500.0,13.127968788146973
2001-12-11,16.030000686645508,15.460000038146973,15.5600004196167,15.850000381469727,4319100.0,13.372637748718262
2001-12-12,15.949999809265137,15.020000457763672,15.949999809265137,15.399999618530273,3410400.0,12.992980003356934
2001-12-13,16.299999237060547,15.0600004196167,15.399999618530273,15.65999984741211,7347000.0,13.212336540222168
2001-12-14,16.100000381469727,15.4399995803833,15.75,15.59000015258789,4758400.0,13.153280258178711
2001-12-17,15.510000228881836,15.050000190734863,15.260000228881836,15.199999809265137,3859500.0,12.824234962463379
2001-12-18,15.470000267028809,15.0600004196167,15.319999694824219,15.300000190734863,3043000.0,12.908608436584473
2001-12-19,15.850000381469727,14.710000038146973,14.710000038146973,15.770000457763672,6826800.0,13.305140495300293
2001-12-20,16.100000381469727,15.300000190734863,15.75,15.300000190734863,3615100.0,12.908608436584473
2001-12-21,15.649999618530273,15.350000381469727,15.640000343322754,15.550000190734863,5660700.0,13.119527816772461
2001-12-24,15.489999771118164,15.300000190734863,15.300000190734863,15.369999885559082,1006600.0,12.96766471862793
2001-12-26,15.720000267028809,15.270000457763672,15.300000190734863,15.460000038146973,1876000.0,13.043599128723145
2001-12-27,15.960000038146973,15.380000114440918,15.380000114440918,15.75,2697300.0,13.288269996643066
2001-12-28,15.920000076293945,15.510000228881836,15.880000114440918,15.739999771118164,2577800.0,13.279830932617188
2001-12-31,15.84000015258789,15.25,15.350000381469727,15.470000267028809,3809000.0,13.052030563354492
2002-01-02,15.5600004196167,15.100000381469727,15.420000076293945,15.5600004196167,2865600.0,13.127968788146973
2002-01-03,16.989999771118164,15.619999885559082,15.699999809265137,16.850000381469727,6554700.0,14.216339111328125
2002-01-04,19.0,17.549999237060547,17.700000762939453,18.09000015258789,12209800.0,15.262537956237793
2002-01-07,18.09000015258789,17.020000457763672,17.979999542236328,17.34000015258789,5697700.0,14.629753112792969
2002-01-08,17.40999984741211,16.899999618530273,17.25,17.040000915527344,2927100.0,14.376644134521484
2002-01-09,17.68000030517578,17.020000457763672,17.040000915527344,17.219999313354492,3308600.0,14.528510093688965
2002-01-10,17.299999237060547,16.469999313354492,17.0,16.639999389648438,4874800.0,14.039164543151855
2002-01-11,16.989999771118164,16.75,16.850000381469727,16.950000762939453,2955300.0,14.300712585449219
2002-01-14,16.75,15.800000190734863,16.649999618530273,16.020000457763672,5015600.0,13.516068458557129
2002-01-15,16.25,15.789999961853027,16.0,16.010000228881836,3824400.0,13.507628440856934
2002-01-16,15.890000343322754,15.010000228881836,15.850000381469727,15.029999732971191,4210300.0,12.680809020996094
2002-01-17,15.550000190734863,15.25,15.300000190734863,15.520000457763672,3716500.0,13.094221115112305
2002-01-18,15.260000228881836,14.800000190734863,15.149999618530273,14.869999885559082,3744800.0,12.54581356048584
2002-01-22,15.210000038146973,13.979999542236328,15.180000305175781,14.119999885559082,5868800.0,11.913042068481445
2002-01-23,14.350000381469727,13.670000076293945,14.220000267028809,13.850000381469727,7193300.0,11.685240745544434
2002-01-24,14.729999542236328,13.850000381469727,14.100000381469727,13.859999656677246,4232100.0,11.693683624267578
2002-01-25,14.5,13.859999656677246,14.0,14.300000190734863,3743800.0,12.064909934997559
2002-01-28,14.699999809265137,14.109999656677246,14.329999923706055,14.279999732971191,3288500.0,12.04803466796875
2002-01-29,14.449999809265137,12.899999618530273,14.369999885559082,13.0,10149900.0,10.968096733093262
2002-01-30,13.5600004196167,12.649999618530273,13.5,13.550000190734863,8878600.0,11.432134628295898
2002-01-31,14.420000076293945,13.5600004196167,13.800000190734863,14.369999885559082,5768100.0,12.123966217041016
2002-02-01,14.449999809265137,13.84000015258789,14.100000381469727,14.1899995803833,2722500.0,11.972102165222168
2002-02-04,14.09000015258789,13.180000305175781,13.899999618530273,13.300000190734863,4135000.0,11.221202850341797
2002-02-05,13.789999961853027,13.0,13.399999618530273,13.40999984741211,3853900.0,11.314013481140137
2002-02-06,13.850000381469727,13.0,13.380000114440918,13.850000381469727,5266100.0,11.69483757019043
2002-02-07,14.350000381469727,13.430000305175781,13.739999771118164,13.819999694824219,5039200.0,11.669502258300781
2002-02-08,14.399999618530273,13.859999656677246,13.899999618530273,14.149999618530273,3155300.0,11.948158264160156
2002-02-11,14.479999542236328,14.050000190734863,14.300000190734863,14.449999809265137,2253800.0,12.201473236083984
2002-02-12,14.430000305175781,14.029999732971191,14.390000343322754,14.149999618530273,2217500.0,11.948158264160156
2002-02-13,14.850000381469727,14.210000038146973,14.369999885559082,14.819999694824219,4706100.0,12.513896942138672
2002-02-14,14.989999771118164,14.520000457763672,14.979999542236328,14.989999771118164,5181600.0,12.65744400024414
2002-02-15,14.930000305175781,13.949999809265137,14.930000305175781,14.0,4571900.0,11.82149600982666
2002-02-19,14.010000228881836,13.039999961853027,14.010000228881836,13.1899995803833,6553700.0,11.137537002563477
2002-02-20,13.949999809265137,12.5,13.380000114440918,13.949999809265137,5985400.0,11.779273986816406
2002-02-21,14.199999809265137,13.319999694824219,13.800000190734863,13.5,4743100.0,11.399299621582031
2002-02-22,13.699999809265137,12.729999542236328,13.399999618530273,13.199999809265137,6444800.0,11.145981788635254
2002-02-25,13.350000381469727,12.25,12.25,13.350000381469727,7024200.0,11.272639274597168
2002-02-26,13.430000305175781,12.75,13.25,13.1899995803833,4527800.0,11.137537002563477
2002-02-27,13.579999923706055,13.010000228881836,13.199999809265137,13.109999656677246,3468900.0,11.06998348236084
2002-02-28,13.489999771118164,13.0,13.100000381469727,13.039999961853027,3417500.0,11.01087474822998
2002-03-01,13.699999809265137,12.899999618530273,13.0600004196167,13.699999809265137,3827900.0,11.568175315856934
2002-03-04,14.739999771118164,13.760000228881836,13.789999961853027,14.649999618530273,5822800.0,12.37034797668457
2002-03-05,15.289999961853027,14.5,14.649999618530273,15.260000228881836,6289000.0,12.88542652130127
2002-03-06,15.329999923706055,14.899999618530273,15.020000457763672,15.300000190734863,3873700.0,12.919203758239746
2002-03-07,15.600000381469727,15.100000381469727,15.59000015258789,15.300000190734863,4380700.0,12.919203758239746
2002-03-08,15.729999542236328,15.369999885559082,15.600000381469727,15.550000190734863,4588300.0,13.13029956817627
2002-03-11,15.800000190734863,15.390000343322754,15.5,15.619999885559082,3500400.0,13.189408302307129
2002-03-12,15.399999618530273,14.949999809265137,15.25,15.25,3344200.0,12.876983642578125
2002-03-13,15.069999694824219,14.609999656677246,15.069999694824219,14.800000190734863,3736400.0,12.497005462646484
2002-03-14,14.569999694824219,14.140000343322754,14.5,14.520000457763672,5580500.0,12.260577201843262
2002-03-15,14.350000381469727,14.020000457763672,14.149999618530273,14.15999984741211,6263400.0,11.956597328186035
2002-03-18,14.569999694824219,14.199999809265137,14.300000190734863,14.5600004196167,4253600.0,12.294353485107422
2002-03-19,14.770000457763672,14.3100004196167,14.569999694824219,14.489999771118164,2779100.0,12.235247611999512
2002-03-20,14.4399995803833,13.8100004196167,14.4399995803833,13.8100004196167,3214600.0,11.661063194274902
2002-03-21,13.989999771118164,13.380000114440918,13.899999618530273,13.8100004196167,3645200.0,11.661063194274902
2002-03-22,13.850000381469727,13.399999618530273,13.850000381469727,13.529999732971191,2982100.0,11.424629211425781
2002-03-25,13.550000190734863,13.09000015258789,13.420000076293945,13.119999885559082,2750300.0,11.078428268432617
2002-03-26,13.380000114440918,12.850000381469727,13.0,13.0600004196167,5152100.0,11.027765274047852
2002-03-27,13.239999771118164,12.930000305175781,13.069999694824219,13.109999656677246,4173600.0,11.06998348236084
2002-03-28,13.1899995803833,12.739999771118164,12.850000381469727,13.09000015258789,3390100.0,11.053096771240234
2002-04-01,13.09000015258789,12.699999809265137,12.770000457763672,13.0,3024100.0,10.97710132598877
2002-04-02,12.789999961853027,12.520000457763672,12.710000038146973,12.649999618530273,4455600.0,10.681568145751953
2002-04-03,12.75,12.350000381469727,12.75,12.399999618530273,4078200.0,10.470464706420898
2002-04-04,12.5600004196167,12.15999984741211,12.550000190734863,12.279999732971191,6276400.0,10.369141578674316
2002-04-05,12.75,12.270000457763672,12.399999618530273,12.350000381469727,3460600.0,10.428248405456543
2002-04-08,12.6899995803833,12.100000381469727,12.100000381469727,12.550000190734863,4098400.0,10.597127914428711
2002-04-09,12.720000267028809,12.149999618530273,12.640000343322754,12.279999732971191,4129200.0,10.369141578674316
2002-04-10,12.649999618530273,12.279999732971191,12.350000381469727,12.649999618530273,4308500.0,10.681568145751953
2002-04-11,12.630000114440918,12.0600004196167,12.619999885559082,12.149999618530273,4606000.0,10.259370803833008
2002-04-12,12.550000190734863,12.199999809265137,12.220000267028809,12.5,2636800.0,10.55490493774414
2002-04-15,12.699999809265137,12.449999809265137,12.569999694824219,12.579999923706055,3624900.0,10.622454643249512
2002-04-16,13.1899995803833,12.609999656677246,12.75,13.069999694824219,6163800.0,11.036212921142578
2002-04-17,13.1899995803833,12.949999809265137,13.0600004196167,13.039999961853027,6313200.0,11.01087474822998
2002-04-18,13.079999923706055,12.390000343322754,13.020000457763672,12.5,5448200.0,10.55490493774414
2002-04-19,12.699999809265137,12.390000343322754,12.5,12.520000457763672,3965900.0,10.571796417236328
2002-04-22,12.359999656677246,12.0,12.350000381469727,12.050000190734863,5008700.0,10.174932479858398
2002-04-23,12.079999923706055,11.649999618530273,12.029999732971191,11.699999809265137,5528600.0,9.87939167022705
2002-04-24,11.819999694824219,11.300000190734863,11.75,11.350000381469727,4948100.0,9.583852767944336
2002-04-25,11.430000305175781,11.0,11.100000381469727,11.359999656677246,4054300.0,9.592297554016113
2002-04-26,11.329999923706055,10.920000076293945,11.149999618530273,11.010000228881836,5363600.0,9.296759605407715
2002-04-29,11.359999656677246,10.920000076293945,11.020000457763672,11.050000190734863,4903000.0,9.330537796020508
2002-04-30,11.420000076293945,11.020000457763672,11.149999618530273,11.390000343322754,5507500.0,9.617631912231445
2002-05-01,11.5600004196167,11.050000190734863,11.390000343322754,11.5,5485900.0,9.710512161254883
2002-05-02,11.5,10.9399995803833,11.5,11.149999618530273,4160200.0,9.4149751663208
2002-05-03,11.010000228881836,10.600000381469727,11.0,10.699999809265137,5096300.0,9.034998893737793
2002-05-06,10.579999923706055,9.890000343322754,10.5,10.020000457763672,4624400.0,8.469520568847656
2002-05-07,10.170000076293945,9.600000381469727,9.979999542236328,9.850000381469727,8885200.0,8.325823783874512
2002-05-08,11.34000015258789,10.529999732971191,10.699999809265137,11.25,10365300.0,9.509194374084473
2002-05-09,11.25,10.899999618530273,11.0,11.100000381469727,4766000.0,9.382399559020996
2002-05-10,11.1899995803833,10.8100004196167,11.050000190734863,10.949999809265137,3935100.0,9.255611419677734
2002-05-13,11.600000381469727,10.699999809265137,10.899999618530273,11.460000038146973,4889700.0,9.686697959899902
2002-05-14,12.130000114440918,11.770000457763672,11.850000381469727,12.069999694824219,5823900.0,10.202305793762207
2002-05-15,12.479999542236328,11.800000190734863,12.029999732971191,12.1899995803833,5292500.0,10.303735733032227
2002-05-16,12.420000076293945,12.149999618530273,12.289999961853027,12.279999732971191,4422900.0,10.379807472229004
2002-05-17,12.609999656677246,12.300000190734863,12.380000114440918,12.579999923706055,4022500.0,10.633389472961426
2002-05-20,12.520000457763672,12.039999961853027,12.520000457763672,12.119999885559082,2707800.0,10.244568824768066
2002-05-21,12.449999809265137,11.779999732971191,12.350000381469727,11.899999618530273,2558900.0,10.058609008789062
2002-05-22,12.0,11.600000381469727,11.869999885559082,11.850000381469727,2991300.0,10.01634407043457
2002-05-23,12.130000114440918,11.75,11.800000190734863,12.09000015258789,2403700.0,10.219209671020508
2002-05-24,12.09000015258789,11.90999984741211,12.09000015258789,11.989999771118164,1978200.0,10.134686470031738
2002-05-28,12.899999618530273,12.199999809265137,12.890000343322754,12.270000457763672,6702200.0,10.371356010437012
2002-05-29,12.4399995803833,12.100000381469727,12.220000267028809,12.149999618530273,3129400.0,10.269926071166992
2002-05-30,12.140000343322754,11.649999618530273,12.109999656677246,11.819999694824219,3875100.0,9.99099063873291
2002-05-31,12.510000228881836,12.050000190734863,12.5,12.09000015258789,6189300.0,10.219209671020508
2002-06-03,12.1899995803833,11.600000381469727,12.119999885559082,11.609999656677246,3163100.0,9.813485145568848
2002-06-04,11.890000343322754,11.34000015258789,11.5,11.649999618530273,3225700.0,9.84729290008545
2002-06-05,12.479999542236328,11.579999923706055,11.579999923706055,12.380000114440918,5574500.0,10.464335441589355
2002-06-06,12.420000076293945,12.140000343322754,12.399999618530273,12.350000381469727,4721700.0,10.438976287841797
2002-06-07,12.510000228881836,11.819999694824219,11.949999809265137,12.5,4142200.0,10.565767288208008
2002-06-10,12.859999656677246,12.319999694824219,12.5,12.739999771118164,4037100.0,10.768631935119629
2002-06-11,12.789999961853027,11.989999771118164,12.649999618530273,12.010000228881836,4548200.0,10.151589393615723
2002-06-12,12.010000228881836,11.119999885559082,12.010000228881836,11.539999961853027,7156900.0,9.754318237304688
2002-06-13,11.899999618530273,11.079999923706055,11.300000190734863,11.149999618530273,5823100.0,9.424663543701172
2002-06-14,11.3100004196167,10.649999618530273,10.899999618530273,11.25,6898700.0,9.509194374084473
2002-06-17,12.229999542236328,11.300000190734863,11.300000190734863,12.180000305175781,5859300.0,10.29528522491455
2002-06-18,12.5,12.029999732971191,12.25,12.399999618530273,4831000.0,10.481240272521973
2002-06-19,12.329999923706055,11.899999618530273,12.25,12.0,3724100.0,10.143141746520996
2002-06-20,12.140000343322754,11.760000228881836,12.0,11.859999656677246,3772900.0,10.024800300598145
2002-06-21,12.050000190734863,11.300000190734863,11.300000190734863,11.430000305175781,5697500.0,9.661340713500977
2002-06-24,12.0,10.989999771118164,11.4399995803833,11.670000076293945,5461400.0,9.864201545715332
2002-06-25,12.550000190734863,11.25,11.899999618530273,11.300000190734863,4142100.0,9.551453590393066
2002-06-26,11.449999809265137,10.9399995803833,11.0600004196167,11.300000190734863,4954300.0,9.551453590393066
2002-06-27,11.850000381469727,11.170000076293945,11.800000190734863,11.75,3497200.0,9.931818962097168
2002-06-28,12.010000228881836,11.199999809265137,11.630000114440918,11.199999809265137,5246500.0,9.466927528381348
2002-07-01,11.649999618530273,11.0,11.279999732971191,11.0,3705300.0,9.297873497009277
2002-07-02,11.15999984741211,10.710000038146973,11.0,10.710000038146973,5517900.0,9.052749633789062
2002-07-03,10.899999618530273,10.260000228881836,10.710000038146973,10.800000190734863,4526500.0,9.128824234008789
2002-07-05,11.649999618530273,10.949999809265137,11.0,11.529999732971191,3591600.0,9.74586296081543
2002-07-08,11.890000343322754,11.100000381469727,11.600000381469727,11.199999809265137,3271800.0,9.466927528381348
2002-07-09,11.1899995803833,10.569999694824219,11.050000190734863,10.699999809265137,4786800.0,9.044299125671387
2002-07-10,10.890000343322754,10.300000190734863,10.800000190734863,10.350000381469727,4265000.0,8.748456001281738
2002-07-11,10.800000190734863,10.029999732971191,10.199999809265137,10.619999885559082,5037700.0,8.976673126220703
2002-07-12,10.850000381469727,10.449999809265137,10.520000457763672,10.699999809265137,4296300.0,9.044299125671387
2002-07-15,10.90999984741211,10.15999984741211,10.5,10.779999732971191,5988200.0,9.111917495727539
2002-07-16,10.75,10.229999542236328,10.5,10.470000267028809,4420400.0,8.849885940551758
2002-07-17,11.0,10.25,10.609999656677246,10.550000190734863,6322500.0,8.917510986328125
2002-07-18,10.680000305175781,10.260000228881836,10.449999809265137,10.399999618530273,4565900.0,8.79072093963623
2002-07-19,10.399999618530273,10.039999961853027,10.300000190734863,10.289999961853027,5511200.0,8.69774055480957
2002-07-22,10.199999809265137,9.539999961853027,10.0,9.600000381469727,5772600.0,8.114510536193848
2002-07-23,9.579999923706055,8.770000457763672,9.579999923706055,8.770000457763672,7996800.0,7.41294527053833
2002-07-24,9.399999618530273,8.050000190734863,8.770000457763672,9.399999618530273,9067700.0,7.9454569816589355
2002-07-25,9.699999809265137,8.680000305175781,9.25,9.0,5743200.0,7.607354640960693
2002-07-26,9.0600004196167,8.75,8.899999618530273,8.970000267028809,5416200.0,7.581996440887451
2002-07-29,9.760000228881836,8.899999618530273,9.260000228881836,9.75,8121300.0,8.241300582885742
2002-07-30,9.699999809265137,9.119999885559082,9.649999618530273,9.329999923706055,6361800.0,7.886290550231934
2002-07-31,9.329999923706055,8.550000190734863,9.329999923706055,8.949999809265137,7103200.0,7.565088272094727
2002-08-01,8.949999809265137,8.149999618530273,8.949999809265137,8.3100004196167,8189200.0,7.024125099182129
2002-08-02,8.449999809265137,8.020000457763672,8.449999809265137,8.260000228881836,4852200.0,6.9818620681762695
2002-08-05,8.220000267028809,7.679999828338623,8.199999809265137,7.760000228881836,6140800.0,6.559229373931885
2002-08-06,8.079999923706055,7.650000095367432,7.940000057220459,7.670000076293945,7097100.0,6.4923577308654785
2002-08-07,7.909999847412109,7.510000228881836,7.769999980926514,7.829999923706055,4615600.0,6.627790927886963
2002-08-08,8.489999771118164,7.829999923706055,7.940000057220459,8.260000228881836,4667300.0,6.991772174835205
2002-08-09,8.699999809265137,8.100000381469727,8.15999984741211,8.569999694824219,3353500.0,7.254172325134277
2002-08-12,8.5600004196167,8.180000305175781,8.300000190734863,8.460000038146973,2410600.0,7.161062240600586
2002-08-13,8.949999809265137,8.180000305175781,8.3100004196167,8.59000015258789,5605600.0,7.271104335784912
2002-08-14,8.979999542236328,8.220000267028809,8.59000015258789,8.890000343322754,4574700.0,7.525038242340088
2002-08-15,9.039999961853027,8.699999809265137,8.850000381469727,8.890000343322754,3868300.0,7.525038242340088
2002-08-16,9.0,8.710000038146973,8.800000190734863,8.949999809265137,2757400.0,7.575828552246094
2002-08-19,9.609999656677246,8.850000381469727,8.970000267028809,9.539999961853027,6100800.0,8.075244903564453
2002-08-20,9.5,9.15999984741211,9.300000190734863,9.25,3770800.0,7.829768180847168
2002-08-21,9.600000381469727,8.90999984741211,9.300000190734863,9.550000190734863,5186900.0,8.08370304107666
2002-08-22,10.0,9.420000076293945,9.479999542236328,9.90999984741211,4906800.0,8.388436317443848
2002-08-23,9.850000381469727,9.390000343322754,9.670000076293945,9.479999542236328,2709800.0,8.024454116821289
2002-08-26,9.800000190734863,9.210000038146973,9.479999542236328,9.59000015258789,2715600.0,8.117563247680664
2002-08-27,9.779999732971191,9.25,9.739999771118164,9.449999809265137,2638800.0,7.999056339263916
2002-08-28,9.449999809265137,8.880000114440918,9.449999809265137,9.0600004196167,3257800.0,7.668941974639893
2002-08-29,9.399999618530273,8.699999809265137,8.729999542236328,9.170000076293945,3983300.0,7.762049674987793
2002-08-30,9.5600004196167,9.0,9.069999694824219,9.180000305175781,3706700.0,7.770515441894531
2002-09-03,9.149999618530273,8.520000457763672,8.899999618530273,8.569999694824219,4135800.0,7.254172325134277
2002-09-04,9.279999732971191,8.600000381469727,8.75,9.279999732971191,4711500.0,7.855161190032959
2002-09-05,9.199999809265137,8.770000457763672,9.199999809265137,8.960000038146973,4206300.0,7.584295272827148
2002-09-06,9.699999809265137,9.039999961853027,9.050000190734863,9.319999694824219,4745100.0,7.8890204429626465
2002-09-09,10.100000381469727,9.09000015258789,9.149999618530273,9.800000190734863,5618300.0,8.29532241821289
2002-09-10,10.279999732971191,9.850000381469727,10.0,10.079999923706055,5490100.0,8.532330513000488
2002-09-11,10.550000190734863,10.0,10.550000190734863,10.020000457763672,4906900.0,8.48154067993164
2002-09-12,10.0,9.359999656677246,9.859999656677246,9.449999809265137,6589500.0,7.999056339263916
2002-09-13,10.010000228881836,9.3100004196167,9.399999618530273,10.010000228881836,5442200.0,8.473077774047852
2002-09-16,10.010000228881836,9.600000381469727,9.920000076293945,9.770000457763672,3823000.0,8.269928932189941
2002-09-17,10.020000457763672,9.149999618530273,9.989999771118164,9.170000076293945,4473500.0,7.762049674987793
2002-09-18,9.4399995803833,8.880000114440918,9.0,9.069999694824219,3768800.0,7.677403450012207
2002-09-19,8.930000305175781,8.569999694824219,8.819999694824219,8.649999618530273,3961900.0,7.321893215179443
2002-09-20,9.180000305175781,8.510000228881836,8.649999618530273,9.050000190734863,6120000.0,7.660473823547363
2002-09-23,9.0,8.569999694824219,8.930000305175781,9.0,3857000.0,7.6181535720825195
2002-09-24,9.039999961853027,8.5,8.75,8.649999618530273,3532200.0,7.321893215179443
2002-09-25,9.449999809265137,8.729999542236328,8.899999618530273,9.0,4636400.0,7.6181535720825195
2002-09-26,9.59000015258789,9.079999923706055,9.180000305175781,9.479999542236328,3850600.0,8.024454116821289
2002-09-27,9.600000381469727,8.949999809265137,9.479999542236328,8.949999809265137,3525100.0,7.575828552246094
2002-09-30,9.0,8.34000015258789,8.699999809265137,8.699999809265137,6445800.0,7.364213943481445
2002-10-01,9.140000343322754,8.600000381469727,8.880000114440918,8.979999542236328,4293500.0,7.601219654083252
2002-10-02,9.140000343322754,8.649999618530273,9.0600004196167,8.819999694824219,3180000.0,7.465786933898926
2002-10-03,8.8100004196167,8.199999809265137,8.670000076293945,8.220000267028809,4670700.0,6.957914352416992
2002-10-04,8.220000267028809,7.559999942779541,8.220000267028809,7.829999923706055,8932400.0,6.627790927886963
2002-10-07,7.900000095367432,7.21999979019165,7.820000171661377,7.260000228881836,5752900.0,6.145308494567871
2002-10-08,8.119999885559082,7.340000152587891,7.400000095367432,7.869999885559082,4313800.0,6.661648750305176
2002-10-09,8.0,7.579999923706055,7.829999923706055,7.860000133514404,3873800.0,6.653184413909912
2002-10-10,8.180000305175781,7.71999979019165,7.75,7.989999771118164,5533500.0,6.763225078582764
2002-10-11,8.850000381469727,8.130000114440918,8.199999809265137,8.850000381469727,4978000.0,7.491185188293457
2002-10-14,9.069999694824219,8.5,8.800000190734863,8.869999885559082,2843900.0,7.508111476898193
2002-10-15,9.850000381469727,9.520000457763672,9.600000381469727,9.789999961853027,5699500.0,8.286860466003418
2002-10-16,9.609999656677246,8.760000228881836,9.600000381469727,8.930000305175781,6404400.0,7.558901786804199
2002-10-17,9.600000381469727,9.260000228881836,9.260000228881836,9.449999809265137,5274100.0,7.999056339263916
2002-10-18,9.40999984741211,9.100000381469727,9.399999618530273,9.180000305175781,4389900.0,7.770515441894531
2002-10-21,9.489999771118164,8.949999809265137,9.130000114440918,9.460000038146973,5240400.0,8.007522583007812
2002-10-22,9.470000267028809,8.819999694824219,9.470000267028809,9.1899995803833,4311900.0,7.778977394104004
2002-10-23,9.359999656677246,8.930000305175781,9.1899995803833,9.319999694824219,3217100.0,7.8890204429626465
2002-10-24,9.539999961853027,9.199999809265137,9.350000381469727,9.25,3534800.0,7.829768180847168
2002-10-25,9.569999694824219,9.210000038146973,9.229999542236328,9.550000190734863,3078900.0,8.08370304107666
2002-10-28,9.869999885559082,9.4399995803833,9.699999809265137,9.569999694824219,3721000.0,8.100632667541504
2002-10-29,9.529999732971191,9.029999732971191,9.369999885559082,9.300000190734863,3061600.0,7.8720903396606445
2002-10-30,9.5,9.149999618530273,9.5,9.479999542236328,3017200.0,8.024454116821289
2002-10-31,9.5,9.149999618530273,9.399999618530273,9.180000305175781,3105200.0,7.770515441894531
2002-11-01,9.65999984741211,8.949999809265137,9.119999885559082,9.600000381469727,3987200.0,8.126029968261719
2002-11-04,9.899999618530273,9.579999923706055,9.75,9.579999923706055,5690800.0,8.109101295471191
2002-11-05,9.729999542236328,9.130000114440918,9.130000114440918,9.710000038146973,3194000.0,8.219141006469727
2002-11-06,10.0,9.670000076293945,9.819999694824219,9.989999771118164,4468400.0,8.465738296508789
2002-11-07,9.899999618530273,9.65999984741211,9.850000381469727,9.819999694824219,3822400.0,8.321673393249512
2002-11-08,10.010000228881836,9.619999885559082,9.779999732971191,9.710000038146973,2718500.0,8.228461265563965
2002-11-11,9.65999984741211,9.369999885559082,9.600000381469727,9.460000038146973,3652000.0,8.016605377197266
2002-11-12,9.949999809265137,9.449999809265137,9.649999618530273,9.75,3577000.0,8.262359619140625
2002-11-13,9.869999885559082,9.5,9.699999809265137,9.630000114440918,3572600.0,8.160670280456543
2002-11-14,11.0,10.0,10.050000190734863,10.970000267028809,10248100.0,9.296213150024414
2002-11-15,11.579999923706055,10.729999542236328,10.880000114440918,11.489999771118164,7986200.0,9.736867904663086
2002-11-18,11.539999961853027,11.229999542236328,11.260000228881836,11.300000190734863,5439900.0,9.575862884521484
2002-11-19,11.180000305175781,10.869999885559082,11.130000114440918,11.0,4780600.0,9.321632385253906
2002-11-20,11.510000228881836,10.970000267028809,11.180000305175781,11.4399995803833,8108200.0,9.694498062133789
2002-11-21,11.869999885559082,11.489999771118164,11.5,11.640000343322754,7373400.0,9.863985061645508
2002-11-22,11.789999961853027,11.449999809265137,11.640000343322754,11.75,4608000.0,9.957200050354004
2002-11-25,12.0,11.630000114440918,11.75,11.75,4287100.0,9.957200050354004
2002-11-26,11.670000076293945,11.119999885559082,11.649999618530273,11.130000114440918,5125800.0,9.43179702758789
2002-11-27,11.579999923706055,11.149999618530273,11.149999618530273,11.5600004196167,4134500.0,9.796191215515137
2002-11-29,11.640000343322754,11.460000038146973,11.600000381469727,11.539999961853027,1550400.0,9.7792387008667
2002-12-02,11.829999923706055,11.25,11.470000267028809,11.640000343322754,4726200.0,9.863985061645508
2002-12-03,11.630000114440918,11.279999732971191,11.600000381469727,11.319999694824219,2830100.0,9.592809677124023
2002-12-04,11.220000267028809,11.0,11.020000457763672,11.109999656677246,4348100.0,9.414852142333984
2002-12-05,11.149999618530273,10.550000190734863,11.100000381469727,10.680000305175781,3977400.0,9.050460815429688
2002-12-06,11.239999771118164,10.449999809265137,10.449999809265137,10.979999542236328,3800200.0,9.30468463897705
2002-12-09,10.989999771118164,10.350000381469727,10.989999771118164,10.430000305175781,3634600.0,8.838608741760254
2002-12-10,10.770000457763672,10.319999694824219,10.390000343322754,10.729999542236328,2096700.0,9.0928316116333
2002-12-11,10.880000114440918,10.529999732971191,10.699999809265137,10.779999732971191,2919600.0,9.135201454162598
2002-12-12,11.399999618530273,10.800000190734863,10.800000190734863,11.020000457763672,4404000.0,9.338582038879395
2002-12-13,11.079999923706055,10.710000038146973,11.029999732971191,10.710000038146973,3028300.0,9.075879096984863
2002-12-16,11.420000076293945,10.600000381469727,11.130000114440918,11.420000076293945,3678500.0,9.677553176879883
2002-12-17,11.720000267028809,11.319999694824219,11.420000076293945,11.399999618530273,3874600.0,9.660600662231445
2002-12-18,11.449999809265137,11.039999961853027,11.329999923706055,11.109999656677246,3380500.0,9.414852142333984
2002-12-19,11.359999656677246,10.649999618530273,10.869999885559082,10.760000228881836,4470600.0,9.118255615234375
2002-12-20,11.4399995803833,10.890000343322754,10.899999618530273,11.399999618530273,5902700.0,9.660600662231445
2002-12-23,11.550000190734863,11.100000381469727,11.149999618530273,11.5,3777000.0,9.745345115661621
2002-12-24,11.449999809265137,11.149999618530273,11.199999809265137,11.1899995803833,1389900.0,9.482644081115723
2002-12-26,11.539999961853027,11.170000076293945,11.1899995803833,11.229999542236328,2174900.0,9.516536712646484
2002-12-27,11.220000267028809,10.760000228881836,11.130000114440918,10.779999732971191,2914000.0,9.135201454162598
2002-12-30,10.890000343322754,10.649999618530273,10.75,10.789999961853027,3112300.0,9.14367389678955
2002-12-31,11.100000381469727,10.65999984741211,10.779999732971191,10.850000381469727,3093400.0,9.194523811340332
2003-01-02,11.520000457763672,10.920000076293945,10.930000305175781,11.479999542236328,4020100.0,9.72839641571045
2003-01-03,11.789999961853027,11.420000076293945,11.550000190734863,11.789999961853027,4713500.0,9.991095542907715
2003-01-06,12.390000343322754,11.75,11.75,12.279999732971191,6611300.0,10.406335830688477
2003-01-07,12.279999732971191,12.029999732971191,12.25,12.050000190734863,4773700.0,10.211431503295898
2003-01-08,11.90999984741211,11.40999984741211,11.899999618530273,11.5,5833500.0,9.745345115661621
2003-01-09,12.15999984741211,11.6899995803833,11.699999809265137,12.100000381469727,4611700.0,10.253795623779297
2003-01-10,12.25,11.800000190734863,12.09000015258789,12.1899995803833,3471400.0,10.330062866210938
2003-01-13,12.430000305175781,11.899999618530273,12.289999961853027,11.899999618530273,2990000.0,10.084314346313477
2003-01-14,12.460000038146973,11.800000190734863,11.899999618530273,12.380000114440918,5130600.0,10.491076469421387
2003-01-15,12.449999809265137,12.0600004196167,12.449999809265137,12.149999618530273,3621700.0,10.29616928100586
2003-01-16,12.449999809265137,12.050000190734863,12.1899995803833,12.130000114440918,4250800.0,10.279221534729004
2003-01-17,11.970000267028809,11.5,11.649999618530273,11.739999771118164,4643000.0,9.948726654052734
2003-01-21,11.609999656677246,10.460000038146973,11.600000381469727,10.479999542236328,9294200.0,8.880979537963867
2003-01-22,10.399999618530273,9.5,10.399999618530273,9.510000228881836,12606700.0,8.058975219726562
2003-01-23,9.890000343322754,9.4399995803833,9.720000267028809,9.760000228881836,5843700.0,8.270831108093262
2003-01-24,9.670000076293945,9.359999656677246,9.619999885559082,9.479999542236328,4711100.0,8.033554077148438
2003-01-27,9.619999885559082,9.260000228881836,9.449999809265137,9.510000228881836,5025800.0,8.058975219726562
2003-01-28,9.75,9.399999618530273,9.520000457763672,9.5600004196167,4003200.0,8.101347923278809
2003-01-29,9.609999656677246,9.289999961853027,9.5,9.529999732971191,3696700.0,8.075922012329102
2003-01-30,9.510000228881836,8.90999984741211,9.430000305175781,9.140000343322754,6192500.0,7.745428085327148
2003-01-31,9.300000190734863,8.989999771118164,9.0,9.220000267028809,4369700.0,7.81322717666626
2003-02-03,9.329999923706055,9.100000381469727,9.220000267028809,9.270000457763672,3415600.0,7.855593681335449
2003-02-04,9.039999961853027,8.739999771118164,9.020000457763672,8.84000015258789,5720500.0,7.491203784942627
2003-02-05,9.149999618530273,8.6899995803833,8.819999694824219,8.8100004196167,4311200.0,7.47508430480957
2003-02-06,8.920000076293945,8.390000343322754,8.880000114440918,8.75,6167600.0,7.424174785614014
2003-02-07,8.890000343322754,8.34000015258789,8.850000381469727,8.399999618530273,4507800.0,7.127205848693848
2003-02-10,8.5,8.180000305175781,8.399999618530273,8.4399995803833,5330500.0,7.161147594451904
2003-02-11,8.569999694824219,8.039999961853027,8.40999984741211,8.140000343322754,6402900.0,6.9066057205200195
2003-02-12,8.170000076293945,7.760000228881836,8.079999923706055,7.849999904632568,8448100.0,6.66054630279541
2003-02-13,7.949999809265137,7.650000095367432,7.909999847412109,7.760000228881836,7856200.0,6.5841851234436035
2003-02-14,8.199999809265137,7.75,7.760000228881836,8.1899995803833,5741400.0,6.9490275382995605
2003-02-18,8.600000381469727,8.1899995803833,8.1899995803833,8.319999694824219,4181600.0,7.059328556060791
2003-02-19,8.34000015258789,8.119999885559082,8.300000190734863,8.180000305175781,2588000.0,6.940542697906494
2003-02-20,8.319999694824219,7.96999979019165,8.229999542236328,8.010000228881836,4330800.0,6.7963032722473145
2003-02-21,8.180000305175781,7.019999980926514,7.5,8.069999694824219,4689700.0,6.84721040725708
2003-02-24,8.100000381469727,7.610000133514404,8.100000381469727,7.679999828338623,7357900.0,6.516304016113281
2003-02-25,7.829999923706055,7.320000171661377,7.519999980926514,7.760000228881836,5888900.0,6.5841851234436035
2003-02-26,7.849999904632568,7.46999979019165,7.849999904632568,7.539999961853027,3840600.0,6.397518157958984
2003-02-27,7.869999885559082,7.550000190734863,7.639999866485596,7.75,3806700.0,6.575698375701904
2003-02-28,7.929999828338623,7.71999979019165,7.820000171661377,7.900000095367432,3974400.0,6.7029709815979
2003-03-03,8.039999961853027,7.559999942779541,7.980000019073486,7.710000038146973,5039300.0,6.541759490966797
2003-03-04,7.800000190734863,7.269999980926514,7.800000190734863,7.300000190734863,6451900.0,6.193883419036865
2003-03-05,7.440000057220459,7.190000057220459,7.340000152587891,7.400000095367432,5526300.0,6.2787299156188965
2003-03-06,7.440000057220459,7.170000076293945,7.300000190734863,7.190000057220459,3809400.0,6.100550651550293
2003-03-07,7.389999866485596,7.03000020980835,7.099999904632568,7.139999866485596,4083600.0,6.058126926422119
2003-03-10,7.150000095367432,6.800000190734863,7.139999866485596,6.849999904632568,5080500.0,5.81206750869751
2003-03-11,6.949999809265137,6.550000190734863,6.900000095367432,6.559999942779541,4603300.0,5.566009521484375
2003-03-12,6.710000038146973,6.25,6.559999942779541,6.710000038146973,6563900.0,5.693281650543213
2003-03-13,7.119999885559082,6.409999847412109,6.880000114440918,7.119999885559082,8082500.0,6.041156768798828
2003-03-14,7.150000095367432,6.53000020980835,7.139999866485596,6.670000076293945,8773200.0,5.659342288970947
2003-03-17,7.510000228881836,6.630000114440918,6.739999771118164,7.489999771118164,10432200.0,6.3550920486450195
2003-03-18,7.75,7.420000076293945,7.699999809265137,7.730000019073486,6425200.0,6.558727264404297
2003-03-19,7.889999866485596,7.46999979019165,7.840000152587891,7.650000095367432,5649900.0,6.49084997177124
2003-03-20,8.029999732971191,7.449999809265137,7.639999866485596,7.800000190734863,5394300.0,6.61812162399292
2003-03-21,8.149999618530273,7.909999847412109,8.100000381469727,8.09000015258789,5663500.0,6.864181041717529
2003-03-24,7.849999904632568,7.610000133514404,7.760000228881836,7.690000057220459,3614300.0,6.524787902832031
2003-03-25,7.869999885559082,7.610000133514404,7.639999866485596,7.670000076293945,4791000.0,6.507819175720215
2003-03-26,7.860000133514404,7.519999980926514,7.579999923706055,7.710000038146973,2913300.0,6.541759490966797
2003-03-27,7.849999904632568,7.559999942779541,7.710000038146973,7.730000019073486,3460900.0,6.558727264404297
2003-03-28,7.75,7.460000038146973,7.550000190734863,7.480000019073486,2831600.0,6.346609115600586
2003-03-31,7.349999904632568,7.090000152587891,7.25,7.21999979019165,3644900.0,6.12600564956665
2003-04-01,7.659999847412109,7.199999809265137,7.300000190734863,7.619999885559082,4304200.0,6.465395927429199
2003-04-02,8.029999732971191,7.78000020980835,7.949999809265137,7.849999904632568,5186500.0,6.66054630279541
2003-04-03,8.0,7.760000228881836,7.980000019073486,7.920000076293945,3055400.0,6.719936847686768
2003-04-04,8.069999694824219,7.849999904632568,7.949999809265137,8.029999732971191,3926300.0,6.813272476196289
2003-04-07,8.600000381469727,8.210000038146973,8.3100004196167,8.300000190734863,6481300.0,7.042358875274658
2003-04-08,8.300000190734863,7.940000057220459,8.239999771118164,8.010000228881836,3502900.0,6.7963032722473145
2003-04-09,8.239999771118164,7.760000228881836,8.100000381469727,7.789999961853027,4227400.0,6.609638214111328
2003-04-10,8.029999732971191,7.760000228881836,7.829999923706055,8.029999732971191,2292000.0,6.813272476196289
2003-04-11,8.239999771118164,7.860000133514404,8.100000381469727,7.96999979019165,2460400.0,6.762362003326416
2003-04-14,8.5,7.929999828338623,7.960000038146973,8.5,3238700.0,7.2120561599731445
2003-04-15,8.569999694824219,8.210000038146973,8.399999618530273,8.510000228881836,4160600.0,7.220541954040527
2003-04-16,8.75,8.380000114440918,8.699999809265137,8.390000343322754,4803300.0,7.118725299835205
2003-04-17,8.649999618530273,8.390000343322754,8.449999809265137,8.630000114440918,3144900.0,7.322360038757324
2003-04-21,8.75,8.520000457763672,8.739999771118164,8.640000343322754,2590900.0,7.330841064453125
2003-04-22,9.140000343322754,8.449999809265137,8.579999923706055,9.119999885559082,5659800.0,7.7381110191345215
2003-04-23,9.390000343322754,8.989999771118164,9.100000381469727,9.369999885559082,5380500.0,7.9502339363098145
2003-04-24,9.279999732971191,8.779999732971191,9.149999618530273,8.859999656677246,6406300.0,7.517508029937744
2003-04-25,8.960000038146973,8.6899995803833,8.949999809265137,8.75,3605000.0,7.424174785614014
2003-04-28,9.0,8.699999809265137,8.760000228881836,8.930000305175781,2861000.0,7.57689905166626
2003-04-29,9.149999618530273,8.720000267028809,8.979999542236328,8.869999885559082,4498500.0,7.5259904861450195
2003-04-30,8.770000457763672,8.539999961853027,8.770000457763672,8.630000114440918,7466300.0,7.322360038757324
2003-05-01,8.710000038146973,8.34000015258789,8.630000114440918,8.619999885559082,4373600.0,7.313872814178467
2003-05-02,9.149999618530273,8.479999542236328,8.5,9.149999618530273,5819600.0,7.763564586639404
2003-05-05,9.399999618530273,9.069999694824219,9.130000114440918,9.170000076293945,5090400.0,7.789900779724121
2003-05-06,9.380000114440918,9.050000190734863,9.199999809265137,9.069999694824219,3976300.0,7.704946517944336
2003-05-07,9.979999542236328,8.869999885559082,9.0,9.050000190734863,4224400.0,7.687960147857666
2003-05-08,9.050000190734863,8.600000381469727,9.050000190734863,8.779999732971191,5865800.0,7.45859432220459
2003-05-09,8.989999771118164,8.760000228881836,8.789999961853027,8.880000114440918,3792700.0,7.543543815612793
2003-05-12,9.210000038146973,8.720000267028809,8.779999732971191,9.050000190734863,4075900.0,7.687960147857666
2003-05-13,9.210000038146973,8.890000343322754,8.890000343322754,9.050000190734863,3955400.0,7.687960147857666
2003-05-14,9.220000267028809,9.010000228881836,9.010000228881836,9.100000381469727,2668700.0,7.730435848236084
2003-05-15,9.800000190734863,9.130000114440918,9.130000114440918,9.770000457763672,8814100.0,8.299600601196289
2003-05-16,9.699999809265137,9.4399995803833,9.699999809265137,9.600000381469727,6624000.0,8.155183792114258
2003-05-19,9.489999771118164,8.960000038146973,9.449999809265137,9.0,5401800.0,7.645487308502197
2003-05-20,9.09000015258789,8.539999961853027,9.020000457763672,8.630000114440918,6729000.0,7.331170558929443
2003-05-21,8.800000190734863,8.569999694824219,8.630000114440918,8.729999542236328,4127000.0,7.4161176681518555
2003-05-22,8.720000267028809,8.5,8.680000305175781,8.600000381469727,5772700.0,7.305684566497803
2003-05-23,8.65999984741211,8.460000038146973,8.520000457763672,8.579999923706055,3106000.0,7.288695812225342
2003-05-27,9.1899995803833,8.5,8.539999961853027,9.1899995803833,8288100.0,7.806891441345215
2003-05-28,9.460000038146973,9.109999656677246,9.130000114440918,9.449999809265137,7501100.0,8.027758598327637
2003-05-29,9.640000343322754,9.329999923706055,9.4399995803833,9.5,7557500.0,8.070234298706055
2003-05-30,9.75,9.40999984741211,9.40999984741211,9.699999809265137,4982100.0,8.240135192871094
2003-06-02,10.079999923706055,9.729999542236328,9.729999542236328,9.930000305175781,6415600.0,8.435517311096191
2003-06-03,10.0,9.710000038146973,9.880000114440918,9.920000076293945,4268000.0,8.427021980285645
2003-06-04,10.239999771118164,9.890000343322754,9.899999618530273,10.180000305175781,5315500.0,8.6478910446167
2003-06-05,10.4399995803833,10.020000457763672,10.170000076293945,10.369999885559082,4184900.0,8.809297561645508
2003-06-06,11.5,10.600000381469727,10.630000114440918,10.84000015258789,11812500.0,9.208565711975098
2003-06-09,10.829999923706055,10.479999542236328,10.800000190734863,10.609999656677246,7013500.0,9.01318073272705
2003-06-10,10.90999984741211,10.569999694824219,10.609999656677246,10.859999656677246,5608700.0,9.225552558898926
2003-06-11,11.3100004196167,10.720000267028809,10.8100004196167,11.300000190734863,6973700.0,9.59933090209961
2003-06-12,11.550000190734863,11.079999923706055,11.380000114440918,11.289999961853027,6394900.0,9.590836524963379
2003-06-13,11.640000343322754,11.109999656677246,11.319999694824219,11.180000305175781,4874400.0,9.497391700744629
2003-06-16,11.34000015258789,11.069999694824219,11.180000305175781,11.34000015258789,6717400.0,9.633312225341797
2003-06-17,11.489999771118164,11.109999656677246,11.350000381469727,11.34000015258789,8001400.0,9.633312225341797
2003-06-18,11.380000114440918,11.020000457763672,11.350000381469727,11.039999961853027,5480100.0,9.378458976745605
2003-06-19,11.199999809265137,10.630000114440918,11.0600004196167,10.720000267028809,5505700.0,9.106623649597168
2003-06-20,10.930000305175781,10.609999656677246,10.850000381469727,10.829999923706055,6877500.0,9.200067520141602
2003-06-23,10.8100004196167,10.329999923706055,10.8100004196167,10.380000114440918,5702300.0,8.817790985107422
2003-06-24,10.720000267028809,10.359999656677246,10.380000114440918,10.649999618530273,4662000.0,9.04715633392334
2003-06-25,10.899999618530273,10.539999961853027,10.65999984741211,10.550000190734863,3504600.0,8.962207794189453
2003-06-26,10.8100004196167,10.5,10.5,10.739999771118164,3250300.0,9.12360954284668
2003-06-27,10.789999961853027,10.300000190734863,10.760000228881836,10.390000343322754,2920800.0,8.826289176940918
2003-06-30,10.5600004196167,10.09000015258789,10.359999656677246,10.09000015258789,4362600.0,8.571440696716309
2003-07-01,10.489999771118164,9.890000343322754,10.039999961853027,10.390000343322754,5023400.0,8.826289176940918
2003-07-02,10.770000457763672,10.479999542236328,10.529999732971191,10.729999542236328,3821100.0,9.115116119384766
2003-07-03,11.010000228881836,10.649999618530273,10.729999542236328,10.75,3155000.0,9.132108688354492
2003-07-07,11.3100004196167,10.779999732971191,10.779999732971191,11.1899995803833,5301900.0,9.50588607788086
2003-07-08,11.75,11.119999885559082,11.119999885559082,11.729999542236328,5589900.0,9.964614868164062
2003-07-09,11.800000190734863,11.569999694824219,11.649999618530273,11.720000267028809,5197700.0,9.956121444702148
2003-07-10,11.569999694824219,10.930000305175781,11.5,11.050000190734863,5478400.0,9.386959075927734
2003-07-11,11.220000267028809,10.890000343322754,11.199999809265137,10.890000343322754,5184400.0,9.251038551330566
2003-07-14,11.779999732971191,10.989999771118164,10.989999771118164,11.550000190734863,6850700.0,9.81170654296875
2003-07-15,12.09000015258789,11.5600004196167,11.5600004196167,11.779999732971191,7985300.0,10.007092475891113
2003-07-16,12.050000190734863,11.510000228881836,11.800000190734863,11.600000381469727,4334000.0,9.854181289672852
2003-07-17,11.529999732971191,11.100000381469727,11.529999732971191,11.210000038146973,3664800.0,9.52287483215332
2003-07-18,11.600000381469727,11.239999771118164,11.5,11.479999542236328,3754600.0,9.752240180969238
2003-07-21,11.65999984741211,11.199999809265137,11.479999542236328,11.25,4276800.0,9.55685806274414
2003-07-22,11.4399995803833,10.949999809265137,11.350000381469727,11.300000190734863,5072400.0,9.59933090209961
2003-07-23,11.460000038146973,10.6899995803833,11.460000038146973,10.970000267028809,8481500.0,9.318998336791992
2003-07-24,11.199999809265137,10.850000381469727,11.100000381469727,10.949999809265137,3912400.0,9.302005767822266
2003-07-25,11.079999923706055,10.670000076293945,10.949999809265137,11.0,3690900.0,9.344480514526367
2003-07-28,11.0,10.6899995803833,11.0,10.729999542236328,4237600.0,9.115116119384766
2003-07-29,10.84000015258789,10.460000038146973,10.739999771118164,10.470000267028809,4311500.0,8.894246101379395
2003-07-30,10.529999732971191,10.260000228881836,10.5,10.260000228881836,7723200.0,8.715851783752441
2003-07-31,10.720000267028809,10.319999694824219,10.399999618530273,10.40999984741211,5530400.0,8.843276977539062
2003-08-01,10.5,9.989999771118164,10.5,10.010000228881836,5969400.0,8.50347900390625
2003-08-04,10.319999694824219,9.649999618530273,10.050000190734863,10.300000190734863,7749700.0,8.749833106994629
2003-08-05,10.430000305175781,10.079999923706055,10.100000381469727,10.149999618530273,5694900.0,8.63414192199707
2003-08-06,10.199999809265137,9.970000267028809,10.119999885559082,10.100000381469727,4170100.0,8.5916109085083
2003-08-07,10.300000190734863,10.0,10.050000190734863,10.260000228881836,3106300.0,8.727716445922852
2003-08-08,10.350000381469727,10.149999618530273,10.300000190734863,10.229999542236328,3335700.0,8.70219612121582
2003-08-11,10.350000381469727,10.130000114440918,10.229999542236328,10.25,2444000.0,8.719209671020508
2003-08-12,10.760000228881836,10.260000228881836,10.270000457763672,10.75,5735400.0,9.144535064697266
2003-08-13,10.819999694824219,10.539999961853027,10.75,10.699999809265137,5681900.0,9.102004051208496
2003-08-14,11.039999961853027,10.579999923706055,10.680000305175781,10.970000267028809,5930500.0,9.331682205200195
2003-08-15,10.960000038146973,10.84000015258789,10.899999618530273,10.899999618530273,1391800.0,9.272135734558105
2003-08-18,10.930000305175781,10.770000457763672,10.920000076293945,10.800000190734863,3190000.0,9.18707275390625
2003-08-19,10.899999618530273,10.699999809265137,10.850000381469727,10.829999923706055,5899300.0,9.212592124938965
2003-08-20,11.109999656677246,10.720000267028809,10.829999923706055,11.079999923706055,5343200.0,9.42525577545166
2003-08-21,11.149999618530273,10.800000190734863,11.079999923706055,10.9399995803833,4794800.0,9.306161880493164
2003-08-22,11.149999618530273,10.859999656677246,10.989999771118164,10.949999809265137,4164800.0,9.314667701721191
2003-08-25,10.949999809265137,10.800000190734863,10.949999809265137,10.850000381469727,2334300.0,9.229604721069336
2003-08-26,11.0,10.65999984741211,10.800000190734863,10.859999656677246,3527100.0,9.238103866577148
2003-08-27,10.890000343322754,10.75,10.779999732971191,10.779999732971191,2583000.0,9.170055389404297
2003-08-28,10.899999618530273,10.680000305175781,10.800000190734863,10.859999656677246,3553900.0,9.238103866577148
2003-08-29,11.029999732971191,10.800000190734863,10.949999809265137,10.859999656677246,3151500.0,9.238103866577148
2003-09-02,11.279999732971191,10.729999542236328,10.859999656677246,11.270000457763672,4520800.0,9.586874961853027
2003-09-03,11.520000457763672,11.220000267028809,11.289999961853027,11.350000381469727,6024500.0,9.654935836791992
2003-09-04,11.489999771118164,11.25,11.279999732971191,11.420000076293945,4858500.0,9.714475631713867
2003-09-05,11.380000114440918,11.0,11.279999732971191,11.149999618530273,6092400.0,9.484800338745117
2003-09-08,11.460000038146973,11.119999885559082,11.130000114440918,11.390000343322754,5070800.0,9.68895435333252
2003-09-09,11.640000343322754,11.350000381469727,11.350000381469727,11.520000457763672,3527200.0,9.799541473388672
2003-09-10,11.5600004196167,11.130000114440918,11.430000305175781,11.199999809265137,3549300.0,9.527332305908203
2003-09-11,11.40999984741211,11.130000114440918,11.130000114440918,11.34000015258789,2556400.0,9.646421432495117
2003-09-12,11.489999771118164,11.199999809265137,11.350000381469727,11.3100004196167,4464200.0,9.620904922485352
2003-09-15,11.520000457763672,11.289999961853027,11.34000015258789,11.479999542236328,3021300.0,9.765510559082031
2003-09-16,12.149999618530273,11.5,11.5,12.100000381469727,8434400.0,10.292922973632812
2003-09-17,12.199999809265137,11.869999885559082,12.109999656677246,11.90999984741211,5514000.0,10.131296157836914
2003-09-18,12.800000190734863,12.010000228881836,12.039999961853027,12.680000305175781,8022900.0,10.786295890808105
2003-09-19,12.770000457763672,12.350000381469727,12.75,12.550000190734863,7139300.0,10.6757173538208
2003-09-22,12.489999771118164,12.220000267028809,12.399999618530273,12.489999771118164,3816000.0,10.624674797058105
2003-09-23,12.75,12.369999885559082,12.489999771118164,12.729999542236328,4340800.0,10.82883358001709
2003-09-24,12.850000381469727,12.470000267028809,12.729999542236328,12.479999542236328,6087900.0,10.616170883178711
2003-09-25,12.75,12.579999923706055,12.579999923706055,12.699999809265137,8320500.0,10.803312301635742
2003-09-26,12.649999618530273,12.260000228881836,12.649999618530273,12.289999961853027,6684700.0,10.454547882080078
2003-09-29,12.399999618530273,11.869999885559082,12.289999961853027,12.069999694824219,9477600.0,10.267399787902832
2003-09-30,12.09000015258789,11.770000457763672,11.949999809265137,11.90999984741211,4646500.0,10.131296157836914
2003-10-01,12.4399995803833,11.779999732971191,11.779999732971191,12.399999618530273,4896400.0,10.548116683959961
2003-10-02,12.65999984741211,12.34000015258789,12.4399995803833,12.619999885559082,4360500.0,10.735260009765625
2003-10-03,13.0,12.640000343322754,12.970000267028809,12.770000457763672,4920000.0,10.862859725952148
2003-10-06,13.119999885559082,12.829999923706055,12.869999885559082,13.0,3637800.0,11.05850887298584
2003-10-07,13.359999656677246,12.899999618530273,13.0,13.289999961853027,4980000.0,11.305203437805176
2003-10-08,13.270000457763672,13.0,13.25,13.109999656677246,3265400.0,11.152080535888672
2003-10-09,13.390000343322754,13.180000305175781,13.25,13.329999923706055,5389300.0,11.339227676391602
2003-10-10,13.359999656677246,13.039999961853027,13.350000381469727,13.079999923706055,4342700.0,11.12656307220459
2003-10-13,13.5600004196167,13.149999618530273,13.199999809265137,13.5600004196167,3751300.0,11.534873962402344
2003-10-14,13.949999809265137,13.529999732971191,13.739999771118164,13.949999809265137,5967500.0,11.866626739501953
2003-10-15,14.199999809265137,13.899999618530273,13.970000267028809,13.979999542236328,7762500.0,11.892149925231934
2003-10-16,13.960000038146973,13.579999923706055,13.619999885559082,13.680000305175781,5411100.0,11.636955261230469
2003-10-17,14.050000190734863,13.5,14.050000190734863,13.59000015258789,4381400.0,11.560394287109375
2003-10-20,13.859999656677246,13.5,13.5,13.800000190734863,3332700.0,11.739032745361328
2003-10-21,13.800000190734863,13.380000114440918,13.800000190734863,13.489999771118164,4925900.0,11.475330352783203
2003-10-22,13.420000076293945,12.880000114440918,13.180000305175781,12.949999809265137,6327500.0,11.015973091125488
2003-10-23,13.180000305175781,12.460000038146973,12.850000381469727,13.100000381469727,6813700.0,11.143577575683594
2003-10-24,13.029999732971191,12.670000076293945,13.0,12.920000076293945,4152600.0,10.990457534790039
2003-10-27,13.229999542236328,12.90999984741211,13.119999885559082,12.979999542236328,4021400.0,11.041498184204102
2003-10-28,13.75,12.510000228881836,12.979999542236328,13.75,5932900.0,11.696502685546875
2003-10-29,13.729999542236328,13.350000381469727,13.5,13.710000038146973,5412200.0,11.662473678588867
2003-10-30,13.890000343322754,13.520000457763672,13.800000190734863,13.65999984741211,3270800.0,11.619941711425781
2003-10-31,13.680000305175781,13.489999771118164,13.65999984741211,13.5600004196167,2651100.0,11.534873962402344
2003-11-03,13.59000015258789,13.430000305175781,13.5,13.479999542236328,3220100.0,11.466821670532227
2003-11-04,13.550000190734863,13.300000190734863,13.479999542236328,13.34000015258789,4476900.0,11.347737312316895
2003-11-05,13.420000076293945,13.119999885559082,13.34000015258789,13.239999771118164,3005100.0,11.274497985839844
2003-11-06,13.420000076293945,13.130000114440918,13.149999618530273,13.359999656677246,4579500.0,11.37668228149414
2003-11-07,13.649999618530273,13.229999542236328,13.550000190734863,13.3100004196167,3542000.0,11.3341064453125
2003-11-10,13.319999694824219,13.09000015258789,13.239999771118164,13.180000305175781,1995200.0,11.223406791687012
2003-11-11,13.229999542236328,13.069999694824219,13.100000381469727,13.15999984741211,2745800.0,11.206375122070312
2003-11-12,13.329999923706055,13.140000343322754,13.140000343322754,13.229999542236328,4508800.0,11.265982627868652
2003-11-13,13.329999923706055,13.119999885559082,13.239999771118164,13.319999694824219,3235300.0,11.342620849609375
2003-11-14,13.319999694824219,12.100000381469727,13.319999694824219,12.260000228881836,16547900.0,10.439983367919922
2003-11-17,12.220000267028809,11.449999809265137,12.010000228881836,11.720000267028809,11759000.0,9.980145454406738
2003-11-18,12.0,11.329999923706055,12.0,11.420000076293945,6375300.0,9.724678039550781
2003-11-19,11.420000076293945,10.880000114440918,11.420000076293945,11.34000015258789,14807400.0,9.6565580368042
2003-11-20,11.579999923706055,11.079999923706055,11.079999923706055,11.329999923706055,6592700.0,9.648043632507324
2003-11-21,11.5,11.300000190734863,11.329999923706055,11.399999618530273,2940800.0,9.707650184631348
2003-11-24,11.380000114440918,11.029999732971191,11.25,11.09000015258789,7292300.0,9.443673133850098
2003-11-25,11.1899995803833,10.9399995803833,11.050000190734863,11.050000190734863,7996500.0,9.409607887268066
2003-11-26,11.520000457763672,11.170000076293945,11.170000076293945,11.510000228881836,5223800.0,9.80132007598877
2003-11-28,11.6899995803833,11.40999984741211,11.420000076293945,11.600000381469727,2270800.0,9.877961158752441
2003-12-01,11.75,11.59000015258789,11.75,11.699999809265137,4958200.0,9.963114738464355
2003-12-02,11.640000343322754,11.369999885559082,11.529999732971191,11.40999984741211,4351400.0,9.716164588928223
2003-12-03,11.59000015258789,11.399999618530273,11.40999984741211,11.40999984741211,3930200.0,9.716164588928223
2003-12-04,11.579999923706055,11.3100004196167,11.489999771118164,11.399999618530273,2777900.0,9.707650184631348
2003-12-05,11.430000305175781,11.130000114440918,11.25,11.170000076293945,3390000.0,9.51179313659668
2003-12-08,11.319999694824219,11.100000381469727,11.100000381469727,11.260000228881836,1771700.0,9.588435173034668
2003-12-09,11.399999618530273,11.100000381469727,11.300000190734863,11.119999885559082,3822400.0,9.469212532043457
2003-12-10,11.1899995803833,10.789999961853027,11.029999732971191,10.920000076293945,4418300.0,9.298912048339844
2003-12-11,11.100000381469727,10.920000076293945,10.949999809265137,11.0600004196167,8099000.0,9.41812515258789
2003-12-12,11.289999961853027,11.0600004196167,11.180000305175781,11.15999984741211,5067600.0,9.503279685974121
2003-12-15,11.449999809265137,10.899999618530273,11.199999809265137,10.899999618530273,4692400.0,9.281874656677246
2003-12-16,11.15999984741211,10.90999984741211,10.90999984741211,11.100000381469727,5319600.0,9.452187538146973
2003-12-17,11.170000076293945,10.949999809265137,11.100000381469727,11.079999923706055,2840800.0,9.43515396118164
2003-12-18,11.300000190734863,11.020000457763672,11.069999694824219,11.300000190734863,3948000.0,9.622496604919434
2003-12-19,11.329999923706055,11.100000381469727,11.300000190734863,11.25,4874300.0,9.57991886138916
2003-12-22,11.539999961853027,11.130000114440918,11.140000343322754,11.539999961853027,4658600.0,9.82686710357666
2003-12-23,11.630000114440918,11.430000305175781,11.449999809265137,11.609999656677246,3248900.0,9.886474609375
2003-12-24,11.619999885559082,11.420000076293945,11.5,11.479999542236328,1758600.0,9.775774002075195
2003-12-26,11.539999961853027,11.329999923706055,11.470000267028809,11.420000076293945,948500.0,9.724678039550781
2003-12-29,11.5600004196167,11.0,11.390000343322754,11.539999961853027,3902000.0,9.82686710357666
2003-12-30,11.800000190734863,11.449999809265137,11.489999771118164,11.75,3216800.0,10.005691528320312
2003-12-31,11.899999618530273,11.670000076293945,11.720000267028809,11.84000015258789,3426800.0,10.082331657409668
2004-01-02,11.949999809265137,11.619999885559082,11.84000015258789,11.680000305175781,3026900.0,9.946083068847656
2004-01-05,12.109999656677246,11.699999809265137,11.710000038146973,12.050000190734863,6198500.0,10.261154174804688
2004-01-06,12.390000343322754,11.949999809265137,12.020000457763672,12.319999694824219,4515400.0,10.491073608398438
2004-01-07,12.609999656677246,12.109999656677246,12.199999809265137,12.59000015258789,6822200.0,10.720993041992188
2004-01-08,12.739999771118164,12.510000228881836,12.59000015258789,12.65999984741211,4658700.0,10.780600547790527
2004-01-09,12.65999984741211,12.25,12.65999984741211,12.270000457763672,6073200.0,10.448497772216797
2004-01-12,12.789999961853027,12.300000190734863,12.34000015258789,12.720000267028809,4381900.0,10.831692695617676
2004-01-13,12.890000343322754,12.369999885559082,12.699999809265137,12.520000457763672,4431500.0,10.66137981414795
2004-01-14,12.970000267028809,12.550000190734863,12.550000190734863,12.9399995803833,5397900.0,11.01903247833252
2004-01-15,13.350000381469727,12.90999984741211,13.0,13.229999542236328,7267700.0,11.265982627868652
2004-01-16,13.5,13.25,13.300000190734863,13.380000114440918,4823400.0,11.39371395111084
2004-01-20,13.819999694824219,13.350000381469727,13.5,13.760000228881836,5867400.0,11.717308044433594
2004-01-21,13.920000076293945,13.3100004196167,13.619999885559082,13.75,4508600.0,11.70878791809082
2004-01-22,13.75,13.15999984741211,13.649999618530273,13.15999984741211,6260200.0,11.206375122070312
2004-01-23,13.579999923706055,13.180000305175781,13.199999809265137,13.279999732971191,6265100.0,11.308562278747559
2004-01-26,13.279999732971191,12.859999656677246,13.270000457763672,13.149999618530273,6700200.0,11.197856903076172
2004-01-27,13.210000038146973,12.90999984741211,13.149999618530273,12.970000267028809,3890100.0,11.044580459594727
2004-01-28,13.140000343322754,12.460000038146973,13.100000381469727,12.539999961853027,4789600.0,10.678414344787598
2004-01-29,12.670000076293945,12.34000015258789,12.640000343322754,12.600000381469727,4817900.0,10.729507446289062
2004-01-30,12.699999809265137,12.460000038146973,12.569999694824219,12.59000015258789,2509500.0,10.720993041992188
2004-02-02,12.699999809265137,12.350000381469727,12.5600004196167,12.5,3835400.0,10.644352912902832
2004-02-03,12.430000305175781,12.149999618530273,12.430000305175781,12.239999771118164,5026400.0,10.434635162353516
2004-02-04,12.180000305175781,11.9399995803833,12.119999885559082,12.100000381469727,4724100.0,10.315291404724121
2004-02-05,12.350000381469727,11.989999771118164,12.100000381469727,12.180000305175781,4116000.0,10.3834867477417
2004-02-06,12.619999885559082,12.199999809265137,12.199999809265137,12.489999771118164,3305700.0,10.6477632522583
2004-02-09,12.619999885559082,12.399999618530273,12.449999809265137,12.420000076293945,3018000.0,10.58808708190918
2004-02-10,12.5600004196167,12.199999809265137,12.470000267028809,12.329999923706055,4309400.0,10.511362075805664
2004-02-11,12.989999771118164,12.3100004196167,12.359999656677246,12.800000190734863,4945900.0,10.91203784942627
2004-02-12,12.800000190734863,12.510000228881836,12.800000190734863,12.640000343322754,2891200.0,10.775639533996582
2004-02-13,12.789999961853027,12.550000190734863,12.640000343322754,12.600000381469727,4559800.0,10.741533279418945
2004-02-17,13.069999694824219,12.380000114440918,12.600000381469727,12.9399995803833,8063000.0,11.031387329101562
2004-02-18,13.109999656677246,12.90999984741211,13.020000457763672,13.0,3780200.0,11.082536697387695
2004-02-19,13.100000381469727,12.600000381469727,13.069999694824219,12.729999542236328,4497600.0,10.852364540100098
2004-02-20,12.850000381469727,12.4399995803833,12.800000190734863,12.59000015258789,5308300.0,10.73300838470459
2004-02-23,12.59000015258789,12.140000343322754,12.59000015258789,12.199999809265137,5060000.0,10.40053939819336
2004-02-24,12.25,11.960000038146973,12.119999885559082,12.069999694824219,4158200.0,10.28970718383789
2004-02-25,12.329999923706055,11.920000076293945,11.960000038146973,12.199999809265137,3350500.0,10.40053939819336
2004-02-26,12.220000267028809,11.949999809265137,12.039999961853027,12.119999885559082,2974100.0,10.332338333129883
2004-02-27,12.3100004196167,12.119999885559082,12.1899995803833,12.239999771118164,4194900.0,10.434635162353516
2004-03-01,12.430000305175781,12.199999809265137,12.319999694824219,12.319999694824219,4321000.0,10.502837181091309
2004-03-02,12.489999771118164,12.1899995803833,12.220000267028809,12.229999542236328,3305500.0,10.426115989685059
2004-03-03,12.229999542236328,11.989999771118164,12.199999809265137,12.09000015258789,4329000.0,10.3067626953125
2004-03-04,12.3100004196167,12.039999961853027,12.09000015258789,12.180000305175781,2485300.0,10.3834867477417
2004-03-05,12.479999542236328,12.069999694824219,12.109999656677246,12.15999984741211,3413600.0,10.366436004638672
2004-03-08,12.239999771118164,11.90999984741211,12.15999984741211,11.920000076293945,3667300.0,10.161833763122559
2004-03-09,11.920000076293945,11.399999618530273,11.920000076293945,11.489999771118164,6608600.0,9.795260429382324
2004-03-10,11.5600004196167,11.149999618530273,11.489999771118164,11.4399995803833,8392300.0,9.752633094787598
2004-03-11,11.550000190734863,11.079999923706055,11.359999656677246,11.130000114440918,5174100.0,9.488360404968262
2004-03-12,11.470000267028809,11.15999984741211,11.279999732971191,11.390000343322754,4368900.0,9.71001148223877
2004-03-15,11.34000015258789,9.850000381469727,11.260000228881836,11.09000015258789,5715400.0,9.45426082611084
2004-03-16,11.34000015258789,10.949999809265137,11.149999618530273,11.020000457763672,5415400.0,9.394584655761719
2004-03-17,11.6899995803833,11.1899995803833,11.229999542236328,11.520000457763672,6020600.0,9.820836067199707
2004-03-18,11.5,11.329999923706055,11.420000076293945,11.4399995803833,4205900.0,9.752633094787598
2004-03-19,11.529999732971191,11.1899995803833,11.40999984741211,11.3100004196167,4951200.0,9.641809463500977
2004-03-22,11.3100004196167,10.699999809265137,11.300000190734863,10.930000305175781,4245900.0,9.317858695983887
2004-03-23,11.050000190734863,10.739999771118164,11.0,10.84000015258789,4822900.0,9.241133689880371
2004-03-24,10.869999885559082,10.630000114440918,10.84000015258789,10.739999771118164,4016400.0,9.155882835388184
2004-03-25,11.119999885559082,10.819999694824219,10.819999694824219,11.0600004196167,6150700.0,9.428688049316406
2004-03-26,11.350000381469727,10.890000343322754,10.960000038146973,11.260000228881836,7196300.0,9.599186897277832
2004-03-29,11.59000015258789,11.229999542236328,11.319999694824219,11.5600004196167,5437500.0,9.854935646057129
2004-03-30,11.569999694824219,11.449999809265137,11.569999694824219,11.569999694824219,3350800.0,9.863460540771484
2004-03-31,11.649999618530273,11.380000114440918,11.529999732971191,11.609999656677246,4445400.0,9.897562026977539
2004-04-01,11.859999656677246,11.5600004196167,11.649999618530273,11.829999923706055,4596500.0,10.085112571716309
2004-04-02,12.140000343322754,11.84000015258789,12.0,11.930000305175781,9194400.0,10.170360565185547
2004-04-05,11.800000190734863,11.430000305175781,11.770000457763672,11.550000190734863,9096300.0,9.84640884399414
2004-04-06,11.5,11.329999923706055,11.449999809265137,11.390000343322754,6500200.0,9.71001148223877
2004-04-07,11.369999885559082,11.1899995803833,11.3100004196167,11.279999732971191,4523000.0,9.616233825683594
2004-04-08,11.420000076293945,11.149999618530273,11.380000114440918,11.220000267028809,3403200.0,9.56508731842041
2004-04-12,11.5,11.100000381469727,11.25,11.40999984741211,3229400.0,9.727059364318848
2004-04-13,11.5600004196167,10.949999809265137,11.5600004196167,11.039999961853027,4292800.0,9.41163444519043
2004-04-14,11.069999694824219,10.699999809265137,10.880000114440918,10.770000457763672,7170900.0,9.1814603805542
2004-04-15,10.850000381469727,10.369999885559082,10.800000190734863,10.600000381469727,6997200.0,9.036534309387207
2004-04-16,11.039999961853027,10.649999618530273,10.770000457763672,10.989999771118164,7018500.0,9.369006156921387
2004-04-19,11.010000228881836,10.520000457763672,10.9399995803833,10.859999656677246,4612800.0,9.258184432983398
2004-04-20,10.949999809265137,10.460000038146973,10.949999809265137,10.510000228881836,5882900.0,8.959806442260742
2004-04-21,10.859999656677246,10.5,10.699999809265137,10.609999656677246,3576500.0,9.045060157775879
2004-04-22,11.09000015258789,10.539999961853027,10.5600004196167,11.0,5915100.0,9.377534866333008
2004-04-23,11.130000114440918,10.739999771118164,10.739999771118164,10.960000038146973,4065500.0,9.343432426452637
2004-04-26,11.020000457763672,10.819999694824219,10.9399995803833,10.880000114440918,2787500.0,9.27523136138916
2004-04-27,11.079999923706055,10.75,10.9399995803833,10.800000190734863,3708100.0,9.207035064697266
2004-04-28,10.75,10.430000305175781,10.739999771118164,10.569999694824219,3503300.0,9.010958671569824
2004-04-29,10.770000457763672,10.390000343322754,10.5,10.470000267028809,4405100.0,8.925704002380371
2004-04-30,10.539999961853027,10.149999618530273,10.510000228881836,10.289999961853027,4134900.0,8.772255897521973
2004-05-03,10.470000267028809,10.199999809265137,10.260000228881836,10.40999984741211,3188100.0,8.891839981079102
2004-05-04,10.600000381469727,10.350000381469727,10.399999618530273,10.489999771118164,3297700.0,8.960171699523926
2004-05-05,10.609999656677246,10.350000381469727,10.479999542236328,10.350000381469727,3131900.0,8.84058952331543
2004-05-06,10.399999618530273,10.029999732971191,10.279999732971191,10.1899995803833,3234100.0,8.703923225402832
2004-05-07,10.210000038146973,9.899999618530273,10.09000015258789,9.930000305175781,5022500.0,8.481843948364258
2004-05-10,9.850000381469727,9.529999732971191,9.84000015258789,9.789999961853027,4888200.0,8.362257957458496
2004-05-11,10.140000343322754,9.850000381469727,9.850000381469727,10.119999885559082,8825300.0,8.644131660461426
2004-05-12,10.210000038146973,9.720000267028809,10.020000457763672,10.140000343322754,5116500.0,8.661215782165527
2004-05-13,10.199999809265137,9.90999984741211,10.069999694824219,9.970000267028809,4801500.0,8.516005516052246
2004-05-14,10.050000190734863,9.649999618530273,9.930000305175781,9.6899995803833,6381400.0,8.276839256286621
2004-05-17,9.670000076293945,9.40999984741211,9.600000381469727,9.5,4857100.0,8.11454963684082
2004-05-18,9.720000267028809,9.5600004196167,9.600000381469727,9.59000015258789,6187600.0,8.191423416137695
2004-05-19,9.920000076293945,9.600000381469727,9.779999732971191,9.609999656677246,5851900.0,8.20850658416748
2004-05-20,9.699999809265137,9.520000457763672,9.649999618530273,9.579999923706055,3289000.0,8.182884216308594
2004-05-21,9.770000457763672,9.5,9.649999618530273,9.539999961853027,4934300.0,8.14871883392334
2004-05-24,9.710000038146973,9.479999542236328,9.5600004196167,9.550000190734863,3592200.0,8.157257080078125
2004-05-25,9.300000190734863,8.75,9.25,9.270000457763672,22175500.0,7.918089866638184
2004-05-26,9.65999984741211,9.229999542236328,9.270000457763672,9.59000015258789,14371600.0,8.191423416137695
2004-05-27,9.760000228881836,9.5,9.630000114440918,9.739999771118164,11591600.0,8.319551467895508
2004-05-28,9.890000343322754,9.75,9.760000228881836,9.800000190734863,6227200.0,8.370800018310547
2004-06-01,9.699999809265137,9.350000381469727,9.6899995803833,9.449999809265137,6539600.0,8.071839332580566
2004-06-02,9.369999885559082,9.140000343322754,9.300000190734863,9.199999809265137,8717100.0,7.858299255371094
2004-06-03,9.229999542236328,9.119999885559082,9.130000114440918,9.1899995803833,5185400.0,7.849761486053467
2004-06-04,9.369999885559082,9.239999771118164,9.289999961853027,9.319999694824219,4201900.0,7.9608001708984375
2004-06-07,9.520000457763672,9.359999656677246,9.489999771118164,9.470000267028809,3366500.0,8.088929176330566
2004-06-08,9.539999961853027,9.3100004196167,9.4399995803833,9.5,4199700.0,8.11454963684082
2004-06-09,9.460000038146973,9.279999732971191,9.369999885559082,9.3100004196167,2739400.0,7.952263355255127
2004-06-10,9.350000381469727,9.199999809265137,9.319999694824219,9.319999694824219,4364000.0,7.9608001708984375
2004-06-14,9.279999732971191,8.989999771118164,9.239999771118164,9.050000190734863,4700800.0,7.730175971984863
2004-06-15,9.350000381469727,8.930000305175781,9.0600004196167,9.130000114440918,6313900.0,7.7985124588012695
2004-06-16,9.329999923706055,9.050000190734863,9.100000381469727,9.15999984741211,3301600.0,7.82413387298584
2004-06-17,9.180000305175781,9.020000457763672,9.09000015258789,9.119999885559082,2418000.0,7.789970874786377
2004-06-18,9.34000015258789,9.020000457763672,9.0600004196167,9.260000228881836,4770000.0,7.909549713134766
2004-06-21,9.329999923706055,9.140000343322754,9.220000267028809,9.220000267028809,3644100.0,7.875387668609619
2004-06-22,9.460000038146973,9.149999618530273,9.199999809265137,9.449999809265137,5230500.0,8.071839332580566
2004-06-23,9.569999694824219,9.319999694824219,9.34000015258789,9.489999771118164,4816200.0,8.106008529663086
2004-06-24,10.029999732971191,9.40999984741211,9.4399995803833,9.989999771118164,9370600.0,8.533086776733398
2004-06-25,10.029999732971191,9.800000190734863,9.949999809265137,9.800000190734863,7323600.0,8.370800018310547
2004-06-28,9.960000038146973,9.699999809265137,9.899999618530273,9.739999771118164,3429300.0,8.319551467895508
2004-06-29,9.770000457763672,9.550000190734863,9.699999809265137,9.640000343322754,3079800.0,8.234134674072266
2004-06-30,9.670000076293945,9.529999732971191,9.640000343322754,9.609999656677246,4562500.0,8.20850658416748
2004-07-01,9.670000076293945,9.319999694824219,9.5600004196167,9.390000343322754,3172500.0,8.020596504211426
2004-07-02,9.430000305175781,9.3100004196167,9.40999984741211,9.359999656677246,2321800.0,7.99496603012085
2004-07-06,9.300000190734863,9.09000015258789,9.289999961853027,9.140000343322754,2221200.0,7.807055950164795
2004-07-07,9.130000114440918,8.920000076293945,9.029999732971191,8.9399995803833,6786200.0,7.6362223625183105
2004-07-08,9.039999961853027,8.819999694824219,8.949999809265137,8.899999618530273,5403600.0,7.602051258087158
2004-07-09,8.979999542236328,8.600000381469727,8.899999618530273,8.789999961853027,4621500.0,7.5080976486206055
2004-07-12,8.84000015258789,8.609999656677246,8.760000228881836,8.729999542236328,5079900.0,7.456841468811035
2004-07-13,8.779999732971191,8.520000457763672,8.699999809265137,8.649999618530273,3896300.0,7.388510227203369
2004-07-14,8.699999809265137,8.399999618530273,8.5600004196167,8.5,12717800.0,7.260388374328613
2004-07-15,8.600000381469727,8.300000190734863,8.539999961853027,8.449999809265137,8928100.0,7.217679500579834
2004-07-16,8.5600004196167,8.300000190734863,8.5600004196167,8.399999618530273,6871200.0,7.174969673156738
2004-07-19,8.5,8.25,8.399999618530273,8.300000190734863,3551200.0,7.089553356170654
2004-07-20,8.920000076293945,8.4399995803833,8.550000190734863,8.850000381469727,16359600.0,7.5593438148498535
2004-07-21,8.989999771118164,8.699999809265137,8.899999618530273,8.699999809265137,10467800.0,7.43121862411499
2004-07-22,8.789999961853027,8.569999694824219,8.699999809265137,8.75,8312100.0,7.473927974700928
2004-07-23,8.800000190734863,8.5600004196167,8.75,8.569999694824219,3363300.0,7.320178031921387
2004-07-26,8.640000343322754,8.449999809265137,8.569999694824219,8.5600004196167,3733000.0,7.311638832092285
2004-07-27,8.739999771118164,8.5,8.579999923706055,8.720000267028809,8702000.0,7.448301792144775
2004-07-28,8.8100004196167,8.510000228881836,8.710000038146973,8.630000114440918,4779300.0,7.371429920196533
2004-07-29,8.979999542236328,8.680000305175781,8.6899995803833,8.949999809265137,6020000.0,7.644761085510254
2004-07-30,9.0600004196167,8.720000267028809,8.960000038146973,8.779999732971191,4181600.0,7.499551296234131
2004-08-02,8.850000381469727,8.5600004196167,8.5600004196167,8.729999542236328,4612200.0,7.456841468811035
2004-08-03,8.869999885559082,8.609999656677246,8.6899995803833,8.630000114440918,5625100.0,7.388357162475586
2004-08-04,8.9399995803833,8.489999771118164,8.550000190734863,8.760000228881836,4300200.0,7.499653339385986
2004-08-05,8.859999656677246,8.520000457763672,8.770000457763672,8.529999732971191,3777000.0,7.302743434906006
2004-08-06,8.550000190734863,8.270000457763672,8.399999618530273,8.319999694824219,5697300.0,7.122954368591309
2004-08-09,8.579999923706055,8.350000381469727,8.380000114440918,8.359999656677246,3393700.0,7.157203197479248
2004-08-10,8.899999618530273,8.539999961853027,8.539999961853027,8.8100004196167,5035200.0,7.5424604415893555
2004-08-11,8.800000190734863,8.5,8.649999618530273,8.770000457763672,4041900.0,7.508212566375732
2004-08-12,8.829999923706055,8.59000015258789,8.699999809265137,8.649999618530273,2835400.0,7.405477046966553
2004-08-13,8.789999961853027,8.550000190734863,8.699999809265137,8.600000381469727,2996900.0,7.362669467926025
2004-08-16,9.119999885559082,8.649999618530273,8.680000305175781,9.09000015258789,5772500.0,7.782171726226807
2004-08-17,9.630000114440918,9.239999771118164,9.279999732971191,9.4399995803833,8492300.0,8.081818580627441
2004-08-18,9.739999771118164,9.34000015258789,9.430000305175781,9.680000305175781,5963800.0,8.287283897399902
2004-08-19,9.6899995803833,9.539999961853027,9.6899995803833,9.630000114440918,2620200.0,8.244479179382324
2004-08-20,9.970000267028809,9.579999923706055,9.630000114440918,9.930000305175781,4780800.0,8.50131893157959
2004-08-23,10.0,9.680000305175781,9.930000305175781,9.699999809265137,4607600.0,8.30440616607666
2004-08-24,9.84000015258789,9.550000190734863,9.800000190734863,9.699999809265137,5750400.0,8.30440616607666
2004-08-25,10.100000381469727,9.6899995803833,9.6899995803833,10.029999732971191,7991100.0,8.586930274963379
2004-08-26,10.180000305175781,9.84000015258789,10.029999732971191,10.020000457763672,5064700.0,8.57836627960205
2004-08-27,10.069999694824219,9.710000038146973,10.020000457763672,9.760000228881836,4727400.0,8.355775833129883
2004-08-30,9.829999923706055,9.460000038146973,9.779999732971191,9.470000267028809,4404400.0,8.107500076293945
2004-08-31,9.619999885559082,9.300000190734863,9.470000267028809,9.449999809265137,4006400.0,8.090373992919922
2004-09-01,9.539999961853027,9.199999809265137,9.449999809265137,9.270000457763672,3759900.0,7.93627405166626
2004-09-02,9.489999771118164,9.210000038146973,9.210000038146973,9.470000267028809,4448900.0,8.107500076293945
2004-09-03,9.550000190734863,9.3100004196167,9.479999542236328,9.350000381469727,2653700.0,8.004765510559082
2004-09-07,9.670000076293945,9.390000343322754,9.390000343322754,9.670000076293945,4547500.0,8.278725624084473
2004-09-08,9.640000343322754,9.479999542236328,9.600000381469727,9.510000228881836,4458200.0,8.141741752624512
2004-09-09,9.5600004196167,9.380000114440918,9.510000228881836,9.390000343322754,4828000.0,8.039012908935547
2004-09-10,9.670000076293945,9.359999656677246,9.359999656677246,9.619999885559082,4298700.0,8.235915184020996
2004-09-13,9.739999771118164,9.619999885559082,9.720000267028809,9.6899995803833,2803000.0,8.295845031738281
2004-09-14,9.789999961853027,9.569999694824219,9.789999961853027,9.640000343322754,3450600.0,8.25304126739502
2004-09-15,9.640000343322754,9.5,9.569999694824219,9.510000228881836,3639400.0,8.141741752624512
2004-09-16,9.600000381469727,9.449999809265137,9.510000228881836,9.520000457763672,2492300.0,8.15030574798584
2004-09-17,9.539999961853027,9.15999984741211,9.539999961853027,9.239999771118164,5897700.0,7.910592555999756
2004-09-20,9.239999771118164,9.069999694824219,9.180000305175781,9.149999618530273,4446500.0,7.833538055419922
2004-09-21,9.350000381469727,9.199999809265137,9.25,9.300000190734863,4743800.0,7.9619598388671875
2004-09-22,9.220000267028809,8.920000076293945,9.199999809265137,8.949999809265137,6035200.0,7.662313938140869
2004-09-23,9.069999694824219,8.930000305175781,8.949999809265137,9.020000457763672,5272800.0,7.722243785858154
2004-09-24,9.119999885559082,9.0,9.100000381469727,9.100000381469727,5258200.0,7.790736675262451
2004-09-27,8.989999771118164,8.84000015258789,8.9399995803833,8.850000381469727,4418800.0,7.5767011642456055
2004-09-28,8.949999809265137,8.800000190734863,8.850000381469727,8.930000305175781,3856500.0,7.645191669464111
2004-09-29,9.130000114440918,8.720000267028809,8.880000114440918,9.109999656677246,9052400.0,7.799296855926514
2004-09-30,9.260000228881836,9.050000190734863,9.15999984741211,9.1899995803833,8016100.0,7.8677873611450195
2004-10-01,9.289999961853027,9.15999984741211,9.199999809265137,9.220000267028809,4118400.0,7.893467903137207
2004-10-04,9.300000190734863,9.0,9.289999961853027,9.069999694824219,7402800.0,7.765048980712891
2004-10-05,9.039999961853027,8.899999618530273,9.010000228881836,8.960000038146973,4896500.0,7.670874118804932
2004-10-06,9.039999961853027,8.899999618530273,9.0,8.949999809265137,4546700.0,7.662313938140869
2004-10-07,8.949999809265137,8.850000381469727,8.949999809265137,8.850000381469727,4738700.0,7.5767011642456055
2004-10-08,8.90999984741211,8.670000076293945,8.729999542236328,8.699999809265137,3727500.0,7.448283672332764
2004-10-11,8.789999961853027,8.649999618530273,8.710000038146973,8.6899995803833,4558800.0,7.439720630645752
2004-10-12,8.789999961853027,8.600000381469727,8.649999618530273,8.720000267028809,3385600.0,7.4654059410095215
2004-10-13,8.899999618530273,8.640000343322754,8.899999618530273,8.649999618530273,4303500.0,7.405477046966553
2004-10-14,8.699999809265137,8.430000305175781,8.670000076293945,8.470000267028809,4449500.0,7.251375675201416
2004-10-15,9.069999694824219,8.489999771118164,8.75,8.970000267028809,11780300.0,7.679436206817627
2004-10-18,9.0,8.75,9.0,8.880000114440918,5756900.0,7.602387428283691
2004-10-19,9.180000305175781,8.90999984741211,8.960000038146973,8.949999809265137,10677300.0,7.662313938140869
2004-10-20,8.979999542236328,8.739999771118164,8.869999885559082,8.899999618530273,5612300.0,7.619508266448975
2004-10-21,9.010000228881836,8.829999923706055,8.850000381469727,8.989999771118164,7833500.0,7.696557998657227
2004-10-22,9.0,8.800000190734863,9.0,8.8100004196167,5160000.0,7.5424604415893555
2004-10-25,8.819999694824219,8.720000267028809,8.770000457763672,8.779999732971191,6889600.0,7.516772270202637
2004-10-26,8.920000076293945,8.75,8.800000190734863,8.859999656677246,7074500.0,7.585262775421143
2004-10-27,9.170000076293945,8.75,8.800000190734863,9.170000076293945,12175800.0,7.850663185119629
2004-10-28,9.359999656677246,9.039999961853027,9.109999656677246,9.180000305175781,9991600.0,7.859225273132324
2004-10-29,9.210000038146973,9.079999923706055,9.119999885559082,9.149999618530273,10557600.0,7.833538055419922
2004-11-01,9.329999923706055,9.119999885559082,9.130000114440918,9.279999732971191,6171200.0,7.944836139678955
2004-11-02,9.640000343322754,9.25,9.25,9.460000038146973,10179300.0,8.09893798828125
2004-11-03,9.899999618530273,9.420000076293945,9.800000190734863,9.5,7642800.0,8.15041732788086
2004-11-04,9.649999618530273,9.399999618530273,9.5,9.619999885559082,7101900.0,8.25336742401123
2004-11-05,9.8100004196167,9.600000381469727,9.760000228881836,9.720000267028809,7351900.0,8.339159965515137
2004-11-08,9.670000076293945,9.300000190734863,9.670000076293945,9.630000114440918,7164900.0,8.261945724487305
2004-11-09,9.789999961853027,9.539999961853027,9.5600004196167,9.75,5093500.0,8.364899635314941
2004-11-10,10.039999961853027,9.760000228881836,9.789999961853027,9.979999542236328,13296400.0,8.562225341796875
2004-11-11,10.130000114440918,9.930000305175781,9.979999542236328,10.119999885559082,6976000.0,8.682336807250977
2004-11-12,10.449999809265137,10.180000305175781,10.25,10.430000305175781,13450700.0,8.948299407958984
2004-11-15,10.649999618530273,10.430000305175781,10.479999542236328,10.550000190734863,8226400.0,9.051251411437988
2004-11-16,10.550000190734863,10.350000381469727,10.520000457763672,10.449999809265137,4082700.0,8.965460777282715
2004-11-17,10.710000038146973,10.5,10.539999961853027,10.5600004196167,7997900.0,9.059828758239746
2004-11-18,10.670000076293945,10.5,10.550000190734863,10.609999656677246,3914700.0,9.102726936340332
2004-11-19,10.6899995803833,10.130000114440918,10.680000305175781,10.289999961853027,5981000.0,8.82818603515625
2004-11-22,10.319999694824219,10.069999694824219,10.300000190734863,10.279999732971191,7845100.0,8.819605827331543
2004-11-23,10.739999771118164,10.399999618530273,10.4399995803833,10.670000076293945,10085700.0,9.154202461242676
2004-11-24,10.960000038146973,10.699999809265137,10.699999809265137,10.9399995803833,6851400.0,9.385848999023438
2004-11-26,11.0,10.869999885559082,10.949999809265137,10.90999984741211,2300400.0,9.36010456085205
2004-11-29,11.020000457763672,10.710000038146973,10.979999542236328,10.949999809265137,7471100.0,9.394425392150879
2004-11-30,10.880000114440918,10.609999656677246,10.850000381469727,10.789999961853027,8581900.0,9.25715446472168
2004-12-01,11.130000114440918,10.770000457763672,10.789999961853027,11.119999885559082,7137800.0,9.540279388427734
2004-12-02,11.25,10.949999809265137,11.109999656677246,10.960000038146973,8489900.0,9.403000831604004
2004-12-03,10.989999771118164,10.680000305175781,10.920000076293945,10.899999618530273,8330700.0,9.351530075073242
2004-12-06,10.899999618530273,10.720000267028809,10.899999618530273,10.819999694824219,4941300.0,9.2828950881958
2004-12-07,10.949999809265137,10.770000457763672,10.819999694824219,10.819999694824219,4776600.0,9.2828950881958
2004-12-08,10.899999618530273,10.760000228881836,10.850000381469727,10.770000457763672,3747500.0,9.239996910095215
2004-12-09,10.989999771118164,10.510000228881836,10.779999732971191,10.979999542236328,9925800.0,9.420165061950684
2004-12-10,11.350000381469727,10.949999809265137,11.100000381469727,11.260000228881836,10545100.0,9.660387992858887
2004-12-13,11.569999694824219,11.239999771118164,11.279999732971191,11.5,12187800.0,9.866291999816895
2004-12-14,11.770000457763672,11.430000305175781,11.600000381469727,11.720000267028809,10464800.0,10.055041313171387
2004-12-15,11.890000343322754,11.720000267028809,11.789999961853027,11.850000381469727,9831700.0,10.166569709777832
2004-12-16,12.020000457763672,11.850000381469727,11.899999618530273,11.930000305175781,11570600.0,10.23520565032959
2004-12-17,12.029999732971191,11.739999771118164,11.829999923706055,11.75,8875400.0,10.080775260925293
2004-12-20,11.970000267028809,11.619999885559082,11.739999771118164,11.710000038146973,6974800.0,10.04645824432373
2004-12-21,12.0600004196167,11.680000305175781,11.6899995803833,12.029999732971191,6938200.0,10.321001052856445
2004-12-22,12.15999984741211,11.880000114440918,11.880000114440918,12.010000228881836,4813900.0,10.303841590881348
2004-12-23,12.100000381469727,11.949999809265137,12.020000457763672,11.949999809265137,3948600.0,10.252361297607422
2004-12-27,12.079999923706055,11.9399995803833,11.9399995803833,12.010000228881836,2648400.0,10.303841590881348
2004-12-28,12.100000381469727,11.960000038146973,12.020000457763672,11.970000267028809,7377200.0,10.269525527954102
2004-12-29,11.989999771118164,11.739999771118164,11.949999809265137,11.8100004196167,4341200.0,10.132254600524902
2004-12-30,11.920000076293945,11.779999732971191,11.800000190734863,11.800000190734863,3854200.0,10.123676300048828
2004-12-31,12.119999885559082,11.800000190734863,11.800000190734863,11.960000038146973,3757400.0,10.260943412780762
2005-01-03,11.949999809265137,11.649999618530273,11.800000190734863,11.65999984741211,6296900.0,10.003561019897461
2005-01-04,11.75,11.229999542236328,11.699999809265137,11.390000343322754,7891700.0,9.771920204162598
2005-01-05,11.5,11.270000457763672,11.390000343322754,11.319999694824219,5274300.0,9.711864471435547
2005-01-06,11.539999961853027,11.3100004196167,11.3100004196167,11.510000228881836,4557000.0,9.874868392944336
2005-01-07,11.680000305175781,11.4399995803833,11.550000190734863,11.470000267028809,4059500.0,9.84055233001709
2005-01-10,11.550000190734863,11.359999656677246,11.399999618530273,11.539999961853027,4434900.0,9.900609970092773
2005-01-11,11.449999809265137,11.020000457763672,11.449999809265137,11.199999809265137,8698500.0,9.60891342163086
2005-01-12,11.229999542236328,11.029999732971191,11.149999618530273,11.229999542236328,5450800.0,9.634644508361816
2005-01-13,11.229999542236328,10.890000343322754,11.119999885559082,10.979999542236328,7778200.0,9.420165061950684
2005-01-14,11.149999618530273,10.960000038146973,10.989999771118164,11.119999885559082,5382200.0,9.540279388427734
2005-01-18,11.470000267028809,11.109999656677246,11.109999656677246,11.390000343322754,5136500.0,9.771920204162598
2005-01-19,11.600000381469727,11.239999771118164,11.600000381469727,11.239999771118164,5785100.0,9.643227577209473
2005-01-20,11.229999542236328,11.140000343322754,11.1899995803833,11.180000305175781,4635800.0,9.591752052307129
2005-01-21,11.25,10.75,11.180000305175781,10.949999809265137,5641000.0,9.394425392150879
2005-01-24,11.180000305175781,11.0,11.100000381469727,11.050000190734863,4491000.0,9.480217933654785
2005-01-25,11.300000190734863,11.0600004196167,11.130000114440918,11.170000076293945,4976200.0,9.583174705505371
2005-01-26,11.319999694824219,11.050000190734863,11.180000305175781,11.300000190734863,7594900.0,9.694704055786133
2005-01-27,11.369999885559082,11.220000267028809,11.300000190734863,11.289999961853027,3571500.0,9.686123847961426
2005-01-28,11.34000015258789,11.079999923706055,11.260000228881836,11.100000381469727,5528700.0,9.523116111755371
2005-01-31,11.359999656677246,11.140000343322754,11.199999809265137,11.239999771118164,5441400.0,9.643227577209473
2005-02-01,11.229999542236328,11.0,11.220000267028809,11.15999984741211,6701700.0,9.574592590332031
2005-02-02,11.149999618530273,11.010000228881836,11.109999656677246,11.09000015258789,4392100.0,9.514538764953613
2005-02-03,11.0600004196167,10.65999984741211,11.050000190734863,10.699999809265137,7324900.0,9.179944038391113
2005-02-04,10.609999656677246,10.149999618530273,10.600000381469727,10.380000114440918,18997000.0,8.905401229858398
2005-02-07,10.520000457763672,10.329999923706055,10.479999542236328,10.460000038146973,8728200.0,8.991360664367676
2005-02-08,10.5600004196167,10.369999885559082,10.460000038146973,10.5,5584300.0,9.025744438171387
2005-02-09,10.670000076293945,10.479999542236328,10.5,10.5,6400400.0,9.025744438171387
2005-02-10,10.569999694824219,10.359999656677246,10.5,10.399999618530273,7121400.0,8.939785957336426
2005-02-11,10.890000343322754,10.380000114440918,10.399999618530273,10.770000457763672,6997900.0,9.257834434509277
2005-02-14,11.100000381469727,10.800000190734863,10.8100004196167,10.970000267028809,9616200.0,9.429756164550781
2005-02-15,11.020000457763672,10.869999885559082,10.970000267028809,10.949999809265137,4405500.0,9.412558555603027
2005-02-16,10.9399995803833,10.819999694824219,10.850000381469727,10.890000343322754,3070200.0,9.360989570617676
2005-02-17,10.880000114440918,10.800000190734863,10.84000015258789,10.869999885559082,3678400.0,9.343792915344238
2005-02-18,10.90999984741211,10.6899995803833,10.90999984741211,10.729999542236328,4598800.0,9.223450660705566
2005-02-22,10.75,10.550000190734863,10.579999923706055,10.619999885559082,4588000.0,9.128894805908203
2005-02-23,10.729999542236328,10.489999771118164,10.619999885559082,10.550000190734863,3563100.0,9.068723678588867
2005-02-24,10.649999618530273,10.489999771118164,10.529999732971191,10.609999656677246,5104000.0,9.120294570922852
2005-02-25,10.800000190734863,10.529999732971191,10.5600004196167,10.720000267028809,3403400.0,9.21485424041748
2005-02-28,10.649999618530273,10.479999542236328,10.619999885559082,10.5,3994500.0,9.025744438171387
2005-03-01,10.720000267028809,10.4399995803833,10.449999809265137,10.680000305175781,3611900.0,9.180471420288086
2005-03-02,11.039999961853027,10.529999732971191,10.579999923706055,10.930000305175781,6154700.0,9.395370483398438
2005-03-03,11.010000228881836,10.75,10.930000305175781,10.8100004196167,4257800.0,9.292216300964355
2005-03-04,11.130000114440918,10.800000190734863,10.8100004196167,10.930000305175781,5985000.0,9.395370483398438
2005-03-07,11.199999809265137,10.880000114440918,10.890000343322754,11.09000015258789,3237800.0,9.532906532287598
2005-03-08,11.149999618530273,10.920000076293945,11.029999732971191,10.960000038146973,4140200.0,9.421157836914062
2005-03-09,11.0600004196167,10.9399995803833,10.970000267028809,10.979999542236328,5515600.0,9.438347816467285
2005-03-10,11.140000343322754,10.949999809265137,10.949999809265137,11.010000228881836,3725800.0,9.464136123657227
2005-03-11,11.0,10.8100004196167,10.970000267028809,10.899999618530273,5208300.0,9.369585990905762
2005-03-14,10.989999771118164,10.729999542236328,10.899999618530273,10.84000015258789,4687600.0,9.318004608154297
2005-03-15,10.9399995803833,10.600000381469727,10.890000343322754,10.65999984741211,5283600.0,9.163275718688965
2005-03-16,10.779999732971191,10.520000457763672,10.600000381469727,10.739999771118164,5065200.0,9.232048988342285
2005-03-17,10.779999732971191,10.649999618530273,10.729999542236328,10.739999771118164,4957100.0,9.232048988342285
2005-03-18,10.770000457763672,10.460000038146973,10.739999771118164,10.460000038146973,18354100.0,8.991360664367676
2005-03-21,10.529999732971191,10.270000457763672,10.460000038146973,10.380000114440918,5025400.0,8.922592163085938
2005-03-22,10.460000038146973,10.130000114440918,10.3100004196167,10.180000305175781,8041600.0,8.750673294067383
2005-03-23,10.25,10.050000190734863,10.1899995803833,10.130000114440918,4883600.0,8.707691192626953
2005-03-24,10.210000038146973,10.0,10.130000114440918,10.010000228881836,4897100.0,8.604543685913086
2005-03-28,10.420000076293945,10.0,10.020000457763672,10.229999542236328,6388100.0,8.79365348815918
2005-03-29,10.25,9.979999542236328,10.079999923706055,10.130000114440918,4441200.0,8.707691192626953
2005-03-30,10.489999771118164,10.130000114440918,10.130000114440918,10.470000267028809,5527600.0,8.999954223632812
2005-03-31,10.550000190734863,10.369999885559082,10.470000267028809,10.510000228881836,6157100.0,9.03433895111084
2005-04-01,10.65999984741211,10.430000305175781,10.5600004196167,10.449999809265137,8457400.0,8.982767105102539
2005-04-04,10.569999694824219,10.420000076293945,10.460000038146973,10.470000267028809,4314300.0,8.999954223632812
2005-04-05,10.770000457763672,10.489999771118164,10.5,10.670000076293945,6689900.0,9.171873092651367
2005-04-06,10.770000457763672,10.65999984741211,10.680000305175781,10.699999809265137,3117700.0,9.19766616821289
2005-04-07,10.739999771118164,10.609999656677246,10.699999809265137,10.710000038146973,3165000.0,9.206258773803711
2005-04-08,10.760000228881836,10.550000190734863,10.710000038146973,10.59000015258789,2442800.0,9.103109359741211
2005-04-11,10.649999618530273,10.489999771118164,10.619999885559082,10.609999656677246,2947100.0,9.120294570922852
2005-04-12,10.760000228881836,10.359999656677246,10.569999694824219,10.699999809265137,5787400.0,9.19766616821289
2005-04-13,10.75,10.350000381469727,10.699999809265137,10.420000076293945,3461600.0,8.956975936889648
2005-04-14,10.489999771118164,10.170000076293945,10.449999809265137,10.220000267028809,4689900.0,8.78506088256836
2005-04-15,10.279999732971191,10.0,10.0600004196167,10.119999885559082,6385700.0,8.69909954071045
2005-04-18,10.199999809265137,9.979999542236328,10.119999885559082,10.15999984741211,6521900.0,8.733482360839844
2005-04-19,10.359999656677246,10.119999885559082,10.170000076293945,10.350000381469727,3655700.0,8.896805763244629
2005-04-20,10.319999694824219,9.819999694824219,10.289999961853027,9.869999885559082,6070300.0,8.484201431274414
2005-04-21,10.050000190734863,9.649999618530273,10.050000190734863,10.010000228881836,7295500.0,8.604543685913086
2005-04-22,10.050000190734863,9.789999961853027,9.979999542236328,9.899999618530273,5214000.0,8.509984970092773
2005-04-25,10.210000038146973,9.90999984741211,9.9399995803833,10.140000343322754,3339000.0,8.716290473937988
2005-04-26,10.300000190734863,10.079999923706055,10.149999618530273,10.140000343322754,2959400.0,8.716290473937988
2005-04-27,10.470000267028809,10.020000457763672,10.149999618530273,10.34000015258789,3403100.0,8.888208389282227
2005-04-28,10.279999732971191,10.029999732971191,10.170000076293945,10.029999732971191,2785800.0,8.621734619140625
2005-04-29,10.350000381469727,10.010000228881836,10.199999809265137,10.350000381469727,3738600.0,8.896805763244629
2005-05-02,10.399999618530273,10.0,10.350000381469727,10.100000381469727,5635800.0,8.681906700134277
2005-05-03,10.130000114440918,9.989999771118164,10.09000015258789,10.079999923706055,5592400.0,8.664711952209473
2005-05-04,10.380000114440918,10.0600004196167,10.0600004196167,10.329999923706055,4008500.0,8.87961196899414
2005-05-05,10.59000015258789,10.289999961853027,10.289999961853027,10.5,5413600.0,9.045008659362793
2005-05-06,10.850000381469727,10.300000190734863,10.579999923706055,10.329999923706055,7940100.0,8.898563385009766
2005-05-09,10.779999732971191,10.609999656677246,10.699999809265137,10.739999771118164,7422000.0,9.251750946044922
2005-05-10,10.899999618530273,10.640000343322754,10.739999771118164,10.760000228881836,6836400.0,9.268980026245117
2005-05-11,11.0600004196167,10.819999694824219,10.829999923706055,11.050000190734863,6858100.0,9.518792152404785
2005-05-12,11.079999923706055,10.90999984741211,11.0,10.960000038146973,9875900.0,9.441264152526855
2005-05-13,11.020000457763672,10.84000015258789,10.989999771118164,10.899999618530273,6581200.0,9.389581680297852
2005-05-16,11.140000343322754,10.800000190734863,10.890000343322754,11.109999656677246,3069400.0,9.570478439331055
2005-05-17,11.239999771118164,10.989999771118164,11.050000190734863,11.210000038146973,5381500.0,9.656622886657715
2005-05-18,11.75,11.210000038146973,11.210000038146973,11.65999984741211,8972200.0,10.044266700744629
2005-05-19,11.65999984741211,11.479999542236328,11.630000114440918,11.579999923706055,3659700.0,9.975350379943848
2005-05-20,11.579999923706055,11.399999618530273,11.579999923706055,11.539999961853027,3223000.0,9.94089126586914
2005-05-23,11.65999984741211,11.4399995803833,11.529999732971191,11.579999923706055,3748900.0,9.975350379943848
2005-05-24,11.539999961853027,11.329999923706055,11.529999732971191,11.430000305175781,4076100.0,9.846135139465332
2005-05-25,11.359999656677246,11.15999984741211,11.350000381469727,11.210000038146973,3552700.0,9.656622886657715
2005-05-26,11.40999984741211,11.149999618530273,11.300000190734863,11.3100004196167,4012500.0,9.742765426635742
2005-05-27,11.4399995803833,11.25,11.289999961853027,11.329999923706055,2244200.0,9.759993553161621
2005-05-31,11.390000343322754,11.180000305175781,11.350000381469727,11.34000015258789,4117800.0,9.768609046936035
2005-06-01,11.6899995803833,11.279999732971191,11.350000381469727,11.470000267028809,3861900.0,9.880594253540039
2005-06-02,11.739999771118164,11.34000015258789,11.369999885559082,11.710000038146973,4913200.0,10.087337493896484
2005-06-03,11.859999656677246,11.600000381469727,11.670000076293945,11.680000305175781,4128800.0,10.061490058898926
2005-06-06,11.779999732971191,11.649999618530273,11.680000305175781,11.710000038146973,3320900.0,10.087337493896484
2005-06-07,11.970000267028809,11.720000267028809,11.720000267028809,11.800000190734863,3026300.0,10.164863586425781
2005-06-08,11.850000381469727,11.65999984741211,11.84000015258789,11.710000038146973,2853200.0,10.087337493896484
2005-06-09,11.920000076293945,11.630000114440918,11.720000267028809,11.829999923706055,2704200.0,10.190710067749023
2005-06-10,11.880000114440918,11.6899995803833,11.8100004196167,11.720000267028809,1963000.0,10.095952033996582
2005-06-13,11.890000343322754,11.630000114440918,11.640000343322754,11.800000190734863,4218700.0,10.164863586425781
2005-06-14,11.829999923706055,11.5600004196167,11.789999961853027,11.569999694824219,3953800.0,9.966737747192383
2005-06-15,11.649999618530273,11.369999885559082,11.619999885559082,11.489999771118164,4846700.0,9.897821426391602
2005-06-16,11.600000381469727,11.470000267028809,11.510000228881836,11.569999694824219,4497400.0,9.966737747192383
2005-06-17,11.75,11.5600004196167,11.739999771118164,11.729999542236328,5669100.0,10.104564666748047
2005-06-20,11.75,11.579999923706055,11.630000114440918,11.619999885559082,3652400.0,10.009808540344238
2005-06-21,11.680000305175781,11.510000228881836,11.649999618530273,11.569999694824219,3399500.0,9.966737747192383
2005-06-22,12.0,11.479999542236328,11.569999694824219,11.720000267028809,6922600.0,10.095952033996582
2005-06-23,11.880000114440918,11.729999542236328,11.729999542236328,11.739999771118164,6712800.0,10.113180160522461
2005-06-24,11.739999771118164,11.600000381469727,11.699999809265137,11.600000381469727,5578300.0,9.99258041381836
2005-06-27,11.609999656677246,11.319999694824219,11.5600004196167,11.40999984741211,5820300.0,9.828907012939453
2005-06-28,11.529999732971191,11.369999885559082,11.4399995803833,11.489999771118164,6211500.0,9.897821426391602
2005-06-29,11.529999732971191,11.289999961853027,11.510000228881836,11.390000343322754,5605600.0,9.811678886413574
2005-06-30,11.399999618530273,11.229999542236328,11.380000114440918,11.279999732971191,4959400.0,9.716922760009766
2005-07-01,11.369999885559082,11.229999542236328,11.279999732971191,11.329999923706055,2959700.0,9.759993553161621
2005-07-05,11.470000267028809,11.199999809265137,11.289999961853027,11.4399995803833,3189400.0,9.854748725891113
2005-07-06,12.020000457763672,11.399999618530273,11.420000076293945,11.979999542236328,12826200.0,10.319921493530273
2005-07-07,13.800000190734863,11.710000038146973,11.789999961853027,12.680000305175781,42475700.0,10.922927856445312
2005-07-08,12.550000190734863,12.229999542236328,12.399999618530273,12.5,12646000.0,10.767865180969238
2005-07-11,12.699999809265137,12.430000305175781,12.5,12.550000190734863,7587100.0,10.81093978881836
2005-07-12,12.609999656677246,12.300000190734863,12.539999961853027,12.479999542236328,7693400.0,10.750632286071777
2005-07-13,12.640000343322754,12.4399995803833,12.520000457763672,12.609999656677246,7030900.0,10.862618446350098
2005-07-14,12.859999656677246,12.550000190734863,12.550000190734863,12.75,5914500.0,10.983222007751465
2005-07-15,12.800000190734863,12.640000343322754,12.760000228881836,12.739999771118164,5800000.0,10.974607467651367
2005-07-18,13.529999732971191,12.800000190734863,12.800000190734863,13.369999885559082,15655600.0,11.51730728149414
2005-07-19,14.229999542236328,13.399999618530273,13.399999618530273,13.760000228881836,15586400.0,11.853263854980469
2005-07-20,13.869999885559082,13.710000038146973,13.760000228881836,13.829999923706055,7260600.0,11.913566589355469
2005-07-21,13.869999885559082,13.640000343322754,13.850000381469727,13.649999618530273,4823800.0,11.758508682250977
2005-07-22,13.84000015258789,13.609999656677246,13.680000305175781,13.8100004196167,6847900.0,11.896340370178223
2005-07-25,13.829999923706055,13.520000457763672,13.789999961853027,13.600000381469727,4543000.0,11.715438842773438
2005-07-26,13.710000038146973,13.319999694824219,13.579999923706055,13.710000038146973,4488100.0,11.810194969177246
2005-07-27,13.850000381469727,13.550000190734863,13.739999771118164,13.630000114440918,5670500.0,11.741281509399414
2005-07-28,13.930000305175781,13.600000381469727,13.600000381469727,13.90999984741211,5832800.0,11.982481002807617
2005-07-29,13.949999809265137,13.649999618530273,13.859999656677246,13.699999809265137,5404100.0,11.801579475402832
2005-08-01,13.989999771118164,13.699999809265137,13.710000038146973,13.899999618530273,4039000.0,11.973862648010254
2005-08-02,14.079999923706055,13.819999694824219,13.930000305175781,13.90999984741211,5626500.0,11.982481002807617
2005-08-03,13.880000114440918,13.6899995803833,13.819999694824219,13.75,5134100.0,11.844651222229004
2005-08-04,13.6899995803833,13.359999656677246,13.6899995803833,13.550000190734863,6205200.0,11.672369003295898
2005-08-05,13.609999656677246,13.130000114440918,13.520000457763672,13.279999732971191,5630800.0,11.458381652832031
2005-08-08,13.619999885559082,13.300000190734863,13.449999809265137,13.619999885559082,6149800.0,11.751747131347656
2005-08-09,13.9399995803833,13.609999656677246,13.65999984741211,13.9399995803833,4597600.0,12.027851104736328
2005-08-10,14.3100004196167,13.850000381469727,13.979999542236328,13.970000267028809,6201500.0,12.05373764038086
2005-08-11,14.0,13.6899995803833,13.970000267028809,13.75,5128300.0,11.863913536071777
2005-08-12,13.970000267028809,13.699999809265137,13.8100004196167,13.859999656677246,5782300.0,11.958826065063477
2005-08-15,13.850000381469727,13.6899995803833,13.779999732971191,13.789999961853027,2784600.0,11.898427963256836
2005-08-16,14.170000076293945,13.75,13.789999961853027,13.899999618530273,8122700.0,11.993335723876953
2005-08-17,14.109999656677246,13.859999656677246,13.949999809265137,14.069999694824219,4381300.0,12.140022277832031
2005-08-18,14.210000038146973,13.989999771118164,14.069999694824219,14.100000381469727,3691700.0,12.165905952453613
2005-08-19,14.229999542236328,14.0,14.15999984741211,14.130000114440918,4336600.0,12.191787719726562
2005-08-22,14.199999809265137,13.890000343322754,14.130000114440918,14.069999694824219,2860800.0,12.140022277832031
2005-08-23,14.140000343322754,13.899999618530273,14.100000381469727,13.9399995803833,4325300.0,12.027851104736328
2005-08-24,13.989999771118164,13.609999656677246,13.930000305175781,13.670000076293945,3976500.0,11.79488754272461
2005-08-25,13.640000343322754,13.279999732971191,13.640000343322754,13.609999656677246,4277000.0,11.74311637878418
2005-08-26,13.65999984741211,13.380000114440918,13.550000190734863,13.470000267028809,3262100.0,11.622323989868164
2005-08-29,13.449999809265137,13.220000267028809,13.399999618530273,13.3100004196167,4514800.0,11.484271049499512
2005-08-30,13.399999618530273,13.149999618530273,13.149999618530273,13.3100004196167,7625000.0,11.484271049499512
2005-08-31,13.5600004196167,13.109999656677246,13.109999656677246,13.529999732971191,8796500.0,11.674093246459961
2005-09-01,13.65999984741211,13.479999542236328,13.479999542236328,13.5,5116000.0,11.64820384979248
2005-09-02,13.579999923706055,13.390000343322754,13.550000190734863,13.40999984741211,2509100.0,11.570552825927734
2005-09-06,13.649999618530273,13.369999885559082,13.4399995803833,13.649999618530273,3704800.0,11.777632713317871
2005-09-07,13.6899995803833,13.5,13.649999618530273,13.65999984741211,2945700.0,11.786262512207031
2005-09-08,13.640000343322754,13.479999542236328,13.600000381469727,13.510000228881836,3961600.0,11.656835556030273
2005-09-09,13.729999542236328,13.539999961853027,13.569999694824219,13.699999809265137,3812500.0,11.820775032043457
2005-09-12,14.069999694824219,13.699999809265137,13.770000457763672,13.979999542236328,3928900.0,12.062368392944336
2005-09-13,14.640000343322754,14.119999885559082,14.119999885559082,14.460000038146973,9505100.0,12.476522445678711
2005-09-14,14.949999809265137,14.420000076293945,14.640000343322754,14.5,8343300.0,12.511038780212402
2005-09-15,14.670000076293945,14.25,14.600000381469727,14.319999694824219,6866100.0,12.355729103088379
2005-09-16,14.479999542236328,14.130000114440918,14.350000381469727,14.350000381469727,11731000.0,12.38161563873291
2005-09-19,14.279999732971191,13.800000190734863,14.149999618530273,14.279999732971191,6020200.0,12.321215629577637
2005-09-20,14.649999618530273,14.180000305175781,14.449999809265137,14.210000038146973,5794100.0,12.260817527770996
2005-09-21,14.34000015258789,13.9399995803833,14.149999618530273,14.020000457763672,9013900.0,12.096881866455078
2005-09-22,14.119999885559082,13.5600004196167,14.050000190734863,14.050000190734863,6895900.0,12.122760772705078
2005-09-23,14.300000190734863,13.869999885559082,14.0600004196167,14.149999618530273,4258200.0,12.209046363830566
2005-09-26,14.199999809265137,14.0,14.149999618530273,14.100000381469727,5083300.0,12.165905952453613
2005-09-27,14.130000114440918,13.90999984741211,14.100000381469727,14.039999961853027,3907100.0,12.114134788513184
2005-09-28,14.369999885559082,14.029999732971191,14.029999732971191,14.100000381469727,5090000.0,12.165905952453613
2005-09-29,14.25,14.109999656677246,14.109999656677246,14.25,5537500.0,12.295331001281738
2005-09-30,14.449999809265137,14.180000305175781,14.25,14.430000305175781,4560700.0,12.450639724731445
2005-10-03,14.520000457763672,14.369999885559082,14.4399995803833,14.4399995803833,5070000.0,12.459267616271973
2005-10-04,14.489999771118164,14.130000114440918,14.430000305175781,14.130000114440918,4863500.0,12.191787719726562
2005-10-05,14.25,13.949999809265137,14.170000076293945,13.960000038146973,5029500.0,12.045111656188965
2005-10-06,14.050000190734863,13.65999984741211,13.949999809265137,13.760000228881836,7107200.0,11.872544288635254
2005-10-07,14.069999694824219,13.760000228881836,13.859999656677246,13.970000267028809,7529000.0,12.05373764038086
2005-10-10,14.020000457763672,13.640000343322754,13.970000267028809,13.649999618530273,3742600.0,11.777632713317871
2005-10-11,13.699999809265137,13.34000015258789,13.630000114440918,13.399999618530273,5791000.0,11.561924934387207
2005-10-12,13.470000267028809,12.949999809265137,13.34000015258789,13.039999961853027,7017600.0,11.251304626464844
2005-10-13,13.260000228881836,12.75,12.979999542236328,13.140000343322754,9762500.0,11.337591171264648
2005-10-14,13.420000076293945,12.979999542236328,13.300000190734863,13.130000114440918,7058500.0,11.328962326049805
2005-10-17,13.979999542236328,13.329999923706055,13.739999771118164,13.34000015258789,10610200.0,11.510156631469727
2005-10-18,13.529999732971191,13.079999923706055,13.350000381469727,13.210000038146973,8831900.0,11.397987365722656
2005-10-19,13.600000381469727,13.069999694824219,13.210000038146973,13.600000381469727,7218800.0,11.734489440917969
2005-10-20,14.229999542236328,13.600000381469727,13.699999809265137,13.789999961853027,9919500.0,11.898427963256836
2005-10-21,13.930000305175781,13.630000114440918,13.789999961853027,13.779999732971191,8652300.0,11.889796257019043
2005-10-24,14.329999923706055,13.6899995803833,13.800000190734863,14.319999694824219,7206000.0,12.355729103088379
2005-10-25,14.4399995803833,14.210000038146973,14.229999542236328,14.3100004196167,10863600.0,12.347097396850586
2005-10-26,14.630000114440918,14.25,14.300000190734863,14.470000267028809,8086800.0,12.48515510559082
2005-10-27,14.630000114440918,14.369999885559082,14.380000114440918,14.399999618530273,8942600.0,12.424755096435547
2005-10-28,14.600000381469727,14.390000343322754,14.449999809265137,14.600000381469727,13657800.0,12.597320556640625
2005-10-31,15.239999771118164,14.699999809265137,14.699999809265137,15.199999809265137,9267500.0,13.115019798278809
2005-11-01,15.350000381469727,15.050000190734863,15.25,15.119999885559082,8388400.0,13.045989990234375
2005-11-02,15.34000015258789,15.119999885559082,15.149999618530273,15.319999694824219,7572500.0,13.218557357788086
2005-11-03,15.359999656677246,15.149999618530273,15.319999694824219,15.25,4723200.0,13.158158302307129
2005-11-04,15.329999923706055,15.029999732971191,15.25,15.119999885559082,3178700.0,13.045989990234375
2005-11-07,15.25,14.970000267028809,15.149999618530273,15.170000076293945,6214500.0,13.110812187194824
2005-11-08,15.270000457763672,15.069999694824219,15.180000305175781,15.199999809265137,4041200.0,13.136743545532227
2005-11-09,15.420000076293945,15.199999809265137,15.199999809265137,15.319999694824219,4791700.0,13.24045181274414
2005-11-10,15.920000076293945,15.350000381469727,15.380000114440918,15.890000343322754,9176700.0,13.733078956604004
2005-11-11,16.139999389648438,15.819999694824219,15.890000343322754,16.0,9387200.0,13.828144073486328
2005-11-14,16.030000686645508,15.75,16.0,16.0,6752000.0,13.828144073486328
2005-11-15,15.710000038146973,13.640000343322754,15.5600004196167,15.4399995803833,14385900.0,13.344159126281738
2005-11-16,15.34000015258789,14.729999542236328,15.300000190734863,14.890000343322754,9185700.0,12.868818283081055
2005-11-17,15.119999885559082,14.760000228881836,14.899999618530273,15.100000381469727,7989600.0,13.050315856933594
2005-11-18,15.1899995803833,14.8100004196167,15.100000381469727,14.960000038146973,7259000.0,12.92931842803955
2005-11-21,15.210000038146973,14.9399995803833,14.960000038146973,15.170000076293945,13690100.0,13.110812187194824
2005-11-22,15.140000343322754,14.960000038146973,15.029999732971191,15.100000381469727,8750100.0,13.050315856933594
2005-11-23,15.470000267028809,15.079999923706055,15.100000381469727,15.359999656677246,6436900.0,13.27502155303955
2005-11-25,15.4399995803833,15.300000190734863,15.420000076293945,15.380000114440918,1407700.0,13.29230785369873
2005-11-28,15.619999885559082,15.270000457763672,15.40999984741211,15.319999694824219,5775400.0,13.24045181274414
2005-11-29,15.4399995803833,15.149999618530273,15.319999694824219,15.239999771118164,4532200.0,13.171311378479004
2005-11-30,15.4399995803833,15.15999984741211,15.199999809265137,15.25,4983800.0,13.179949760437012
2005-12-01,15.649999618530273,15.34000015258789,15.350000381469727,15.430000305175781,4801000.0,13.335516929626465
2005-12-02,15.619999885559082,15.380000114440918,15.4399995803833,15.609999656677246,2540600.0,13.491084098815918
2005-12-05,15.6899995803833,15.300000190734863,15.550000190734863,15.569999694824219,3885800.0,13.456514358520508
2005-12-06,15.770000457763672,15.380000114440918,15.720000267028809,15.40999984741211,3552000.0,13.318232536315918
2005-12-07,15.550000190734863,15.0600004196167,15.40999984741211,15.130000114440918,5279700.0,13.076245307922363
2005-12-08,15.130000114440918,14.869999885559082,15.079999923706055,14.979999542236328,4529400.0,12.946602821350098
2005-12-09,15.069999694824219,14.890000343322754,15.029999732971191,14.960000038146973,3583400.0,12.92931842803955
2005-12-12,14.989999771118164,14.739999771118164,14.979999542236328,14.880000114440918,3188500.0,12.860177040100098
2005-12-13,15.149999618530273,14.729999542236328,14.819999694824219,15.100000381469727,5772000.0,13.050315856933594
2005-12-14,15.510000228881836,15.100000381469727,15.199999809265137,15.460000038146973,6414700.0,13.361445426940918
2005-12-15,15.460000038146973,15.119999885559082,15.460000038146973,15.270000457763672,4293000.0,13.197237968444824
2005-12-16,15.329999923706055,14.989999771118164,15.279999732971191,15.09000015258789,6081400.0,13.041671752929688
2005-12-19,15.09000015258789,14.619999885559082,15.079999923706055,14.680000305175781,5427900.0,12.687323570251465
2005-12-20,15.0,14.720000267028809,14.84000015258789,15.0,3346300.0,12.963889122009277
2005-12-21,15.229999542236328,14.699999809265137,14.970000267028809,14.770000457763672,3430700.0,12.765105247497559
2005-12-22,15.149999618530273,14.680000305175781,14.75,15.050000190734863,3925100.0,13.00710391998291
2005-12-23,15.229999542236328,14.989999771118164,15.199999809265137,15.0,1673000.0,12.963889122009277
2005-12-27,15.069999694824219,14.579999923706055,15.0,14.710000038146973,4086900.0,12.713251113891602
2005-12-28,14.970000267028809,14.619999885559082,14.619999885559082,14.9399995803833,3344100.0,12.912031173706055
2005-12-29,15.020000457763672,14.699999809265137,14.920000076293945,14.859999656677246,2885700.0,12.842890739440918
2005-12-30,14.899999618530273,14.5600004196167,14.800000190734863,14.670000076293945,3447000.0,12.678681373596191
2006-01-03,15.0,14.140000343322754,14.510000228881836,14.960000038146973,7271800.0,12.92931842803955
2006-01-04,15.760000228881836,14.8100004196167,14.960000038146973,15.6899995803833,12238100.0,13.56022834777832
2006-01-05,15.880000114440918,15.470000267028809,15.489999771118164,15.8100004196167,4971800.0,13.6639404296875
2006-01-06,16.200000762939453,15.609999656677246,15.850000381469727,16.040000915527344,6522500.0,13.862716674804688
2006-01-09,16.25,15.84000015258789,16.25,16.200000762939453,6971100.0,14.000998497009277
2006-01-10,16.200000762939453,15.670000076293945,16.15999984741211,15.670000076293945,8407400.0,13.542941093444824
2006-01-11,15.729999542236328,15.489999771118164,15.670000076293945,15.59000015258789,10432000.0,13.47380256652832
2006-01-12,15.59000015258789,15.399999618530273,15.59000015258789,15.4399995803833,5644000.0,13.344159126281738
2006-01-13,15.569999694824219,15.109999656677246,15.539999961853027,15.220000267028809,4914100.0,13.154025077819824
2006-01-17,15.119999885559082,14.84000015258789,15.010000228881836,14.979999542236328,6871100.0,12.946602821350098
2006-01-18,14.979999542236328,14.489999771118164,14.859999656677246,14.619999885559082,12332200.0,12.635470390319824
2006-01-19,15.020000457763672,14.670000076293945,14.869999885559082,14.979999542236328,8976500.0,12.946602821350098
2006-01-20,14.930000305175781,14.489999771118164,14.930000305175781,14.489999771118164,7646800.0,12.523113250732422
2006-01-23,14.899999618530273,14.510000228881836,14.539999961853027,14.770000457763672,8263000.0,12.765105247497559
2006-01-24,15.25,14.0,14.8100004196167,14.75,9601600.0,12.747825622558594
2006-01-25,14.859999656677246,14.5,14.75,14.649999618530273,7168800.0,12.661396026611328
2006-01-26,15.270000457763672,14.930000305175781,15.079999923706055,15.180000305175781,7339700.0,13.11945629119873
2006-01-27,15.3100004196167,14.819999694824219,15.069999694824219,14.869999885559082,7836500.0,12.851534843444824
2006-01-30,15.229999542236328,14.720000267028809,14.760000228881836,15.029999732971191,6788500.0,12.989813804626465
2006-01-31,15.149999618530273,14.649999618530273,14.979999542236328,14.789999961853027,7188900.0,12.782392501831055
2006-02-01,15.15999984741211,14.670000076293945,14.710000038146973,14.739999771118164,10037500.0,12.739180564880371
2006-02-02,14.800000190734863,14.300000190734863,14.729999542236328,14.430000305175781,9502600.0,12.471261978149414
2006-02-03,14.680000305175781,14.260000228881836,14.399999618530273,14.600000381469727,6475800.0,12.618182182312012
2006-02-06,14.699999809265137,14.4399995803833,14.579999923706055,14.670000076293945,7029200.0,12.700431823730469
2006-02-07,14.710000038146973,14.430000305175781,14.6899995803833,14.479999542236328,5435200.0,12.535940170288086
2006-02-08,14.779999732971191,14.40999984741211,14.449999809265137,14.739999771118164,6766200.0,12.761032104492188
2006-02-09,14.90999984741211,14.600000381469727,14.710000038146973,14.619999885559082,6378900.0,12.65714168548584
2006-02-10,14.760000228881836,14.270000457763672,14.59000015258789,14.550000190734863,7100100.0,12.596539497375488
2006-02-13,14.550000190734863,14.369999885559082,14.449999809265137,14.4399995803833,4046400.0,12.501309394836426
2006-02-14,15.289999961853027,14.479999542236328,14.520000457763672,15.289999961853027,14701400.0,13.237187385559082
2006-02-15,15.880000114440918,15.1899995803833,15.239999771118164,15.75,11220700.0,13.635429382324219
2006-02-16,16.15999984741211,15.739999771118164,15.75,16.1299991607666,9758400.0,13.964414596557617
2006-02-17,16.190000534057617,15.989999771118164,16.100000381469727,16.1200008392334,6674600.0,13.955758094787598
2006-02-21,16.149999618530273,15.9399995803833,16.030000686645508,16.040000915527344,5964500.0,13.886496543884277
2006-02-22,16.5,15.979999542236328,16.020000457763672,16.399999618530273,8790400.0,14.198161125183105
2006-02-23,16.950000762939453,16.31999969482422,16.360000610351562,16.559999465942383,15190800.0,14.33668327331543
2006-02-24,16.90999984741211,16.40999984741211,16.729999542236328,16.559999465942383,9120400.0,14.33668327331543
2006-02-27,16.770000457763672,15.600000381469727,16.270000457763672,16.479999542236328,9721800.0,14.26742172241211
2006-02-28,16.6200008392334,16.1200008392334,16.399999618530273,16.209999084472656,8569500.0,14.033674240112305
2006-03-01,16.6299991607666,16.030000686645508,16.290000915527344,16.520000457763672,7678600.0,14.30204963684082
2006-03-02,16.719999313354492,16.25,16.309999465942383,16.540000915527344,4675300.0,14.31937026977539
2006-03-03,16.81999969482422,16.270000457763672,16.350000381469727,16.700000762939453,5764200.0,14.457886695861816
2006-03-06,16.829999923706055,16.329999923706055,16.700000762939453,16.450000762939453,7202200.0,14.241453170776367
2006-03-07,16.850000381469727,16.059999465942383,16.43000030517578,16.260000228881836,5016200.0,14.076960563659668
2006-03-08,16.3799991607666,15.90999984741211,16.350000381469727,16.200000762939453,6412600.0,14.025012969970703
2006-03-09,16.5,16.020000457763672,16.229999542236328,16.09000015258789,5161800.0,13.92978286743164
2006-03-10,16.40999984741211,16.100000381469727,16.25,16.34000015258789,3267100.0,14.146219253540039
2006-03-13,16.559999465942383,16.270000457763672,16.360000610351562,16.520000457763672,6253000.0,14.30204963684082
2006-03-14,17.030000686645508,16.40999984741211,16.469999313354492,16.959999084472656,7226800.0,14.682977676391602
2006-03-15,17.100000381469727,16.799999237060547,16.93000030517578,16.940000534057617,7066100.0,14.665665626525879
2006-03-16,17.809999465942383,17.469999313354492,17.549999237060547,17.59000015258789,20655200.0,15.228392601013184
2006-03-17,18.239999771118164,17.6200008392334,17.8700008392334,18.1299991607666,10266800.0,15.695894241333008
2006-03-20,18.260000228881836,17.68000030517578,18.239999771118164,17.81999969482422,6348400.0,15.427515029907227
2006-03-21,17.93000030517578,17.399999618530273,17.5,17.5,5552800.0,15.150479316711426
2006-03-22,17.549999237060547,17.15999984741211,17.440000534057617,17.520000457763672,6459600.0,15.16779613494873
2006-03-23,17.540000915527344,17.219999313354492,17.540000915527344,17.329999923706055,2600100.0,15.003294944763184
2006-03-24,17.450000762939453,17.190000534057617,17.229999542236328,17.389999389648438,2843700.0,15.055251121520996
2006-03-27,17.579999923706055,17.25,17.25,17.420000076293945,3663600.0,15.081222534179688
2006-03-28,17.610000610351562,17.190000534057617,17.34000015258789,17.280000686645508,6432000.0,14.960014343261719
2006-03-29,17.899999618530273,17.5,17.530000686645508,17.639999389648438,8836300.0,15.271679878234863
2006-03-30,17.709999084472656,17.280000686645508,17.459999084472656,17.469999313354492,9231200.0,15.124506950378418
2006-03-31,17.540000915527344,17.209999084472656,17.389999389648438,17.209999084472656,5788100.0,14.899410247802734
2006-04-03,17.899999618530273,17.290000915527344,17.399999618530273,17.40999984741211,5504600.0,15.072559356689453
2006-04-04,17.889999389648438,17.260000228881836,17.5,17.709999084472656,6425500.0,15.332279205322266
2006-04-05,17.729999542236328,17.479999542236328,17.690000534057617,17.540000915527344,6281300.0,15.185111045837402
2006-04-06,17.93000030517578,17.3799991607666,17.40999984741211,17.8799991607666,7493900.0,15.479462623596191
2006-04-07,18.049999237060547,17.760000228881836,17.959999084472656,18.0,9055600.0,15.583341598510742
2006-04-10,18.209999084472656,17.8700008392334,18.1200008392334,18.1200008392334,6679200.0,15.687238693237305
2006-04-11,18.360000610351562,17.530000686645508,18.229999542236328,17.729999542236328,6169200.0,15.349595069885254
2006-04-12,17.809999465942383,17.329999923706055,17.799999237060547,17.389999389648438,5388000.0,15.055251121520996
2006-04-13,17.610000610351562,17.31999969482422,17.3700008392334,17.59000015258789,4785200.0,15.228392601013184
2006-04-17,17.690000534057617,17.06999969482422,17.6299991607666,17.34000015258789,7700500.0,15.01196002960205
2006-04-18,17.700000762939453,17.280000686645508,17.469999313354492,17.540000915527344,7907100.0,15.185111045837402
2006-04-19,17.899999618530273,17.559999465942383,17.799999237060547,17.790000915527344,6797900.0,15.401546478271484
2006-04-20,17.850000381469727,17.559999465942383,17.780000686645508,17.719999313354492,5709800.0,15.340947151184082
2006-04-21,17.950000762939453,17.739999771118164,17.920000076293945,17.8700008392334,8668800.0,15.47080135345459
2006-04-24,17.68000030517578,17.350000381469727,17.59000015258789,17.600000381469727,7056600.0,15.237051963806152
2006-04-25,17.739999771118164,17.40999984741211,17.700000762939453,17.469999313354492,4395900.0,15.124506950378418
2006-04-26,17.75,17.540000915527344,17.729999542236328,17.709999084472656,3350000.0,15.332279205322266
2006-04-27,18.43000030517578,17.389999389648438,17.649999618530273,18.209999084472656,9428500.0,15.765154838562012
2006-04-28,18.5,17.700000762939453,18.270000457763672,17.899999618530273,7951000.0,15.496770858764648
2006-05-01,18.31999969482422,17.489999771118164,18.059999465942383,17.530000686645508,6444200.0,15.176450729370117
2006-05-02,17.729999542236328,17.530000686645508,17.559999465942383,17.670000076293945,4182200.0,15.297658920288086
2006-05-03,17.81999969482422,17.40999984741211,17.690000534057617,17.6299991607666,5660400.0,15.263022422790527
2006-05-04,18.209999084472656,17.639999389648438,17.649999618530273,17.799999237060547,8842900.0,15.436461448669434
2006-05-05,18.510000228881836,17.850000381469727,18.010000228881836,18.450000762939453,8308600.0,16.000160217285156
2006-05-08,18.530000686645508,18.1299991607666,18.510000228881836,18.389999389648438,6146300.0,15.948126792907715
2006-05-09,18.360000610351562,18.139999389648438,18.360000610351562,18.25,5259800.0,15.826715469360352
2006-05-10,18.34000015258789,17.65999984741211,18.1299991607666,18.280000686645508,5333800.0,15.852728843688965
2006-05-11,18.309999465942383,17.65999984741211,18.09000015258789,17.84000015258789,6962300.0,15.471152305603027
2006-05-12,17.700000762939453,17.170000076293945,17.440000534057617,17.229999542236328,8806000.0,14.942152976989746
2006-05-15,17.25,16.68000030517578,17.25,17.059999465942383,8857100.0,14.794732093811035
2006-05-16,17.450000762939453,16.940000534057617,16.940000534057617,17.280000686645508,5954300.0,14.985515594482422
2006-05-17,17.3700008392334,16.399999618530273,17.15999984741211,17.030000686645508,11200000.0,14.768708229064941
2006-05-18,17.270000457763672,16.489999771118164,17.020000457763672,16.639999389648438,8324000.0,14.43049430847168
2006-05-19,16.829999923706055,16.25,16.719999313354492,16.649999618530273,9906500.0,14.439165115356445
2006-05-22,16.59000015258789,15.739999771118164,16.520000457763672,15.90999984741211,13029700.0,13.7974271774292
2006-05-23,16.350000381469727,15.90999984741211,16.149999618530273,15.90999984741211,5290600.0,13.7974271774292
2006-05-24,16.34000015258789,15.25,15.779999732971191,16.0,10718500.0,13.875475883483887
2006-05-25,16.5,16.049999237060547,16.110000610351562,16.459999084472656,6724500.0,14.274395942687988
2006-05-26,17.040000915527344,16.59000015258789,16.920000076293945,16.850000381469727,5107600.0,14.612611770629883
2006-05-30,16.920000076293945,16.360000610351562,16.829999923706055,16.43000030517578,5282400.0,14.248384475708008
2006-05-31,16.81999969482422,16.440000534057617,16.56999969482422,16.65999984741211,5697800.0,14.447845458984375
2006-06-01,16.809999465942383,16.600000381469727,16.709999084472656,16.790000915527344,5847900.0,14.560580253601074
2006-06-02,17.100000381469727,16.690000534057617,16.969999313354492,16.969999313354492,4906200.0,14.716678619384766
2006-06-05,17.0,16.190000534057617,16.81999969482422,16.270000457763672,6150900.0,14.109623908996582
2006-06-06,16.3799991607666,15.850000381469727,16.3799991607666,16.079999923706055,9402000.0,13.944854736328125
2006-06-07,16.450000762939453,15.960000038146973,16.09000015258789,16.18000030517578,7046000.0,14.031578063964844
2006-06-08,16.389999389648438,15.609999656677246,16.010000228881836,16.1299991607666,11112500.0,13.988215446472168
2006-06-09,16.3700008392334,15.970000267028809,16.020000457763672,16.15999984741211,4828600.0,14.014230728149414
2006-06-12,16.290000915527344,15.390000343322754,16.229999542236328,15.5600004196167,7040300.0,13.493901252746582
2006-06-13,15.539999961853027,14.470000267028809,15.380000114440918,14.579999923706055,18624100.0,12.644028663635254
2006-06-14,14.90999984741211,14.220000267028809,14.25,14.550000190734863,17542400.0,12.618013381958008
2006-06-15,15.829999923706055,14.619999885559082,14.720000267028809,15.729999542236328,11342600.0,13.641326904296875
2006-06-16,16.079999923706055,15.350000381469727,15.729999542236328,15.520000457763672,6397800.0,13.459211349487305
2006-06-19,15.720000267028809,15.239999771118164,15.630000114440918,15.289999961853027,7065400.0,13.25975227355957
2006-06-20,15.789999961853027,15.210000038146973,15.300000190734863,15.420000076293945,8605600.0,13.3724946975708
2006-06-21,15.899999618530273,15.350000381469727,15.369999885559082,15.59000015258789,7438600.0,13.519913673400879
2006-06-22,15.619999885559082,15.279999732971191,15.5,15.4399995803833,5405200.0,13.389830589294434
2006-06-23,15.40999984741211,15.15999984741211,15.289999961853027,15.34000015258789,7762600.0,13.30311393737793
2006-06-26,15.510000228881836,15.260000228881836,15.430000305175781,15.369999885559082,5034700.0,13.329129219055176
2006-06-27,15.369999885559082,14.869999885559082,15.3100004196167,14.90999984741211,7119800.0,12.930212020874023
2006-06-28,15.270000457763672,14.770000457763672,15.0,15.140000343322754,7463800.0,13.129669189453125
2006-06-29,15.859999656677246,15.199999809265137,15.270000457763672,15.8100004196167,7640600.0,13.71070671081543
2006-06-30,16.25,15.609999656677246,15.970000267028809,15.979999542236328,6124300.0,13.858132362365723
2006-07-03,16.329999923706055,15.899999618530273,16.040000915527344,16.200000762939453,2593900.0,14.048918724060059
2006-07-05,16.18000030517578,15.789999961853027,16.030000686645508,15.869999885559082,6092600.0,13.762737274169922
2006-07-06,15.960000038146973,15.729999542236328,15.869999885559082,15.84000015258789,4825800.0,13.73672103881836
2006-07-07,15.710000038146973,15.210000038146973,15.670000076293945,15.279999732971191,4517600.0,13.251078605651855
2006-07-10,15.489999771118164,15.130000114440918,15.329999923706055,15.199999809265137,2952400.0,13.181703567504883
2006-07-11,15.420000076293945,15.020000457763672,15.220000267028809,15.390000343322754,4454900.0,13.346473693847656
2006-07-12,15.449999809265137,14.930000305175781,15.4399995803833,15.0,7747900.0,13.008260726928711
2006-07-13,14.989999771118164,14.550000190734863,14.880000114440918,14.569999694824219,8074800.0,12.635358810424805
2006-07-14,14.789999961853027,14.430000305175781,14.470000267028809,14.619999885559082,4814100.0,12.67871379852295
2006-07-17,14.720000267028809,14.199999809265137,14.399999618530273,14.260000228881836,5824600.0,12.366520881652832
2006-07-18,14.65999984741211,14.0,14.289999961853027,14.369999885559082,10215700.0,12.461913108825684
2006-07-19,15.199999809265137,14.270000457763672,14.449999809265137,14.989999771118164,8904400.0,12.999588966369629
2006-07-20,15.0600004196167,14.680000305175781,14.899999618530273,14.75,8527800.0,12.791457176208496
2006-07-21,14.880000114440918,14.3100004196167,14.649999618530273,14.699999809265137,9254400.0,12.748092651367188
2006-07-24,15.130000114440918,14.640000343322754,14.699999809265137,14.859999656677246,5650200.0,12.886850357055664
2006-07-25,15.270000457763672,14.600000381469727,14.729999542236328,15.109999656677246,5480500.0,13.103653907775879
2006-07-26,15.119999885559082,14.869999885559082,14.949999809265137,14.960000038146973,8506200.0,12.973569869995117
2006-07-27,15.510000228881836,14.960000038146973,14.960000038146973,15.40999984741211,9810800.0,13.36382007598877
2006-07-28,15.90999984741211,15.390000343322754,15.420000076293945,15.859999656677246,10481200.0,13.754063606262207
2006-07-31,16.010000228881836,15.6899995803833,15.859999656677246,15.880000114440918,7900100.0,13.771413803100586
2006-08-01,15.979999542236328,15.720000267028809,15.970000267028809,15.90999984741211,6725800.0,13.7974271774292
2006-08-02,16.1200008392334,15.84000015258789,15.880000114440918,15.970000267028809,9331600.0,13.849461555480957
2006-08-03,16.18000030517578,15.84000015258789,15.920000076293945,16.040000915527344,5518300.0,13.910167694091797
2006-08-04,16.40999984741211,16.020000457763672,16.170000076293945,16.209999084472656,7024100.0,14.083934783935547
2006-08-07,16.219999313354492,15.869999885559082,16.1299991607666,15.970000267028809,8143800.0,13.875411033630371
2006-08-08,16.09000015258789,15.59000015258789,16.0,15.720000267028809,5346700.0,13.658201217651367
2006-08-09,16.0,15.630000114440918,15.84000015258789,15.770000457763672,5016500.0,13.701643943786621
2006-08-10,16.0,15.59000015258789,15.739999771118164,15.960000038146973,4432500.0,13.866721153259277
2006-08-11,16.0,15.65999984741211,16.0,15.859999656677246,4317200.0,13.779837608337402
2006-08-14,16.299999237060547,15.899999618530273,16.0,16.06999969482422,5915000.0,13.962297439575195
2006-08-15,16.549999237060547,16.209999084472656,16.209999084472656,16.43000030517578,7663800.0,14.275084495544434
2006-08-16,16.6299991607666,16.170000076293945,16.520000457763672,16.290000915527344,9884100.0,14.153441429138184
2006-08-17,16.739999771118164,16.15999984741211,16.219999313354492,16.6200008392334,6511600.0,14.440164566040039
2006-08-18,16.729999542236328,16.280000686645508,16.610000610351562,16.3799991607666,5176800.0,14.231637001037598
2006-08-21,16.350000381469727,16.1200008392334,16.299999237060547,16.280000686645508,4696100.0,14.144753456115723
2006-08-22,16.600000381469727,16.209999084472656,16.209999084472656,16.350000381469727,4861400.0,14.20556926727295
2006-08-23,16.540000915527344,16.049999237060547,16.450000762939453,16.1299991607666,4334500.0,14.014425277709961
2006-08-24,16.25,15.850000381469727,16.079999923706055,16.0,4329200.0,13.90147590637207
2006-08-25,16.15999984741211,15.920000076293945,16.0,15.979999542236328,2421800.0,13.884099006652832
2006-08-28,16.110000610351562,15.8100004196167,15.8100004196167,16.06999969482422,3464500.0,13.962297439575195
2006-08-29,16.149999618530273,15.680000305175781,16.149999618530273,15.920000076293945,5451600.0,13.831971168518066
2006-08-30,16.329999923706055,15.899999618530273,15.930000305175781,16.25,3903300.0,14.118683815002441
2006-08-31,16.43000030517578,16.200000762939453,16.209999084472656,16.309999465942383,3546800.0,14.170815467834473
2006-09-01,16.540000915527344,16.290000915527344,16.290000915527344,16.479999542236328,4434500.0,14.318523406982422
2006-09-05,16.579999923706055,16.299999237060547,16.299999237060547,16.440000534057617,4256900.0,14.283764839172363
2006-09-06,16.760000228881836,16.260000228881836,16.399999618530273,16.600000381469727,6784300.0,14.42278003692627
2006-09-07,16.6200008392334,16.299999237060547,16.610000610351562,16.350000381469727,5087700.0,14.20556926727295
2006-09-08,16.579999923706055,16.1200008392334,16.530000686645508,16.280000686645508,4402400.0,14.144753456115723
2006-09-11,16.469999313354492,16.209999084472656,16.260000228881836,16.40999984741211,4828300.0,14.257702827453613
2006-09-12,16.780000686645508,16.3799991607666,16.510000228881836,16.770000457763672,6220600.0,14.57048511505127
2006-09-13,17.15999984741211,16.559999465942383,16.559999465942383,16.90999984741211,7172300.0,14.692120552062988
2006-09-14,17.06999969482422,16.68000030517578,16.739999771118164,17.010000228881836,6387800.0,14.779008865356445
2006-09-15,17.600000381469727,17.040000915527344,17.18000030517578,17.510000228881836,13676400.0,15.21342945098877
2006-09-18,17.510000228881836,17.059999465942383,17.5,17.489999771118164,5400600.0,15.196051597595215
2006-09-19,17.559999465942383,17.049999237060547,17.520000457763672,17.149999618530273,5438500.0,14.900647163391113
2006-09-20,17.479999542236328,17.25,17.31999969482422,17.360000610351562,6197700.0,15.08309555053711
2006-09-21,17.5,17.06999969482422,17.329999923706055,17.18000030517578,3790800.0,14.92671012878418
2006-09-22,17.329999923706055,17.09000015258789,17.18000030517578,17.219999313354492,3987200.0,14.961468696594238
2006-09-25,17.56999969482422,17.139999389648438,17.31999969482422,17.559999465942383,6181200.0,15.256868362426758
2006-09-26,17.739999771118164,17.31999969482422,17.520000457763672,17.670000076293945,5218400.0,15.35245132446289
2006-09-27,17.81999969482422,17.520000457763672,17.559999465942383,17.639999389648438,5181100.0,15.326373100280762
2006-09-28,17.989999771118164,17.579999923706055,17.729999542236328,17.850000381469727,4861700.0,15.50883674621582
2006-09-29,18.0,17.700000762939453,17.969999313354492,17.90999984741211,5722100.0,15.560964584350586
2006-10-02,17.959999084472656,17.520000457763672,17.959999084472656,17.68000030517578,4743600.0,15.361129760742188
2006-10-03,17.75,17.459999084472656,17.739999771118164,17.510000228881836,9037200.0,15.21342945098877
2006-10-04,18.270000457763672,17.549999237060547,17.610000610351562,18.260000228881836,9029300.0,15.86506175994873
2006-10-05,18.329999923706055,18.020000457763672,18.170000076293945,18.15999984741211,4500000.0,15.778173446655273
2006-10-06,18.229999542236328,17.950000762939453,18.0,18.209999084472656,3630000.0,15.821619033813477
2006-10-09,18.260000228881836,17.969999313354492,18.079999923706055,18.239999771118164,3928400.0,15.847678184509277
2006-10-10,18.389999389648438,17.93000030517578,18.350000381469727,18.059999465942383,4984800.0,15.691290855407715
2006-10-11,17.360000610351562,16.34000015258789,16.600000381469727,17.219999313354492,22516600.0,14.961468696594238
2006-10-12,17.8700008392334,17.139999389648438,17.399999618530273,17.729999542236328,12733600.0,15.404569625854492
2006-10-13,17.760000228881836,17.459999084472656,17.649999618530273,17.559999465942383,5161000.0,15.256868362426758
2006-10-16,17.780000686645508,17.06999969482422,17.610000610351562,17.100000381469727,10215800.0,14.85720157623291
2006-10-17,17.0,16.600000381469727,17.0,16.709999084472656,8639600.0,14.518355369567871
2006-10-18,16.950000762939453,16.639999389648438,16.709999084472656,16.790000915527344,6564200.0,14.58786678314209
2006-10-19,16.790000915527344,16.450000762939453,16.670000076293945,16.639999389648438,8626300.0,14.457533836364746
2006-10-20,16.950000762939453,16.450000762939453,16.899999618530273,16.850000381469727,5496900.0,14.639992713928223
2006-10-23,17.209999084472656,16.829999923706055,16.920000076293945,17.110000610351562,5420200.0,14.865891456604004
2006-10-24,17.200000762939453,16.8700008392334,17.040000915527344,16.989999771118164,4763000.0,14.761632919311523
2006-10-25,17.079999923706055,16.709999084472656,16.93000030517578,17.020000457763672,5849500.0,14.787699699401855
2006-10-26,17.68000030517578,17.020000457763672,17.020000457763672,17.549999237060547,6596600.0,15.24818229675293
2006-10-27,17.899999618530273,17.559999465942383,17.829999923706055,17.809999465942383,8978600.0,15.474075317382812
2006-10-30,18.200000762939453,17.649999618530273,17.770000457763672,18.100000381469727,11191000.0,15.726044654846191
2006-10-31,18.299999237060547,18.100000381469727,18.239999771118164,18.219999313354492,8412600.0,15.830309867858887
2006-11-01,18.260000228881836,17.610000610351562,18.260000228881836,17.780000686645508,6485300.0,15.448019981384277
2006-11-02,18.15999984741211,17.610000610351562,17.75,18.040000915527344,7653500.0,15.67391300201416
2006-11-03,18.209999084472656,17.739999771118164,18.0,18.040000915527344,5991700.0,15.67391300201416
2006-11-06,19.020000457763672,17.950000762939453,18.190000534057617,19.0,13267900.0,16.553884506225586
2006-11-07,19.06999969482422,18.709999084472656,18.989999771118164,18.920000076293945,10080500.0,16.484188079833984
2006-11-08,18.969999313354492,18.479999542236328,18.950000762939453,18.579999923706055,29322900.0,16.187963485717773
2006-11-09,18.610000610351562,17.969999313354492,18.510000228881836,18.049999237060547,6560200.0,15.726189613342285
2006-11-10,18.239999771118164,17.969999313354492,18.18000030517578,18.18000030517578,5797600.0,15.839457511901855
2006-11-13,18.469999313354492,18.100000381469727,18.190000534057617,18.229999542236328,4420900.0,15.883018493652344
2006-11-14,18.309999465942383,17.6200008392334,18.299999237060547,18.239999771118164,10961200.0,15.891733169555664
2006-11-15,18.540000915527344,18.209999084472656,18.239999771118164,18.389999389648438,8407500.0,16.022422790527344
2006-11-16,18.59000015258789,18.299999237060547,18.549999237060547,18.520000457763672,6575300.0,16.135683059692383
2006-11-17,18.639999389648438,18.18000030517578,18.3799991607666,18.559999465942383,5459600.0,16.170530319213867
2006-11-20,18.989999771118164,18.610000610351562,18.729999542236328,18.940000534057617,10092000.0,16.50161361694336
2006-11-21,19.360000610351562,18.850000381469727,18.920000076293945,19.260000228881836,11698500.0,16.780412673950195
2006-11-22,19.329999923706055,18.940000534057617,19.31999969482422,19.09000015258789,5170300.0,16.632307052612305
2006-11-24,19.149999618530273,18.799999237060547,18.93000030517578,18.989999771118164,1625000.0,16.545175552368164
2006-11-27,19.020000457763672,18.31999969482422,19.010000228881836,18.3799991607666,7345600.0,16.013704299926758
2006-11-28,18.40999984741211,18.040000915527344,18.110000610351562,18.350000381469727,7201100.0,15.987569808959961
2006-11-29,18.709999084472656,18.3700008392334,18.399999618530273,18.6200008392334,5608000.0,16.222808837890625
2006-11-30,18.690000534057617,18.190000534057617,18.639999389648438,18.34000015258789,5954400.0,15.978853225708008
2006-12-01,18.450000762939453,17.780000686645508,18.389999389648438,18.020000457763672,5322800.0,15.700060844421387
2006-12-04,18.989999771118164,18.170000076293945,18.440000534057617,18.790000915527344,8225700.0,16.370922088623047
2006-12-05,19.229999542236328,18.75,18.860000610351562,19.079999923706055,8523400.0,16.623592376708984
2006-12-06,19.350000381469727,19.1200008392334,19.190000534057617,19.290000915527344,8257800.0,16.806550979614258
2006-12-07,19.479999542236328,19.149999618530273,19.290000915527344,19.229999542236328,5764600.0,16.7542724609375
2006-12-08,19.329999923706055,19.049999237060547,19.139999389648438,19.270000457763672,4670900.0,16.78913116455078
2006-12-11,19.229999542236328,18.979999542236328,19.049999237060547,19.18000030517578,4672500.0,16.710708618164062
2006-12-12,19.309999465942383,19.149999618530273,19.209999084472656,19.219999313354492,6347000.0,16.745559692382812
2006-12-13,19.440000534057617,19.0,19.329999923706055,19.1299991607666,4549100.0,16.667144775390625
2006-12-14,19.31999969482422,19.040000915527344,19.059999465942383,19.25,6253000.0,16.771696090698242
2006-12-15,19.489999771118164,19.25,19.329999923706055,19.329999923706055,7968700.0,16.841394424438477
2006-12-18,19.360000610351562,18.709999084472656,19.309999465942383,18.920000076293945,13005700.0,16.484188079833984
2006-12-19,19.09000015258789,18.68000030517578,19.049999237060547,18.860000610351562,8471300.0,16.431907653808594
2006-12-20,19.190000534057617,18.93000030517578,18.940000534057617,19.110000610351562,6088800.0,16.649728775024414
2006-12-21,19.200000762939453,19.049999237060547,19.15999984741211,19.1200008392334,5214600.0,16.65843963623047
2006-12-22,19.170000076293945,18.950000762939453,19.170000076293945,18.950000762939453,3384000.0,16.51032257080078
2006-12-26,19.06999969482422,18.860000610351562,18.8799991607666,19.030000686645508,2581000.0,16.580034255981445
2006-12-27,19.239999771118164,19.06999969482422,19.190000534057617,19.200000762939453,1805600.0,16.728137969970703
2006-12-28,19.479999542236328,19.100000381469727,19.1299991607666,19.360000610351562,3803700.0,16.86754035949707
2006-12-29,19.479999542236328,19.290000915527344,19.309999465942383,19.34000015258789,3234400.0,16.850109100341797
2007-01-03,19.81999969482422,19.18000030517578,19.200000762939453,19.760000228881836,7944200.0,17.21603775024414
2007-01-04,19.84000015258789,19.329999923706055,19.829999923706055,19.610000610351562,5287200.0,17.085355758666992
2007-01-05,19.690000534057617,19.079999923706055,19.600000381469727,19.200000762939453,5390400.0,16.728137969970703
2007-01-08,19.56999969482422,19.010000228881836,19.09000015258789,19.440000534057617,4168200.0,16.937240600585938
2007-01-09,19.84000015258789,19.579999923706055,19.600000381469727,19.75,6722900.0,17.20733070373535
2007-01-10,20.040000915527344,19.5,19.510000228881836,19.969999313354492,10301800.0,17.399003982543945
2007-01-11,20.360000610351562,19.8799991607666,20.030000686645508,20.280000686645508,10159400.0,17.669090270996094
2007-01-12,20.56999969482422,20.100000381469727,20.34000015258789,20.350000381469727,9677000.0,17.730083465576172
2007-01-16,20.860000610351562,20.1299991607666,20.219999313354492,20.18000030517578,9616200.0,17.581968307495117
2007-01-17,20.3799991607666,19.530000686645508,20.200000762939453,19.690000534057617,11294500.0,17.155052185058594
2007-01-18,19.68000030517578,19.06999969482422,19.540000915527344,19.190000534057617,8976200.0,16.71942901611328
2007-01-19,19.31999969482422,18.969999313354492,19.1200008392334,19.049999237060547,6359000.0,16.59744644165039
2007-01-22,19.15999984741211,18.56999969482422,19.100000381469727,18.899999618530273,5307600.0,16.466754913330078
2007-01-23,19.020000457763672,18.489999771118164,18.899999618530273,18.84000015258789,9607700.0,16.414480209350586
2007-01-24,19.010000228881836,18.770000457763672,18.8700008392334,18.90999984741211,9234900.0,16.475465774536133
2007-01-25,19.049999237060547,18.31999969482422,19.049999237060547,18.350000381469727,8245300.0,15.987569808959961
2007-01-26,18.899999618530273,18.329999923706055,18.350000381469727,18.780000686645508,8976400.0,16.36220932006836
2007-01-29,18.860000610351562,17.989999771118164,18.809999465942383,18.049999237060547,13625100.0,15.726189613342285
2007-01-30,18.5,18.059999465942383,18.15999984741211,18.43000030517578,8809300.0,16.057279586791992
2007-01-31,19.010000228881836,18.34000015258789,18.450000762939453,18.920000076293945,11253800.0,16.484188079833984
2007-02-01,19.3700008392334,19.030000686645508,19.149999618530273,19.239999771118164,8847100.0,16.762983322143555
2007-02-02,19.459999084472656,19.209999084472656,19.209999084472656,19.329999923706055,6573600.0,16.841394424438477
2007-02-05,19.549999237060547,19.260000228881836,19.270000457763672,19.399999618530273,6500700.0,16.90238380432129
2007-02-06,19.56999969482422,19.139999389648438,19.450000762939453,19.190000534057617,5433300.0,16.71942901611328
2007-02-07,19.530000686645508,19.18000030517578,19.190000534057617,19.3700008392334,4593600.0,16.920333862304688
2007-02-08,19.43000030517578,19.139999389648438,19.420000076293945,19.350000381469727,4576300.0,16.90286636352539
2007-02-09,19.420000076293945,18.6299991607666,19.34000015258789,18.700000762939453,8690200.0,16.33506965637207
2007-02-12,18.799999237060547,18.65999984741211,18.729999542236328,18.790000915527344,4408600.0,16.41368865966797
2007-02-13,18.920000076293945,18.530000686645508,18.899999618530273,18.790000915527344,10685500.0,16.41368865966797
2007-02-14,19.389999389648438,18.889999389648438,18.90999984741211,19.299999237060547,8925500.0,16.859193801879883
2007-02-15,19.75,19.209999084472656,19.209999084472656,19.530000686645508,9197700.0,17.060100555419922
2007-02-16,19.68000030517578,19.31999969482422,19.56999969482422,19.530000686645508,4961000.0,17.060100555419922
2007-02-20,19.739999771118164,19.34000015258789,19.459999084472656,19.559999465942383,6159600.0,17.086307525634766
2007-02-21,19.829999923706055,19.420000076293945,19.420000076293945,19.690000534057617,6662800.0,17.199867248535156
2007-02-22,19.969999313354492,19.649999618530273,19.739999771118164,19.75,8279400.0,17.252275466918945
2007-02-23,19.700000762939453,19.219999313354492,19.68000030517578,19.229999542236328,6830300.0,16.79804229736328
2007-02-26,19.3700008392334,18.760000228881836,19.3700008392334,18.8700008392334,4888800.0,16.483570098876953
2007-02-27,18.760000228881836,17.950000762939453,18.760000228881836,18.360000610351562,11464300.0,16.038063049316406
2007-02-28,18.729999542236328,18.270000457763672,18.479999542236328,18.479999542236328,8721900.0,16.142885208129883
2007-03-01,18.549999237060547,17.989999771118164,18.030000686645508,18.270000457763672,9102500.0,15.959456443786621
2007-03-02,18.399999618530273,18.100000381469727,18.170000076293945,18.110000610351562,6402300.0,15.819684982299805
2007-03-05,18.299999237060547,17.739999771118164,18.0,17.760000228881836,8385800.0,15.513948440551758
2007-03-06,18.1200008392334,17.860000610351562,17.889999389648438,18.040000915527344,8310300.0,15.758533477783203
2007-03-07,18.1299991607666,17.899999618530273,17.969999313354492,17.989999771118164,5810000.0,15.714864730834961
2007-03-08,18.43000030517578,18.049999237060547,18.1299991607666,18.18000030517578,7536400.0,15.880829811096191
2007-03-09,18.610000610351562,18.219999313354492,18.610000610351562,18.399999618530273,10209800.0,16.0730037689209
2007-03-12,18.579999923706055,18.059999465942383,18.3799991607666,18.459999084472656,8899100.0,16.12542152404785
2007-03-13,18.479999542236328,17.889999389648438,18.200000762939453,17.920000076293945,8234800.0,15.653716087341309
2007-03-14,18.229999542236328,17.520000457763672,18.040000915527344,18.190000534057617,9318800.0,15.889569282531738
2007-03-15,18.280000686645508,17.899999618530273,18.209999084472656,18.110000610351562,6048200.0,15.819684982299805
2007-03-16,18.18000030517578,17.90999984741211,18.06999969482422,17.969999313354492,10675700.0,15.697393417358398
2007-03-19,18.459999084472656,18.010000228881836,18.049999237060547,18.40999984741211,9211900.0,16.08173942565918
2007-03-20,18.489999771118164,18.18000030517578,18.420000076293945,18.25,4211300.0,15.941985130310059
2007-03-21,18.760000228881836,18.149999618530273,18.229999542236328,18.700000762939453,6597600.0,16.33506965637207
2007-03-22,18.90999984741211,18.579999923706055,18.729999542236328,18.600000381469727,8235200.0,16.247716903686523
2007-03-23,19.190000534057617,18.600000381469727,18.670000076293945,19.0,8063700.0,16.597129821777344
2007-03-26,19.040000915527344,18.540000915527344,19.0,18.790000915527344,6233700.0,16.41368865966797
2007-03-27,18.75,18.5,18.700000762939453,18.600000381469727,4481100.0,16.247716903686523
2007-03-28,18.6299991607666,18.389999389648438,18.540000915527344,18.40999984741211,6559600.0,16.08173942565918
2007-03-29,18.59000015258789,18.09000015258789,18.549999237060547,18.360000610351562,5886400.0,16.038063049316406
2007-03-30,18.56999969482422,18.079999923706055,18.350000381469727,18.290000915527344,5542700.0,15.976919174194336
2007-04-02,18.610000610351562,18.219999313354492,18.25,18.549999237060547,4527300.0,16.204042434692383
2007-04-03,19.059999465942383,18.600000381469727,18.639999389648438,19.020000457763672,5653100.0,16.614593505859375
2007-04-04,19.290000915527344,18.989999771118164,19.270000457763672,19.059999465942383,3841300.0,16.6495418548584
2007-04-05,19.25,18.969999313354492,19.059999465942383,19.1299991607666,3084400.0,16.710683822631836
2007-04-09,19.350000381469727,19.15999984741211,19.200000762939453,19.190000534057617,4491900.0,16.763107299804688
2007-04-10,19.299999237060547,18.959999084472656,19.06999969482422,19.110000610351562,4319300.0,16.693225860595703
2007-04-11,19.18000030517578,18.860000610351562,19.15999984741211,18.860000610351562,5226400.0,16.474836349487305
2007-04-12,18.959999084472656,18.719999313354492,18.8799991607666,18.899999618530273,8648000.0,16.5097713470459
2007-04-13,19.059999465942383,18.75,18.8700008392334,19.010000228881836,6676200.0,16.605871200561523
2007-04-16,19.520000457763672,19.010000228881836,19.049999237060547,19.510000228881836,5286900.0,17.042633056640625
2007-04-17,19.6299991607666,18.979999542236328,19.5,19.049999237060547,9192700.0,16.64080238342285
2007-04-18,19.5,18.979999542236328,19.0,19.290000915527344,9966500.0,16.85045623779297
2007-04-19,19.3799991607666,19.059999465942383,19.1200008392334,19.309999465942383,8069200.0,16.867923736572266
2007-04-20,19.65999984741211,18.979999542236328,19.559999465942383,19.420000076293945,12157500.0,16.964012145996094
2007-04-23,19.600000381469727,19.399999618530273,19.399999618530273,19.520000457763672,4572200.0,17.05136489868164
2007-04-24,19.59000015258789,19.040000915527344,19.479999542236328,19.149999618530273,7854100.0,16.72815704345703
2007-04-25,19.479999542236328,19.06999969482422,19.260000228881836,19.43000030517578,6712600.0,16.972747802734375
2007-04-26,19.850000381469727,19.5,19.5,19.729999542236328,9040900.0,17.23480987548828
2007-04-27,19.799999237060547,19.540000915527344,19.729999542236328,19.610000610351562,5251500.0,17.129989624023438
2007-04-30,19.670000076293945,19.110000610351562,19.559999465942383,19.1200008392334,7398500.0,16.701953887939453
2007-05-01,19.200000762939453,18.760000228881836,19.100000381469727,19.1299991607666,8913500.0,16.710683822631836
2007-05-02,19.420000076293945,19.079999923706055,19.110000610351562,19.389999389648438,8642200.0,16.937803268432617
2007-05-03,19.540000915527344,19.31999969482422,19.399999618530273,19.450000762939453,5585300.0,16.99022102355957
2007-05-04,19.600000381469727,19.31999969482422,19.510000228881836,19.510000228881836,6818500.0,17.042633056640625
2007-05-07,19.670000076293945,19.34000015258789,19.399999618530273,19.3799991607666,5326500.0,16.9290714263916
2007-05-08,19.440000534057617,19.190000534057617,19.360000610351562,19.3799991607666,5969500.0,16.9290714263916
2007-05-09,19.520000457763672,19.15999984741211,19.3700008392334,19.450000762939453,10200100.0,17.0341739654541
2007-05-10,19.420000076293945,18.93000030517578,19.3799991607666,18.93000030517578,9838500.0,16.578750610351562
2007-05-11,19.510000228881836,18.920000076293945,19.040000915527344,19.420000076293945,12278500.0,17.007890701293945
2007-05-14,19.59000015258789,19.350000381469727,19.420000076293945,19.420000076293945,9022600.0,17.007890701293945
2007-05-15,19.829999923706055,19.3799991607666,19.399999618530273,19.6200008392334,16288200.0,17.183048248291016
2007-05-16,19.8799991607666,19.549999237060547,19.549999237060547,19.81999969482422,7174300.0,17.358211517333984
2007-05-17,19.979999542236328,19.5,19.709999084472656,19.729999542236328,11345400.0,17.279386520385742
2007-05-18,20.989999771118164,19.75,19.799999237060547,20.969999313354492,29186400.0,18.365371704101562
2007-05-21,21.420000076293945,20.719999313354492,20.969999313354492,21.1200008392334,19064200.0,18.496740341186523
2007-05-22,21.100000381469727,20.700000762939453,21.040000915527344,20.969999313354492,10948200.0,18.365371704101562
2007-05-23,21.170000076293945,20.940000534057617,20.989999771118164,21.1299991607666,8291400.0,18.505496978759766
2007-05-24,21.3700008392334,20.979999542236328,21.020000457763672,21.049999237060547,12373700.0,18.435436248779297
2007-05-25,21.1299991607666,20.899999618530273,21.110000610351562,21.09000015258789,7022500.0,18.470460891723633
2007-05-29,21.459999084472656,21.030000686645508,21.100000381469727,21.360000610351562,5854200.0,18.706932067871094
2007-05-30,22.100000381469727,21.139999389648438,21.170000076293945,22.079999923706055,13224300.0,19.33750343322754
2007-05-31,22.530000686645508,22.299999237060547,22.399999618530273,22.469999313354492,16310200.0,19.679061889648438
2007-06-01,23.020000457763672,22.469999313354492,22.5,22.690000534057617,13155300.0,19.871728897094727
2007-06-04,22.760000228881836,22.420000076293945,22.700000762939453,22.479999542236328,6436800.0,19.687814712524414
2007-06-05,22.559999465942383,22.049999237060547,22.479999542236328,22.049999237060547,9070700.0,19.311229705810547
2007-06-06,22.239999771118164,21.670000076293945,22.200000762939453,21.799999237060547,10733200.0,19.092281341552734
2007-06-07,21.850000381469727,21.149999618530273,21.670000076293945,21.219999313354492,9039500.0,18.584320068359375
2007-06-08,21.780000686645508,21.15999984741211,21.15999984741211,21.729999542236328,6585800.0,19.030969619750977
2007-06-11,21.8700008392334,21.559999465942383,21.639999389648438,21.760000228881836,4661300.0,19.0572452545166
2007-06-12,21.81999969482422,21.270000457763672,21.719999313354492,21.270000457763672,4461900.0,18.628108978271484
2007-06-13,21.6200008392334,21.1299991607666,21.40999984741211,21.56999969482422,7179200.0,18.890844345092773
2007-06-14,21.700000762939453,21.31999969482422,21.579999923706055,21.3700008392334,6701400.0,18.71569061279297
2007-06-15,21.989999771118164,21.540000915527344,21.600000381469727,21.799999237060547,9312500.0,19.092281341552734
2007-06-18,21.950000762939453,21.59000015258789,21.889999389648438,21.790000915527344,5723400.0,19.083520889282227
2007-06-19,21.889999389648438,21.469999313354492,21.790000915527344,21.600000381469727,3870000.0,18.917118072509766
2007-06-20,21.93000030517578,21.010000228881836,21.770000457763672,21.049999237060547,5296900.0,18.435436248779297
2007-06-21,21.389999389648438,20.649999618530273,21.049999237060547,21.360000610351562,6249000.0,18.706932067871094
2007-06-22,21.329999923706055,20.5,21.280000686645508,20.649999618530273,13824700.0,18.085113525390625
2007-06-25,21.0,20.469999313354492,20.899999618530273,20.559999465942383,8190200.0,18.006296157836914
2007-06-26,20.709999084472656,20.329999923706055,20.600000381469727,20.459999084472656,8194700.0,17.918716430664062
2007-06-27,20.719999313354492,20.1200008392334,20.209999084472656,20.65999984741211,8672800.0,18.0938777923584
2007-06-28,20.899999618530273,20.360000610351562,20.610000610351562,20.56999969482422,7180700.0,18.01504898071289
2007-06-29,20.950000762939453,20.31999969482422,20.68000030517578,20.520000457763672,8810800.0,17.971269607543945
2007-07-02,22.190000534057617,20.600000381469727,20.600000381469727,22.0,23396700.0,19.26744270324707
2007-07-03,22.100000381469727,21.739999771118164,22.010000228881836,22.100000381469727,9024400.0,19.355016708374023
2007-07-05,22.18000030517578,21.700000762939453,22.149999618530273,22.079999923706055,8604300.0,19.33750343322754
2007-07-06,22.190000534057617,21.950000762939453,22.06999969482422,22.059999465942383,22471700.0,19.319988250732422
2007-07-09,22.329999923706055,21.850000381469727,22.110000610351562,21.940000534057617,20814400.0,19.214893341064453
2007-07-10,21.8700008392334,21.260000228881836,21.850000381469727,21.3700008392334,13572600.0,18.71569061279297
2007-07-11,21.780000686645508,21.229999542236328,21.399999618530273,21.709999084472656,19286200.0,19.01344871520996
2007-07-12,22.489999771118164,21.709999084472656,21.760000228881836,22.479999542236328,23850900.0,19.687814712524414
2007-07-13,22.360000610351562,22.100000381469727,22.299999237060547,22.219999313354492,11985300.0,19.460111618041992
2007-07-16,22.68000030517578,22.100000381469727,22.639999389648438,22.25,14000300.0,19.486385345458984
2007-07-17,22.3799991607666,21.760000228881836,22.329999923706055,22.25,14227900.0,19.486385345458984
2007-07-18,22.3799991607666,21.75,22.3799991607666,21.809999465942383,20592700.0,19.10103988647461
2007-07-19,21.959999084472656,21.25,21.940000534057617,21.450000762939453,20537100.0,18.785755157470703
2007-07-20,20.600000381469727,19.940000534057617,20.450000762939453,20.030000686645508,18640000.0,17.583114624023438
2007-07-23,20.450000762939453,20.030000686645508,20.100000381469727,20.280000686645508,16070600.0,17.80257225036621
2007-07-24,20.15999984741211,19.65999984741211,20.079999923706055,19.729999542236328,18773000.0,17.319759368896484
2007-07-25,20.25,19.5,19.889999389648438,19.729999542236328,15514200.0,17.319759368896484
2007-07-26,19.65999984741211,18.950000762939453,19.40999984741211,19.25,20130400.0,16.89840316772461
2007-07-27,20.010000228881836,19.15999984741211,19.350000381469727,19.610000610351562,14347900.0,17.214418411254883
2007-07-30,20.329999923706055,19.6299991607666,19.700000762939453,20.1299991607666,18034300.0,17.670896530151367
2007-07-31,21.100000381469727,19.829999923706055,20.200000762939453,20.1299991607666,25684100.0,17.670896530151367
2007-08-01,20.360000610351562,19.0,19.829999923706055,19.510000228881836,26052100.0,17.126638412475586
2007-08-02,19.90999984741211,19.139999389648438,19.56999969482422,19.540000915527344,14102000.0,17.152969360351562
2007-08-03,19.739999771118164,18.6299991607666,19.56999969482422,18.649999618530273,11315600.0,16.3716983795166
2007-08-06,19.3799991607666,18.40999984741211,18.989999771118164,19.149999618530273,15390800.0,16.81061363220215
2007-08-07,19.229999542236328,18.649999618530273,19.0,18.899999618530273,12989100.0,16.591150283813477
2007-08-08,20.229999542236328,19.049999237060547,19.100000381469727,19.6299991607666,12509500.0,17.231977462768555
2007-08-09,19.450000762939453,18.850000381469727,19.270000457763672,18.950000762939453,10138900.0,16.635047912597656
2007-08-10,19.43000030517578,18.139999389648438,18.729999542236328,18.549999237060547,11662800.0,16.283918380737305
2007-08-13,19.1200008392334,18.25,18.889999389648438,18.350000381469727,12119600.0,16.10834312438965
2007-08-14,18.8799991607666,17.670000076293945,18.420000076293945,17.899999618530273,16503500.0,15.713310241699219
2007-08-15,18.649999618530273,17.899999618530273,17.90999984741211,18.040000915527344,17387100.0,15.836215019226074
2007-08-16,19.5,17.40999984741211,17.8799991607666,18.950000762939453,23886400.0,16.635047912597656
2007-08-17,20.75,19.190000534057617,19.719999313354492,19.65999984741211,14956800.0,17.258304595947266
2007-08-20,19.899999618530273,18.8799991607666,19.75,19.3700008392334,8067400.0,17.003738403320312
2007-08-21,19.700000762939453,19.110000610351562,19.229999542236328,19.260000228881836,9963900.0,16.907176971435547
2007-08-22,19.940000534057617,19.469999313354492,19.579999923706055,19.899999618530273,8743600.0,17.468992233276367
2007-08-23,20.09000015258789,19.56999969482422,20.040000915527344,19.639999389648438,6560200.0,17.240758895874023
2007-08-24,19.989999771118164,19.389999389648438,19.700000762939453,19.950000762939453,5071300.0,17.51289176940918
2007-08-27,20.09000015258789,19.56999969482422,19.959999084472656,19.959999084472656,6865400.0,17.521663665771484
2007-08-28,19.950000762939453,19.010000228881836,19.899999618530273,19.06999969482422,7308400.0,16.740386962890625
2007-08-29,19.530000686645508,18.829999923706055,19.260000228881836,19.510000228881836,5134100.0,17.126638412475586
2007-08-30,19.790000915527344,19.139999389648438,19.280000686645508,19.420000076293945,5060800.0,17.04763412475586
2007-08-31,20.040000915527344,19.56999969482422,19.670000076293945,19.799999237060547,6948800.0,17.381202697753906
2007-09-04,20.239999771118164,19.639999389648438,19.670000076293945,19.8799991607666,7336000.0,17.451438903808594
2007-09-05,19.68000030517578,19.239999771118164,19.6299991607666,19.469999313354492,7076400.0,17.09151840209961
2007-09-06,19.719999313354492,19.190000534057617,19.469999313354492,19.540000915527344,8143100.0,17.152969360351562
2007-09-07,19.530000686645508,18.889999389648438,19.350000381469727,18.979999542236328,8860400.0,16.66138458251953
2007-09-10,19.239999771118164,18.440000534057617,19.18000030517578,18.90999984741211,6910400.0,16.599933624267578
2007-09-11,19.559999465942383,18.90999984741211,19.079999923706055,19.25,5588000.0,16.89840316772461
2007-09-12,19.540000915527344,18.889999389648438,19.239999771118164,19.25,4709700.0,16.89840316772461
2007-09-13,19.90999984741211,19.260000228881836,19.399999618530273,19.809999465942383,4411600.0,17.389997482299805
2007-09-14,20.1200008392334,19.56999969482422,19.690000534057617,19.950000762939453,5302000.0,17.51289176940918
2007-09-17,20.43000030517578,19.84000015258789,20.25,20.040000915527344,9027000.0,17.591890335083008
2007-09-18,21.40999984741211,20.020000457763672,20.06999969482422,21.3700008392334,10696600.0,18.759418487548828
2007-09-19,22.239999771118164,21.229999542236328,21.43000030517578,21.3700008392334,18142000.0,18.759418487548828
2007-09-20,21.540000915527344,20.84000015258789,21.270000457763672,21.049999237060547,6719300.0,18.478511810302734
2007-09-21,21.469999313354492,20.860000610351562,21.40999984741211,20.8700008392334,9716200.0,18.320499420166016
2007-09-24,21.030000686645508,20.600000381469727,20.8799991607666,20.610000610351562,8569000.0,18.092260360717773
2007-09-25,21.139999389648438,20.440000534057617,20.469999313354492,21.09000015258789,5631400.0,18.51361846923828
2007-09-26,22.1299991607666,21.1200008392334,21.1200008392334,21.68000030517578,11665800.0,19.03154754638672
2007-09-27,21.989999771118164,21.559999465942383,21.780000686645508,21.899999618530273,5315100.0,19.22466468811035
2007-09-28,22.010000228881836,21.559999465942383,21.649999618530273,21.600000381469727,4102400.0,18.96132469177246
2007-10-01,22.420000076293945,21.6200008392334,21.6200008392334,22.40999984741211,8575400.0,19.6723690032959
2007-10-02,22.549999237060547,22.270000457763672,22.309999465942383,22.469999313354492,8625600.0,19.72503662109375
2007-10-03,22.850000381469727,22.229999542236328,22.299999237060547,22.40999984741211,5090700.0,19.6723690032959
2007-10-04,22.75,22.350000381469727,22.469999313354492,22.639999389648438,4120200.0,19.874271392822266
2007-10-05,23.0,22.610000610351562,22.75,22.829999923706055,5128400.0,20.041061401367188
2007-10-08,22.969999313354492,22.559999465942383,22.709999084472656,22.90999984741211,3574900.0,20.111282348632812
2007-10-09,23.010000228881836,22.600000381469727,22.93000030517578,23.010000228881836,3901900.0,20.199068069458008
2007-10-10,22.940000534057617,22.5,22.8700008392334,22.68000030517578,5540600.0,19.909381866455078
2007-10-11,22.940000534057617,22.1200008392334,22.700000762939453,22.299999237060547,8169700.0,19.5758056640625
2007-10-12,22.780000686645508,22.25,22.290000915527344,22.68000030517578,3536000.0,19.909381866455078
2007-10-15,22.8700008392334,22.239999771118164,22.549999237060547,22.360000610351562,6143500.0,19.628482818603516
2007-10-16,22.6200008392334,22.149999618530273,22.3799991607666,22.450000762939453,4981000.0,19.70747947692871
2007-10-17,22.829999923706055,21.84000015258789,22.549999237060547,22.43000030517578,5916200.0,19.689924240112305
2007-10-18,22.729999542236328,21.920000076293945,22.209999084472656,22.469999313354492,3861100.0,19.72503662109375
2007-10-19,22.5,21.459999084472656,22.34000015258789,21.600000381469727,8173100.0,18.96132469177246
2007-10-22,22.260000228881836,21.15999984741211,21.360000610351562,22.110000610351562,5537200.0,19.409015655517578
2007-10-23,22.43000030517578,21.850000381469727,22.31999969482422,22.399999618530273,3248400.0,19.663597106933594
2007-10-24,22.459999084472656,21.25,22.25,22.360000610351562,6225500.0,19.628482818603516
2007-10-25,23.1200008392334,22.350000381469727,22.389999389648438,22.639999389648438,9766500.0,19.874271392822266
2007-10-26,23.3799991607666,22.56999969482422,23.0,22.75,8309800.0,19.9708309173584
2007-10-29,23.610000610351562,22.729999542236328,22.850000381469727,23.31999969482422,8326200.0,20.471206665039062
2007-10-30,23.540000915527344,22.920000076293945,23.1299991607666,22.979999542236328,8400600.0,20.17273712158203
2007-10-31,23.3700008392334,22.719999313354492,23.040000915527344,23.239999771118164,10023600.0,20.40097999572754
2007-11-01,23.15999984741211,22.350000381469727,23.149999618530273,22.649999618530273,7848100.0,19.883047103881836
2007-11-02,22.989999771118164,22.049999237060547,22.68000030517578,22.809999465942383,11675700.0,20.023502349853516
2007-11-05,22.799999237060547,21.920000076293945,22.5,22.3700008392334,6740200.0,19.637256622314453
2007-11-06,23.040000915527344,22.0,22.420000076293945,23.030000686645508,4933200.0,20.216625213623047
2007-11-07,22.93000030517578,21.950000762939453,22.670000076293945,21.950000762939453,8128000.0,19.310487747192383
2007-11-08,22.489999771118164,21.3799991607666,21.969999313354492,22.360000610351562,7415100.0,19.67119026184082
2007-11-09,22.639999389648438,21.510000228881836,21.989999771118164,22.229999542236328,7842800.0,19.55681800842285
2007-11-12,23.799999237060547,22.09000015258789,22.229999542236328,22.809999465942383,16664000.0,20.06707191467285
2007-11-13,23.469999313354492,22.729999542236328,23.040000915527344,23.3799991607666,9911800.0,20.568532943725586
2007-11-14,24.34000015258789,23.34000015258789,23.5,23.959999084472656,13852900.0,21.07878303527832
2007-11-15,24.18000030517578,23.3700008392334,23.899999618530273,23.889999389648438,14601100.0,21.0172061920166
2007-11-16,24.1200008392334,23.219999313354492,23.940000534057617,23.579999923706055,11291100.0,20.744476318359375
2007-11-19,23.469999313354492,22.510000228881836,23.389999389648438,22.93000030517578,12804300.0,20.172645568847656
2007-11-20,23.239999771118164,22.440000534057617,23.030000686645508,23.049999237060547,12223300.0,20.278207778930664
2007-11-21,23.229999542236328,22.459999084472656,22.989999771118164,22.809999465942383,10025700.0,20.06707191467285
2007-11-23,23.65999984741211,22.8700008392334,23.040000915527344,23.559999465942383,3759200.0,20.726886749267578
2007-11-26,23.520000457763672,22.5,23.40999984741211,22.540000915527344,14113200.0,19.829538345336914
2007-11-27,22.889999389648438,22.1299991607666,22.770000457763672,22.860000610351562,13949400.0,20.111066818237305
2007-11-28,24.43000030517578,22.889999389648438,22.959999084472656,24.350000381469727,11102400.0,21.42188835144043
2007-11-29,24.690000534057617,23.829999923706055,24.06999969482422,24.690000534057617,11899400.0,21.72100257873535
2007-11-30,25.280000686645508,24.15999984741211,24.969999313354492,24.309999465942383,16154000.0,21.386695861816406
2007-12-03,24.530000686645508,23.8700008392334,24.420000076293945,24.06999969482422,8085400.0,21.17555809020996
2007-12-04,24.059999465942383,23.600000381469727,23.8700008392334,23.6299991607666,7559400.0,20.788467407226562
2007-12-05,24.079999923706055,23.399999618530273,23.780000686645508,23.56999969482422,10420000.0,20.735685348510742
2007-12-06,24.1299991607666,23.43000030517578,23.520000457763672,23.979999542236328,10281600.0,21.09638023376465
2007-12-07,24.809999465942383,23.93000030517578,24.059999465942383,24.530000686645508,9407000.0,21.580244064331055
2007-12-10,25.079999923706055,24.420000076293945,24.530000686645508,24.709999084472656,13595800.0,21.73859977722168
2007-12-11,25.329999923706055,23.81999969482422,24.770000457763672,23.84000015258789,8720800.0,20.97321319580078
2007-12-12,24.75,23.6299991607666,24.459999084472656,24.06999969482422,8539400.0,21.17555809020996
2007-12-13,24.170000076293945,23.15999984741211,24.0,24.170000076293945,8117700.0,21.26352882385254
2007-12-14,25.239999771118164,24.190000534057617,24.260000228881836,24.25,11578800.0,21.333911895751953
2007-12-17,24.780000686645508,24.049999237060547,24.25,24.139999389648438,9234500.0,21.237131118774414
2007-12-18,24.440000534057617,23.350000381469727,24.260000228881836,23.610000610351562,9414400.0,20.770862579345703
2007-12-19,24.559999465942383,23.649999618530273,23.799999237060547,24.190000534057617,9584600.0,21.281129837036133
2007-12-20,24.579999923706055,23.59000015258789,24.200000762939453,23.979999542236328,6651900.0,21.09638023376465
2007-12-21,24.8799991607666,24.1299991607666,24.190000534057617,24.8799991607666,10324700.0,21.888158798217773
2007-12-24,25.290000915527344,24.799999237060547,24.8799991607666,25.290000915527344,2696200.0,22.24885368347168
2007-12-26,25.31999969482422,24.75,25.299999237060547,25.260000228881836,5581700.0,22.222461700439453
2007-12-27,25.3700008392334,24.8799991607666,25.280000686645508,24.899999618530273,5105100.0,21.90574836730957
2007-12-28,25.350000381469727,24.959999084472656,25.270000457763672,25.1200008392334,4597300.0,22.099294662475586
2007-12-31,25.719999313354492,24.899999618530273,24.969999313354492,25.549999237060547,6349400.0,22.47758674621582
2008-01-02,25.690000534057617,24.440000534057617,25.549999237060547,24.579999923706055,12670200.0,21.624229431152344
2008-01-03,24.940000534057617,24.59000015258789,24.770000457763672,24.780000686645508,6936300.0,21.800182342529297
2008-01-04,24.649999618530273,23.780000686645508,24.549999237060547,23.950000762939453,7963100.0,21.069988250732422
2008-01-07,24.520000457763672,23.90999984741211,24.079999923706055,24.440000534057617,9959700.0,21.50106430053711
2008-01-08,24.540000915527344,22.670000076293945,24.5,22.719999313354492,12751500.0,19.987895965576172
2008-01-09,22.950000762939453,21.549999237060547,22.790000915527344,22.700000762939453,23305100.0,19.97030258178711
2008-01-10,24.010000228881836,22.09000015258789,22.520000457763672,23.760000228881836,12094000.0,20.90283203125
2008-01-11,23.610000610351562,22.3700008392334,23.389999389648438,22.549999237060547,12076900.0,19.838329315185547
2008-01-14,23.399999618530273,22.6299991607666,22.850000381469727,23.18000030517578,9335800.0,20.392580032348633
2008-01-15,22.950000762939453,22.34000015258789,22.81999969482422,22.459999084472656,9305700.0,19.759159088134766
2008-01-16,23.290000915527344,21.8799991607666,22.31999969482422,22.809999465942383,14779600.0,20.06707191467285
2008-01-17,23.200000762939453,21.760000228881836,22.540000915527344,21.950000762939453,14425400.0,19.310487747192383
2008-01-18,22.649999618530273,20.899999618530273,21.979999542236328,21.950000762939453,15696400.0,19.310487747192383
2008-01-22,22.489999771118164,20.709999084472656,20.770000457763672,21.59000015258789,15313000.0,18.993772506713867
2008-01-23,22.600000381469727,20.799999237060547,21.079999923706055,22.530000686645508,17288300.0,19.820737838745117
2008-01-24,22.8700008392334,22.079999923706055,22.350000381469727,22.280000686645508,12688500.0,19.600807189941406
2008-01-25,22.540000915527344,21.09000015258789,22.540000915527344,21.209999084472656,16428900.0,18.659475326538086
2008-01-28,21.610000610351562,20.790000915527344,21.020000457763672,21.59000015258789,16113700.0,18.993772506713867
2008-01-29,21.850000381469727,20.93000030517578,21.649999618530273,21.31999969482422,12867700.0,18.756248474121094
2008-01-30,22.770000457763672,20.979999542236328,21.139999389648438,21.479999542236328,17599500.0,18.897008895874023
2008-01-31,22.43000030517578,20.760000228881836,21.049999237060547,22.299999237060547,16837700.0,19.618396759033203
2008-02-01,22.260000228881836,21.559999465942383,22.260000228881836,22.040000915527344,13537300.0,19.389671325683594
2008-02-04,22.190000534057617,21.600000381469727,22.100000381469727,21.780000686645508,11512800.0,19.16093635559082
2008-02-05,21.600000381469727,20.280000686645508,21.309999465942383,20.280000686645508,17046000.0,17.84130859375
2008-02-06,20.850000381469727,20.06999969482422,20.579999923706055,20.18000030517578,12506500.0,17.797216415405273
2008-02-07,20.739999771118164,19.889999389648438,20.040000915527344,20.40999984741211,12426200.0,18.00005340576172
2008-02-08,20.479999542236328,19.739999771118164,20.479999542236328,19.760000228881836,15261700.0,17.426801681518555
2008-02-11,20.489999771118164,19.700000762939453,19.75,20.309999465942383,14720100.0,17.9118595123291
2008-02-12,20.729999542236328,19.93000030517578,20.510000228881836,20.010000228881836,15360800.0,17.647289276123047
2008-02-13,20.5,19.8700008392334,20.270000457763672,20.360000610351562,14334000.0,17.95595932006836
2008-02-14,20.68000030517578,20.100000381469727,20.350000381469727,20.170000076293945,12370800.0,17.788393020629883
2008-02-15,20.3799991607666,19.889999389648438,20.309999465942383,20.350000381469727,11603900.0,17.947141647338867
2008-02-19,20.780000686645508,19.329999923706055,20.559999465942383,19.389999389648438,15036600.0,17.100488662719727
2008-02-20,19.700000762939453,18.6299991607666,19.110000610351562,19.549999237060547,21593500.0,17.241601943969727
2008-02-21,20.479999542236328,19.8700008392334,19.979999542236328,19.920000076293945,17268100.0,17.56791114807129
2008-02-22,20.079999923706055,19.200000762939453,20.079999923706055,20.049999237060547,11841500.0,17.682559967041016
2008-02-25,20.860000610351562,19.81999969482422,20.100000381469727,20.549999237060547,17077000.0,18.123523712158203
2008-02-26,20.760000228881836,20.1299991607666,20.489999771118164,20.520000457763672,14249300.0,18.097063064575195
2008-02-27,20.959999084472656,20.290000915527344,20.440000534057617,20.690000534057617,11564700.0,18.246992111206055
2008-02-28,20.75,19.989999771118164,20.690000534057617,20.209999084472656,11937900.0,17.823667526245117
2008-02-29,20.139999389648438,19.5,19.90999984741211,19.610000610351562,14111600.0,17.294517517089844
2008-03-03,19.530000686645508,19.049999237060547,19.5,19.299999237060547,13247600.0,17.0211181640625
2008-03-04,19.670000076293945,19.0,19.280000686645508,19.559999465942383,14525800.0,17.250415802001953
2008-03-05,20.1299991607666,19.59000015258789,19.739999771118164,19.799999237060547,11887100.0,17.462066650390625
2008-03-06,19.760000228881836,18.920000076293945,19.200000762939453,18.959999084472656,19194100.0,16.72126579284668
2008-03-07,19.459999084472656,18.5,19.149999618530273,19.040000915527344,13831500.0,16.791820526123047
2008-03-10,19.290000915527344,18.6200008392334,19.190000534057617,18.6200008392334,10904400.0,16.42141342163086
2008-03-11,20.489999771118164,19.170000076293945,19.170000076293945,20.489999771118164,18683200.0,18.070606231689453
2008-03-12,20.790000915527344,19.889999389648438,20.75,19.969999313354492,13409800.0,17.61201286315918
2008-03-13,20.729999542236328,19.389999389648438,19.959999084472656,20.5,18103500.0,18.07942771911621
2008-03-14,20.790000915527344,19.389999389648438,19.770000457763672,19.790000915527344,24686900.0,17.453264236450195
2008-03-17,19.670000076293945,18.34000015258789,19.43000030517578,18.770000457763672,26887900.0,16.55369758605957
2008-03-18,19.459999084472656,18.56999969482422,19.450000762939453,19.25,30031900.0,16.977025985717773
2008-03-19,19.309999465942383,18.219999313354492,19.219999313354492,18.290000915527344,18944300.0,16.13037872314453
2008-03-20,19.510000228881836,18.290000915527344,18.510000228881836,19.459999084472656,21561700.0,17.162227630615234
2008-03-24,20.459999084472656,19.420000076293945,19.530000686645508,19.760000228881836,15887400.0,17.426801681518555
2008-03-25,20.440000534057617,19.610000610351562,19.979999542236328,20.15999984741211,13401800.0,17.77957534790039
2008-03-26,20.09000015258789,19.3799991607666,20.020000457763672,19.450000762939453,11449600.0,17.15341567993164
2008-03-27,19.59000015258789,18.420000076293945,19.5,18.43000030517578,14882100.0,16.25385284423828
2008-03-28,18.729999542236328,18.020000457763672,18.540000915527344,18.040000915527344,10216200.0,15.90989875793457
2008-03-31,19.079999923706055,17.860000610351562,18.010000228881836,18.829999923706055,15060000.0,16.606609344482422
2008-04-01,19.959999084472656,19.15999984741211,19.31999969482422,19.899999618530273,23375400.0,17.550275802612305
2008-04-02,20.5,19.65999984741211,20.0,19.850000381469727,15363600.0,17.50617790222168
2008-04-03,20.079999923706055,19.459999084472656,19.790000915527344,19.809999465942383,12122700.0,17.47090721130371
2008-04-04,19.84000015258789,18.899999618530273,19.809999465942383,19.040000915527344,15017800.0,16.791820526123047
2008-04-07,19.649999618530273,19.149999618530273,19.149999618530273,19.420000076293945,9836300.0,17.126953125
2008-04-08,19.469999313354492,19.110000610351562,19.239999771118164,19.440000534057617,15458100.0,17.144590377807617
2008-04-09,19.579999923706055,18.969999313354492,19.389999389648438,19.010000228881836,15169400.0,16.765363693237305
2008-04-10,19.850000381469727,18.739999771118164,18.979999542236328,18.860000610351562,15657000.0,16.633071899414062
2008-04-11,19.059999465942383,18.260000228881836,18.790000915527344,18.329999923706055,12947300.0,16.1656551361084
2008-04-14,18.450000762939453,18.100000381469727,18.309999465942383,18.309999465942383,8167300.0,16.14801788330078
2008-04-15,19.969999313354492,18.719999313354492,18.729999542236328,19.950000762939453,23822500.0,17.594377517700195
2008-04-16,20.239999771118164,19.649999618530273,19.959999084472656,20.079999923706055,16249700.0,17.709020614624023
2008-04-17,21.06999969482422,19.649999618530273,20.040000915527344,20.979999542236328,17370300.0,18.50275230407715
2008-04-18,22.299999237060547,21.260000228881836,21.8799991607666,21.700000762939453,25776900.0,19.137741088867188
2008-04-21,21.6299991607666,21.059999465942383,21.440000534057617,21.190000534057617,10912000.0,18.687952041625977
2008-04-22,21.479999542236328,20.799999237060547,21.149999618530273,21.1299991607666,11995700.0,18.635038375854492
2008-04-23,21.950000762939453,21.06999969482422,21.139999389648438,21.760000228881836,15426800.0,19.190656661987305
2008-04-24,22.079999923706055,21.43000030517578,21.760000228881836,21.84000015258789,13995200.0,19.26120376586914
2008-04-25,22.139999389648438,21.610000610351562,21.950000762939453,21.940000534057617,8160600.0,19.349401473999023
2008-04-28,22.5,21.829999923706055,21.829999923706055,22.18000030517578,8544900.0,19.56106185913086
2008-04-29,22.209999084472656,21.860000610351562,22.0,21.969999313354492,6609300.0,19.375852584838867
2008-04-30,22.139999389648438,21.579999923706055,22.09000015258789,21.600000381469727,7176100.0,19.049549102783203
2008-05-01,22.610000610351562,21.260000228881836,21.399999618530273,22.56999969482422,8936000.0,19.90500259399414
2008-05-02,23.25,22.399999618530273,22.8700008392334,22.649999618530273,7684500.0,19.97555923461914
2008-05-05,23.09000015258789,22.479999542236328,22.489999771118164,22.639999389648438,5884000.0,19.96674156188965
2008-05-06,22.809999465942383,22.1299991607666,22.420000076293945,22.760000228881836,8036500.0,20.072580337524414
2008-05-07,22.940000534057617,21.850000381469727,22.829999923706055,22.030000686645508,8597200.0,19.471548080444336
2008-05-08,22.15999984741211,21.450000762939453,22.1299991607666,21.709999084472656,7929500.0,19.188709259033203
2008-05-09,21.940000534057617,21.31999969482422,21.489999771118164,21.469999313354492,8029400.0,18.97657585144043
2008-05-12,22.5,21.31999969482422,21.31999969482422,22.479999542236328,12803100.0,19.86928367614746
2008-05-13,22.729999542236328,22.200000762939453,22.59000015258789,22.299999237060547,8691400.0,19.71019172668457
2008-05-14,22.510000228881836,22.079999923706055,22.450000762939453,22.200000762939453,7145500.0,19.621803283691406
2008-05-15,22.6299991607666,21.969999313354492,22.229999542236328,22.600000381469727,7153200.0,19.97534942626953
2008-05-16,23.0,22.280000686645508,22.600000381469727,22.510000228881836,8622300.0,19.895803451538086
2008-05-19,23.020000457763672,22.31999969482422,22.610000610351562,22.389999389648438,7331800.0,19.78974151611328
2008-05-20,22.239999771118164,21.729999542236328,22.200000762939453,21.829999923706055,6418200.0,19.294771194458008
2008-05-21,22.020000457763672,21.479999542236328,21.850000381469727,21.649999618530273,10288000.0,19.135679244995117
2008-05-22,21.969999313354492,21.520000457763672,21.670000076293945,21.93000030517578,8665900.0,19.383163452148438
2008-05-23,21.81999969482422,21.18000030517578,21.770000457763672,21.34000015258789,8244900.0,18.861675262451172
2008-05-27,21.729999542236328,21.229999542236328,21.399999618530273,21.56999969482422,5959100.0,19.064966201782227
2008-05-28,22.0,21.520000457763672,21.68000030517578,21.780000686645508,7608900.0,19.25058364868164
2008-05-29,22.56999969482422,21.760000228881836,21.760000228881836,22.389999389648438,9515200.0,19.78974151611328
2008-05-30,22.709999084472656,22.1299991607666,22.389999389648438,22.18000030517578,5769000.0,19.604129791259766
2008-06-02,22.18000030517578,21.200000762939453,22.18000030517578,21.709999084472656,7817200.0,19.188709259033203
2008-06-03,22.25,21.440000534057617,21.729999542236328,21.90999984741211,13677400.0,19.365480422973633
2008-06-04,22.350000381469727,21.649999618530273,21.920000076293945,21.799999237060547,7138600.0,19.26825714111328
2008-06-05,22.81999969482422,21.649999618530273,21.649999618530273,22.690000534057617,7470300.0,20.054895401000977
2008-06-06,22.639999389648438,21.700000762939453,22.450000762939453,21.700000762939453,9175700.0,19.17987632751465
2008-06-09,22.170000076293945,21.25,21.690000534057617,21.489999771118164,9963500.0,18.99424934387207
2008-06-10,22.149999618530273,21.299999237060547,21.469999313354492,21.90999984741211,9338400.0,19.365480422973633
2008-06-11,21.950000762939453,21.079999923706055,21.940000534057617,21.100000381469727,9711100.0,18.649553298950195
2008-06-12,21.799999237060547,20.959999084472656,21.399999618530273,21.350000381469727,14954000.0,18.87051773071289
2008-06-13,22.389999389648438,21.420000076293945,21.649999618530273,22.389999389648438,12484400.0,19.78974151611328
2008-06-16,22.90999984741211,22.059999465942383,22.139999389648438,22.780000686645508,7042000.0,20.134443283081055
2008-06-17,23.190000534057617,22.34000015258789,22.90999984741211,22.350000381469727,7720500.0,19.754383087158203
2008-06-18,22.809999465942383,22.100000381469727,22.530000686645508,22.5,9780500.0,19.886962890625
2008-06-19,22.75,21.920000076293945,22.75,22.530000686645508,10303800.0,19.913475036621094
2008-06-20,22.530000686645508,21.350000381469727,22.530000686645508,21.450000762939453,13843200.0,18.958908081054688
2008-06-23,21.579999923706055,21.030000686645508,21.579999923706055,21.100000381469727,11360500.0,18.649553298950195
2008-06-24,21.450000762939453,20.530000686645508,21.209999084472656,21.239999771118164,8886700.0,18.773292541503906
2008-06-25,22.010000228881836,21.34000015258789,21.420000076293945,21.729999542236328,11660400.0,19.20638656616211
2008-06-26,21.729999542236328,20.93000030517578,21.350000381469727,20.969999313354492,9079000.0,18.534648895263672
2008-06-27,21.229999542236328,20.530000686645508,21.0,20.719999313354492,9556400.0,18.313682556152344
2008-06-30,21.25,20.40999984741211,21.229999542236328,20.540000915527344,10062500.0,18.154592514038086
2008-07-01,20.950000762939453,19.969999313354492,20.389999389648438,20.8799991607666,11360300.0,18.455106735229492
2008-07-02,21.25,20.3799991607666,21.25,20.469999313354492,8892200.0,18.09272003173828
2008-07-03,20.989999771118164,20.09000015258789,20.989999771118164,20.350000381469727,5678000.0,17.98666000366211
2008-07-07,20.65999984741211,19.479999542236328,20.329999923706055,19.709999084472656,11786800.0,17.420982360839844
2008-07-08,20.6200008392334,19.59000015258789,19.790000915527344,20.6200008392334,12541000.0,18.225299835205078
2008-07-09,20.799999237060547,19.6299991607666,20.670000076293945,19.690000534057617,10109300.0,17.403301239013672
2008-07-10,20.209999084472656,19.219999313354492,19.65999984741211,20.1299991607666,11694500.0,17.792203903198242
2008-07-11,20.43000030517578,19.399999618530273,19.760000228881836,19.719999313354492,16579200.0,17.42981719970703
2008-07-14,20.059999465942383,18.760000228881836,19.920000076293945,18.780000686645508,13123500.0,16.59899139404297
2008-07-15,19.68000030517578,18.040000915527344,18.610000610351562,19.219999313354492,21403700.0,16.987884521484375
2008-07-16,21.959999084472656,19.520000457763672,20.239999771118164,21.959999084472656,21835700.0,19.409679412841797
2008-07-17,23.520000457763672,21.940000534057617,22.459999084472656,22.770000457763672,21933000.0,20.1256046295166
2008-07-18,22.969999313354492,21.559999465942383,22.649999618530273,22.639999389648438,10476200.0,20.010700225830078
2008-07-21,22.739999771118164,21.56999969482422,22.170000076293945,21.860000610351562,9916000.0,19.3212890625
2008-07-22,22.860000610351562,21.31999969482422,21.729999542236328,22.850000381469727,13588900.0,20.19631576538086
2008-07-23,23.5,22.469999313354492,22.979999542236328,23.059999465942383,12440100.0,20.381929397583008
2008-07-24,23.34000015258789,21.799999237060547,23.010000228881836,21.90999984741211,10248400.0,19.365480422973633
2008-07-25,22.149999618530273,21.420000076293945,21.969999313354492,22.09000015258789,11733900.0,19.52458381652832
2008-07-28,22.420000076293945,21.299999237060547,22.030000686645508,21.3700008392334,9993800.0,18.88819694519043
2008-07-29,22.600000381469727,21.260000228881836,21.450000762939453,22.600000381469727,13735800.0,19.97534942626953
2008-07-30,23.280000686645508,22.40999984741211,23.1299991607666,22.979999542236328,9173600.0,20.31121826171875
2008-07-31,23.309999465942383,22.510000228881836,22.510000228881836,22.889999389648438,7952200.0,20.231670379638672
2008-08-01,23.209999084472656,22.100000381469727,22.690000534057617,22.780000686645508,11035800.0,20.134443283081055
2008-08-04,22.75,22.229999542236328,22.540000915527344,22.290000915527344,6839000.0,19.701353073120117
2008-08-05,23.079999923706055,22.399999618530273,22.59000015258789,23.059999465942383,11068200.0,20.381929397583008
2008-08-06,23.059999465942383,22.610000610351562,22.610000610351562,22.860000610351562,8213000.0,20.257869720458984
2008-08-07,22.639999389648438,21.719999313354492,22.5,21.860000610351562,13186200.0,19.37169075012207
2008-08-08,23.0,21.690000534057617,22.0,22.81999969482422,10543500.0,20.22241973876953
2008-08-11,23.90999984741211,22.670000076293945,22.84000015258789,23.459999084472656,10157300.0,20.789567947387695
2008-08-12,23.350000381469727,22.329999923706055,23.219999313354492,22.510000228881836,9724600.0,19.947708129882812
2008-08-13,22.65999984741211,21.700000762939453,22.299999237060547,22.079999923706055,9873500.0,19.566650390625
2008-08-14,22.649999618530273,21.979999542236328,22.030000686645508,22.389999389648438,10219800.0,19.84136962890625
2008-08-15,23.329999923706055,22.469999313354492,22.65999984741211,23.170000076293945,13529600.0,20.532575607299805
2008-08-18,23.420000076293945,22.799999237060547,23.420000076293945,23.059999465942383,14101000.0,20.435096740722656
2008-08-19,22.93000030517578,22.200000762939453,22.799999237060547,22.670000076293945,13272900.0,20.089494705200195
2008-08-20,22.920000076293945,22.1200008392334,22.290000915527344,22.8700008392334,9163300.0,20.266727447509766
2008-08-21,23.25,22.450000762939453,22.75,23.020000457763672,9939800.0,20.3996524810791
2008-08-22,23.899999618530273,23.040000915527344,23.209999084472656,23.729999542236328,12344100.0,21.02883529663086
2008-08-25,23.700000762939453,23.15999984741211,23.559999465942383,23.260000228881836,7816400.0,20.612333297729492
2008-08-26,23.549999237060547,23.030000686645508,23.25,23.489999771118164,8287400.0,20.81614875793457
2008-08-27,23.739999771118164,23.1200008392334,23.1200008392334,23.739999771118164,7169500.0,21.037689208984375
2008-08-28,24.459999084472656,23.729999542236328,23.93000030517578,24.459999084472656,8493900.0,21.675737380981445
2008-08-29,24.399999618530273,23.90999984741211,24.399999618530273,23.989999771118164,7555400.0,21.259239196777344
2008-09-02,24.889999389648438,23.700000762939453,24.299999237060547,24.18000030517578,10358500.0,21.427610397338867
2008-09-03,24.399999618530273,23.790000915527344,24.290000915527344,24.209999084472656,9923400.0,21.45419692993164
2008-09-04,24.270000457763672,23.270000457763672,24.049999237060547,23.559999465942383,13673300.0,20.878185272216797
2008-09-05,24.1200008392334,22.989999771118164,23.15999984741211,24.09000015258789,11896100.0,21.347850799560547
2008-09-08,25.219999313354492,24.100000381469727,25.010000228881836,25.219999313354492,20867000.0,22.34922218322754
2008-09-09,25.200000762939453,23.440000534057617,25.200000762939453,23.489999771118164,21642900.0,20.81614875793457
2008-09-10,24.3700008392334,23.190000534057617,23.780000686645508,23.790000915527344,16016700.0,21.082002639770508
2008-09-11,24.540000915527344,23.139999389648438,23.3799991607666,24.5,14919000.0,21.711183547973633
2008-09-12,24.59000015258789,23.760000228881836,24.450000762939453,23.969999313354492,13202400.0,21.24151611328125
2008-09-15,23.940000534057617,22.360000610351562,23.010000228881836,22.700000762939453,28361700.0,20.11608123779297
2008-09-16,25.5,21.84000015258789,22.0,25.479999542236328,28316100.0,22.579627990722656
2008-09-17,24.829999923706055,22.329999923706055,24.709999084472656,22.780000686645508,31158900.0,20.186973571777344
2008-09-18,23.969999313354492,19.8700008392334,22.579999923706055,23.899999618530273,33504300.0,21.17947769165039
2008-09-19,25.25,25.25,25.25,25.25,245200.0,22.375816345214844
2008-09-22,25.149999618530273,21.299999237060547,24.020000457763672,22.209999084472656,9842700.0,19.681852340698242
2008-09-23,23.540000915527344,21.209999084472656,21.670000076293945,22.600000381469727,8171200.0,20.027462005615234
2008-09-24,23.600000381469727,22.450000762939453,22.670000076293945,22.450000762939453,6311100.0,19.894533157348633
2008-09-25,24.979999542236328,22.530000686645508,22.530000686645508,23.56999969482422,6486900.0,20.88705062866211
2008-09-26,24.979999542236328,22.989999771118164,22.989999771118164,24.31999969482422,7692600.0,21.55167579650879
2008-09-29,24.979999542236328,21.100000381469727,23.399999618530273,21.729999542236328,10087200.0,19.256492614746094
2008-09-30,26.200000762939453,21.8700008392334,22.110000610351562,26.0,10313100.0,23.04043960571289
2008-10-01,25.0,23.3799991607666,24.889999389648438,24.3700008392334,8845200.0,21.595979690551758
2008-10-02,24.579999923706055,20.780000686645508,24.479999542236328,22.770000457763672,11497900.0,20.178110122680664
2008-10-03,24.239999771118164,22.489999771118164,23.0,22.489999771118164,13840500.0,19.92998504638672
2008-10-06,22.25,19.690000534057617,22.190000534057617,20.899999618530273,13601400.0,18.52097511291504
2008-10-07,24.06999969482422,19.459999084472656,21.1200008392334,19.459999084472656,12268000.0,17.244884490966797
2008-10-08,21.510000228881836,18.59000015258789,18.700000762939453,19.18000030517578,11956400.0,16.99675750732422
2008-10-09,21.09000015258789,18.0,19.8799991607666,18.25,19388500.0,16.172624588012695
2008-10-10,20.510000228881836,17.049999237060547,17.299999237060547,20.200000762939453,21751900.0,17.900650024414062
2008-10-13,23.3799991607666,20.149999618530273,21.360000610351562,23.329999923706055,13509900.0,20.67436408996582
2008-10-14,23.520000457763672,20.0,23.520000457763672,20.969999313354492,18218500.0,18.583003997802734
2008-10-15,21.06999969482422,19.889999389648438,19.989999771118164,19.940000534057617,15002000.0,17.670242309570312
2008-10-16,21.0,18.40999984741211,20.110000610351562,20.8700008392334,11930600.0,18.494386672973633
2008-10-17,22.1299991607666,19.950000762939453,20.59000015258789,21.0,11555800.0,18.609582901000977
2008-10-20,21.190000534057617,19.670000076293945,21.190000534057617,20.579999923706055,12453000.0,18.237396240234375
2008-10-21,21.09000015258789,19.760000228881836,20.440000534057617,19.81999969482422,10052100.0,17.56390380859375
2008-10-22,19.40999984741211,17.100000381469727,19.239999771118164,17.989999771118164,16264800.0,15.94221305847168
2008-10-23,18.260000228881836,16.149999618530273,18.0,17.25,18387100.0,15.286445617675781
2008-10-24,16.969999313354492,15.399999618530273,15.399999618530273,16.290000915527344,11837400.0,14.435720443725586
2008-10-27,16.790000915527344,15.5,15.800000190734863,15.529999732971191,10260100.0,13.762231826782227
2008-10-28,17.829999923706055,15.210000038146973,15.899999618530273,17.700000762939453,14936900.0,15.685224533081055
2008-10-29,18.950000762939453,16.959999084472656,17.649999618530273,17.450000762939453,15121200.0,15.463679313659668
2008-10-30,19.0,18.040000915527344,18.219999313354492,18.540000915527344,11881000.0,16.429603576660156
2008-10-31,19.139999389648438,18.100000381469727,18.540000915527344,19.1200008392334,10702100.0,16.94359016418457
2008-11-03,19.459999084472656,18.8799991607666,19.049999237060547,19.360000610351562,6538600.0,17.156272888183594
2008-11-04,21.010000228881836,19.440000534057617,19.610000610351562,20.920000076293945,10689000.0,18.5386962890625
2008-11-05,20.920000076293945,19.25,20.510000228881836,19.420000076293945,10467500.0,17.209434509277344
2008-11-06,19.549999237060547,17.719999313354492,19.34000015258789,17.829999923706055,13652400.0,15.800421714782715
2008-11-07,19.0,17.68000030517578,18.190000534057617,18.670000076293945,9777800.0,16.544809341430664
2008-11-10,19.299999237060547,16.68000030517578,19.290000915527344,16.959999084472656,10842900.0,15.029455184936523
2008-11-11,17.25,16.200000762939453,16.709999084472656,16.610000610351562,9967400.0,14.719298362731934
2008-11-12,16.84000015258789,16.049999237060547,16.389999389648438,16.049999237060547,9904300.0,14.274605751037598
2008-11-13,17.950000762939453,14.829999923706055,16.40999984741211,17.889999389648438,16798000.0,15.9110746383667
2008-11-14,18.149999618530273,16.559999465942383,17.399999618530273,16.610000610351562,12708000.0,14.772659301757812
2008-11-17,16.989999771118164,15.460000038146973,16.8799991607666,15.550000190734863,10820100.0,13.829912185668945
2008-11-18,15.989999771118164,14.850000381469727,15.920000076293945,15.739999771118164,14681600.0,13.998892784118652
2008-11-19,16.030000686645508,14.640000343322754,15.59000015258789,14.649999618530273,17222800.0,13.02946949005127
2008-11-20,16.010000228881836,14.279999732971191,14.470000267028809,14.59000015258789,23589600.0,12.976103782653809
2008-11-21,16.799999237060547,14.710000038146973,14.829999923706055,16.690000534057617,22391500.0,14.8438081741333
2008-11-24,18.350000381469727,16.280000686645508,16.479999542236328,18.25,18097200.0,16.23125648498535
2008-11-25,18.75,16.790000915527344,18.510000228881836,17.56999969482422,16529800.0,15.626471519470215
2008-11-26,18.1200008392334,17.049999237060547,17.079999923706055,18.100000381469727,10785200.0,16.097843170166016
2008-11-28,18.329999923706055,17.450000762939453,18.139999389648438,18.329999923706055,5750700.0,16.302396774291992
2008-12-01,17.649999618530273,15.5,17.639999389648438,15.550000190734863,15604600.0,13.829912185668945
2008-12-02,16.59000015258789,15.210000038146973,16.59000015258789,16.200000762939453,14179700.0,14.408012390136719
2008-12-03,17.0,15.5,15.680000305175781,16.959999084472656,13346000.0,15.083944320678711
2008-12-04,17.579999923706055,16.239999771118164,16.579999923706055,16.40999984741211,13814700.0,14.594781875610352
2008-12-05,18.3700008392334,16.1299991607666,16.209999084472656,18.3700008392334,16663400.0,16.337974548339844
2008-12-08,19.520000457763672,18.209999084472656,18.610000610351562,19.399999618530273,19412100.0,17.25403594970703
2008-12-09,19.719999313354492,18.459999084472656,19.139999389648438,18.520000457763672,18733300.0,16.47138023376465
2008-12-10,19.040000915527344,17.829999923706055,18.68000030517578,18.489999771118164,11253900.0,16.44469451904297
2008-12-11,18.5,16.809999465942383,18.030000686645508,16.979999542236328,16231400.0,15.10173225402832
2008-12-12,17.030000686645508,16.139999389648438,16.75,16.709999084472656,14819000.0,14.861598014831543
2008-12-15,17.209999084472656,15.850000381469727,16.780000686645508,16.110000610351562,11591300.0,14.327966690063477
2008-12-16,17.219999313354492,15.829999923706055,16.389999389648438,16.68000030517578,28268400.0,14.834921836853027
2008-12-17,17.200000762939453,16.110000610351562,16.260000228881836,16.549999237060547,18687100.0,14.719297409057617
2008-12-18,16.899999618530273,15.5600004196167,16.889999389648438,15.84000015258789,19606600.0,14.087831497192383
2008-12-19,16.350000381469727,14.960000038146973,16.350000381469727,15.140000343322754,27605900.0,13.465267181396484
2008-12-22,15.4399995803833,14.800000190734863,15.25,15.020000457763672,14547900.0,13.358537673950195
2008-12-23,15.399999618530273,14.720000267028809,15.180000305175781,14.869999885559082,14351000.0,13.225130081176758
2008-12-24,15.260000228881836,14.850000381469727,15.09000015258789,15.260000228881836,4092100.0,13.571990013122559
2008-12-26,15.5,15.020000457763672,15.350000381469727,15.229999542236328,5552700.0,13.545309066772461
2008-12-29,15.229999542236328,14.670000076293945,15.170000076293945,15.010000228881836,5858200.0,13.349647521972656
2008-12-30,15.539999961853027,15.020000457763672,15.199999809265137,15.5,6720000.0,13.785446166992188
2008-12-31,16.190000534057617,15.470000267028809,15.5,16.170000076293945,9711100.0,14.381333351135254
2009-01-02,16.290000915527344,15.5600004196167,16.049999237060547,16.18000030517578,10944600.0,14.390225410461426
2009-01-05,16.09000015258789,15.5,16.020000457763672,15.619999885559082,10443100.0,13.892169952392578
2009-01-06,16.690000534057617,15.65999984741211,15.989999771118164,16.6299991607666,15969900.0,14.790448188781738
2009-01-07,16.479999542236328,15.930000305175781,16.139999389648438,16.049999237060547,13573600.0,14.274605751037598
2009-01-08,16.290000915527344,15.779999732971191,16.030000686645508,16.149999618530273,10216100.0,14.363544464111328
2009-01-09,16.280000686645508,15.399999618530273,16.229999542236328,15.460000038146973,9423800.0,13.74986743927002
2009-01-12,15.600000381469727,15.010000228881836,15.5,15.1899995803833,11620800.0,13.509737014770508
2009-01-13,15.84000015258789,14.979999542236328,15.119999885559082,15.779999732971191,14929600.0,14.03447151184082
2009-01-14,15.520000457763672,14.970000267028809,15.350000381469727,14.979999542236328,13849500.0,13.32296371459961
2009-01-15,15.319999694824219,14.5600004196167,14.890000343322754,14.890000343322754,20147100.0,13.242921829223633
2009-01-16,15.25,14.0,15.039999961853027,14.84000015258789,28689900.0,13.19845199584961
2009-01-20,15.020000457763672,13.65999984741211,14.949999809265137,13.699999809265137,23321900.0,12.184551239013672
2009-01-21,14.569999694824219,13.350000381469727,14.0600004196167,14.539999961853027,25346800.0,12.931632041931152
2009-01-22,14.800000190734863,13.729999542236328,14.15999984741211,14.09000015258789,15515700.0,12.531414031982422
2009-01-23,14.829999923706055,13.630000114440918,13.90999984741211,14.649999618530273,19501400.0,13.02946949005127
2009-01-26,15.0,13.869999885559082,14.739999771118164,14.100000381469727,13539600.0,12.540307998657227
2009-01-27,14.510000228881836,14.029999732971191,14.289999961853027,14.4399995803833,9969400.0,12.842696189880371
2009-01-28,16.020000457763672,14.920000076293945,14.979999542236328,15.960000038146973,18622300.0,14.194558143615723
2009-01-29,15.739999771118164,13.520000457763672,15.720000267028809,13.630000114440918,36982700.0,12.122297286987305
2009-01-30,13.84000015258789,13.380000114440918,13.670000076293945,13.59000015258789,27193600.0,12.086721420288086
2009-02-02,13.260000228881836,12.210000038146973,13.25,12.479999542236328,30301700.0,11.099504470825195
2009-02-03,13.0,12.319999694824219,12.640000343322754,12.869999885559082,19752000.0,11.446365356445312
2009-02-04,13.40999984741211,12.789999961853027,12.789999961853027,13.369999885559082,21577400.0,11.891056060791016
2009-02-05,13.880000114440918,12.989999771118164,13.079999923706055,13.5600004196167,19447700.0,12.060040473937988
2009-02-06,14.6899995803833,13.619999885559082,13.699999809265137,14.550000190734863,25609100.0,12.940528869628906
2009-02-09,14.670000076293945,14.109999656677246,14.449999809265137,14.350000381469727,17193500.0,12.762656211853027
2009-02-10,14.350000381469727,13.210000038146973,14.109999656677246,13.329999923706055,18414100.0,11.85547924041748
2009-02-11,13.34000015258789,12.949999809265137,13.319999694824219,13.130000114440918,19753300.0,11.730403900146484
2009-02-12,13.430000305175781,12.720000267028809,13.020000457763672,13.390000343322754,18161600.0,11.962689399719238
2009-02-13,13.489999771118164,12.65999984741211,13.0600004196167,13.0600004196167,16568400.0,11.667867660522461
2009-02-17,13.029999732971191,12.210000038146973,12.539999961853027,12.65999984741211,20449600.0,11.310506820678711
2009-02-18,12.960000038146973,12.399999618530273,12.640000343322754,12.800000190734863,16985500.0,11.435579299926758
2009-02-19,13.119999885559082,12.649999618530273,12.75,12.800000190734863,22339200.0,11.435579299926758
2009-02-20,13.119999885559082,12.220000267028809,12.520000457763672,13.0,24977700.0,11.614261627197266
2009-02-23,13.029999732971191,12.100000381469727,12.779999732971191,12.109999656677246,19093200.0,10.819130897521973
2009-02-24,13.3100004196167,12.039999961853027,12.0600004196167,13.300000190734863,21329000.0,11.882285118103027
2009-02-25,13.350000381469727,12.699999809265137,13.119999885559082,12.9399995803833,17185000.0,11.560653686523438
2009-02-26,13.569999694824219,12.779999732971191,13.520000457763672,12.920000076293945,16032300.0,11.5427885055542
2009-02-27,13.399999618530273,12.579999923706055,12.579999923706055,12.710000038146973,18376800.0,11.35517406463623
2009-03-02,12.640000343322754,11.9399995803833,12.5,12.029999732971191,19421000.0,10.747657775878906
2009-03-03,12.579999923706055,11.979999542236328,12.25,12.15999984741211,21727400.0,10.863801956176758
2009-03-04,12.329999923706055,11.630000114440918,12.130000114440918,11.920000076293945,27064700.0,10.649385452270508
2009-03-05,12.0600004196167,11.25,11.630000114440918,11.34000015258789,24236200.0,10.131208419799805
2009-03-06,11.539999961853027,11.0,11.510000228881836,11.359999656677246,23688700.0,10.149078369140625
2009-03-09,11.649999618530273,11.149999618530273,11.460000038146973,11.359999656677246,17798000.0,10.149078369140625
2009-03-10,12.729999542236328,11.5,11.890000343322754,12.729999542236328,21506100.0,11.373041152954102
2009-03-11,13.34000015258789,12.520000457763672,12.829999923706055,13.180000305175781,23555900.0,11.775075912475586
2009-03-12,13.920000076293945,12.800000190734863,13.329999923706055,13.890000343322754,21684200.0,12.409392356872559
2009-03-13,14.199999809265137,13.550000190734863,13.899999618530273,14.09000015258789,18130900.0,12.588074684143066
2009-03-16,14.40999984741211,13.649999618530273,14.109999656677246,13.75,22115500.0,12.284316062927246
2009-03-17,14.430000305175781,13.529999732971191,13.579999923706055,14.350000381469727,16697800.0,12.82036018371582
2009-03-18,15.199999809265137,13.649999618530273,13.84000015258789,15.199999809265137,23619600.0,13.579751968383789
2009-03-19,15.380000114440918,13.609999656677246,15.380000114440918,13.630000114440918,23994300.0,12.177107810974121
2009-03-20,14.119999885559082,13.579999923706055,13.720000267028809,13.710000038146973,18059100.0,12.248579025268555
2009-03-23,15.630000114440918,14.109999656677246,14.170000076293945,15.5600004196167,20810600.0,13.90137767791748
2009-03-24,15.699999809265137,14.670000076293945,15.260000228881836,14.670000076293945,19585900.0,13.106246948242188
2009-03-25,15.4399995803833,14.460000038146973,14.819999694824219,15.270000457763672,20655900.0,13.642291069030762
2009-03-26,16.0,15.180000305175781,15.489999771118164,15.989999771118164,19672600.0,14.285543441772461
2009-03-27,15.859999656677246,15.0600004196167,15.699999809265137,15.149999618530273,13775300.0,13.535079956054688
2009-03-30,14.989999771118164,14.319999694824219,14.550000190734863,14.390000343322754,15504600.0,12.85609245300293
2009-03-31,15.6899995803833,14.489999771118164,14.670000076293945,15.5,19822900.0,13.847776412963867
2009-04-01,15.5,14.710000038146973,15.380000114440918,15.470000267028809,16497300.0,13.820972442626953
2009-04-02,16.219999313354492,15.510000228881836,15.510000228881836,15.84000015258789,17420800.0,14.151527404785156
2009-04-03,16.3700008392334,15.579999923706055,15.890000343322754,16.3700008392334,12307400.0,14.625031471252441
2009-04-06,16.15999984741211,15.670000076293945,16.0,15.84000015258789,12324900.0,14.151527404785156
2009-04-07,15.710000038146973,15.260000228881836,15.369999885559082,15.3100004196167,10288200.0,13.678025245666504
2009-04-08,15.65999984741211,15.069999694824219,15.390000343322754,15.449999809265137,11727000.0,13.803102493286133
2009-04-09,17.229999542236328,15.739999771118164,15.739999771118164,16.969999313354492,21752400.0,15.161078453063965
2009-04-13,17.5,16.420000076293945,16.5,17.479999542236328,16536300.0,15.616713523864746
2009-04-14,17.31999969482422,16.18000030517578,17.290000915527344,16.360000610351562,19386500.0,14.61610221862793
2009-04-15,18.049999237060547,16.270000457763672,16.270000457763672,18.049999237060547,22693800.0,16.12595558166504
2009-04-16,18.299999237060547,16.709999084472656,18.239999771118164,17.549999237060547,20123400.0,15.679251670837402
2009-04-17,17.899999618530273,17.049999237060547,17.459999084472656,17.610000610351562,18306900.0,15.73286247253418
2009-04-20,17.450000762939453,16.690000534057617,17.31999969482422,16.690000534057617,19354000.0,14.910924911499023
2009-04-21,17.850000381469727,16.389999389648438,16.739999771118164,17.850000381469727,18159800.0,15.94727611541748
2009-04-22,18.1200008392334,17.25,17.6200008392334,17.43000030517578,22051100.0,15.572046279907227
2009-04-23,18.200000762939453,17.260000228881836,17.399999618530273,18.059999465942383,12931000.0,16.134883880615234
2009-04-24,18.030000686645508,17.34000015258789,17.969999313354492,17.84000015258789,17112500.0,15.938335418701172
2009-04-27,17.989999771118164,17.40999984741211,17.68000030517578,17.760000228881836,12843100.0,15.866866111755371
2009-04-28,17.90999984741211,17.299999237060547,17.450000762939453,17.579999923706055,9583100.0,15.706058502197266
2009-04-29,18.739999771118164,17.770000457763672,17.850000381469727,18.600000381469727,13498200.0,16.617328643798828
2009-04-30,18.950000762939453,18.110000610351562,18.84000015258789,18.479999542236328,17989500.0,16.510114669799805
2009-05-01,18.540000915527344,17.899999618530273,18.1200008392334,18.059999465942383,13256000.0,16.134883880615234
2009-05-04,18.809999465942383,17.8799991607666,18.3799991607666,18.729999542236328,25725700.0,16.733469009399414
2009-05-05,19.0,18.5,18.739999771118164,18.579999923706055,14490400.0,16.599458694458008
2009-05-06,19.290000915527344,18.239999771118164,18.610000610351562,18.920000076293945,15037400.0,16.95797348022461
2009-05-07,19.25,17.75,19.040000915527344,17.8700008392334,22903400.0,16.016862869262695
2009-05-08,18.739999771118164,17.84000015258789,18.0,18.739999771118164,19463500.0,16.796646118164062
2009-05-11,18.3700008392334,17.8700008392334,17.979999542236328,17.889999389648438,14477300.0,16.034793853759766
2009-05-12,18.309999465942383,17.65999984741211,18.200000762939453,17.90999984741211,14123400.0,16.052722930908203
2009-05-13,17.829999923706055,17.0,17.520000457763672,17.049999237060547,16645400.0,15.281898498535156
2009-05-14,17.350000381469727,16.5,16.670000076293945,17.079999923706055,19224300.0,15.308792114257812
2009-05-15,17.18000030517578,16.729999542236328,17.049999237060547,16.90999984741211,13425000.0,15.156417846679688
2009-05-18,18.079999923706055,17.049999237060547,17.239999771118164,18.0,16095100.0,16.133384704589844
2009-05-19,18.229999542236328,17.770000457763672,17.959999084472656,17.770000457763672,12586000.0,15.927236557006836
2009-05-20,18.170000076293945,17.3700008392334,18.059999465942383,17.440000534057617,11677600.0,15.631455421447754
2009-05-21,17.270000457763672,16.420000076293945,17.059999465942383,16.790000915527344,15579100.0,15.048861503601074
2009-05-22,17.360000610351562,16.790000915527344,17.110000610351562,16.969999313354492,8635100.0,15.210196495056152
2009-05-26,17.729999542236328,16.860000610351562,16.90999984741211,17.690000534057617,15225900.0,15.855535507202148
2009-05-27,17.700000762939453,16.579999923706055,17.530000686645508,16.65999984741211,15530500.0,14.93233871459961
2009-05-28,17.280000686645508,16.65999984741211,16.93000030517578,17.149999618530273,13160100.0,15.371530532836914
2009-05-29,17.760000228881836,16.84000015258789,17.049999237060547,17.600000381469727,11420600.0,15.774864196777344
2009-06-01,19.0,17.690000534057617,17.989999771118164,18.3799991607666,19094300.0,16.473983764648438
2009-06-02,18.450000762939453,18.030000686645508,18.030000686645508,18.239999771118164,10261100.0,16.348495483398438
2009-06-03,18.389999389648438,17.889999389648438,18.389999389648438,18.18000030517578,8667400.0,16.294719696044922
2009-06-04,18.719999313354492,18.200000762939453,18.239999771118164,18.459999084472656,12153700.0,16.545679092407227
2009-06-05,18.8799991607666,17.989999771118164,18.75,18.1200008392334,11579500.0,16.240942001342773
2009-06-08,18.25,17.829999923706055,18.0,18.079999923706055,9763500.0,16.205087661743164
2009-06-09,18.450000762939453,17.979999542236328,18.0,18.299999237060547,9469500.0,16.40227699279785
2009-06-10,18.479999542236328,17.639999389648438,18.420000076293945,17.920000076293945,10547800.0,16.061683654785156
2009-06-11,18.059999465942383,17.65999984741211,17.989999771118164,17.760000228881836,11285500.0,15.9182767868042
2009-06-12,18.09000015258789,17.309999465942383,17.729999542236328,18.079999923706055,9758600.0,16.205087661743164
2009-06-15,17.969999313354492,17.639999389648438,17.760000228881836,17.84000015258789,9961000.0,15.989972114562988
2009-06-16,17.989999771118164,17.440000534057617,17.889999389648438,17.5,11256600.0,15.685230255126953
2009-06-17,17.969999313354492,17.270000457763672,17.5,17.489999771118164,14322700.0,15.67627239227295
2009-06-18,17.610000610351562,17.18000030517578,17.420000076293945,17.459999084472656,9028700.0,15.649382591247559
2009-06-19,17.93000030517578,17.3700008392334,17.649999618530273,17.920000076293945,10976600.0,16.061683654785156
2009-06-22,17.809999465942383,16.979999542236328,17.649999618530273,17.06999969482422,14666100.0,15.299829483032227
2009-06-23,17.469999313354492,17.09000015258789,17.09000015258789,17.18000030517578,13535200.0,15.39842414855957
2009-06-24,17.479999542236328,17.139999389648438,17.270000457763672,17.450000762939453,8149900.0,15.64041519165039
2009-06-25,17.950000762939453,17.299999237060547,17.540000915527344,17.739999771118164,11151400.0,15.900344848632812
2009-06-26,17.920000076293945,17.479999542236328,17.670000076293945,17.809999465942383,8477400.0,15.96308708190918
2009-06-29,18.0,17.700000762939453,17.75,17.899999618530273,7552600.0,16.04374885559082
2009-06-30,17.799999237060547,17.219999313354492,17.799999237060547,17.540000915527344,10941500.0,15.721092224121094
2009-07-01,17.5,17.06999969482422,17.5,17.229999542236328,11033300.0,15.44323444366455
2009-07-02,17.229999542236328,16.729999542236328,17.030000686645508,16.780000686645508,12304200.0,15.039901733398438
2009-07-06,17.1299991607666,16.670000076293945,16.889999389648438,17.020000457763672,12893200.0,15.255014419555664
2009-07-07,17.1200008392334,16.459999084472656,17.010000228881836,16.489999771118164,10287200.0,14.779970169067383
2009-07-08,16.829999923706055,16.25,16.709999084472656,16.559999465942383,13993300.0,14.842716217041016
2009-07-09,16.850000381469727,16.5,16.760000228881836,16.610000610351562,7678500.0,14.887528419494629
2009-07-10,16.65999984741211,16.350000381469727,16.489999771118164,16.469999313354492,9400200.0,14.762040138244629
2009-07-13,17.510000228881836,16.459999084472656,16.790000915527344,17.360000610351562,17689100.0,15.559747695922852
2009-07-14,17.469999313354492,17.139999389648438,17.260000228881836,17.440000534057617,9232200.0,15.631455421447754
2009-07-15,18.149999618530273,17.479999542236328,17.600000381469727,18.09000015258789,15167700.0,16.214048385620117
2009-07-16,18.18000030517578,17.229999542236328,18.079999923706055,17.649999618530273,16070400.0,15.819677352905273
2009-07-17,17.719999313354492,17.0,17.399999618530273,17.079999923706055,15210600.0,15.308792114257812
2009-07-20,17.329999923706055,16.969999313354492,17.110000610351562,17.15999984741211,12671200.0,15.380495071411133
2009-07-21,17.270000457763672,16.81999969482422,17.239999771118164,17.030000686645508,11107300.0,15.2639741897583
2009-07-22,17.1299991607666,16.81999969482422,16.81999969482422,17.020000457763672,7495800.0,15.255014419555664
2009-07-23,17.420000076293945,16.860000610351562,16.899999618530273,17.229999542236328,9680500.0,15.44323444366455
2009-07-24,17.0,16.469999313354492,16.979999542236328,16.600000381469727,17080700.0,14.87856388092041
2009-07-27,17.1200008392334,16.56999969482422,16.600000381469727,17.0,14540000.0,15.237085342407227
2009-07-28,17.299999237060547,16.739999771118164,16.889999389648438,16.989999771118164,10853900.0,15.228117942810059
2009-07-29,16.969999313354492,16.75,16.8700008392334,16.920000076293945,9362400.0,15.165383338928223
2009-07-30,18.020000457763672,17.010000228881836,17.079999923706055,17.81999969482422,17093100.0,15.972050666809082
2009-07-31,18.010000228881836,17.610000610351562,17.610000610351562,17.8700008392334,9684300.0,16.016862869262695
2009-08-03,18.25,17.8799991607666,18.1299991607666,18.059999465942383,9380300.0,16.187162399291992
2009-08-04,18.079999923706055,17.530000686645508,18.010000228881836,17.739999771118164,15514000.0,15.900344848632812
2009-08-05,17.84000015258789,17.399999618530273,17.780000686645508,17.709999084472656,9903500.0,15.873456954956055
2009-08-06,18.799999237060547,17.719999313354492,17.850000381469727,18.479999542236328,21544500.0,16.563608169555664
2009-08-07,19.8700008392334,18.510000228881836,18.729999542236328,19.450000762939453,21039000.0,17.433021545410156
2009-08-10,19.520000457763672,18.84000015258789,19.260000228881836,19.149999618530273,8351300.0,17.16412353515625
2009-08-11,19.239999771118164,18.6200008392334,19.229999542236328,18.639999389648438,11782500.0,16.70701026916504
2009-08-12,18.959999084472656,18.559999465942383,18.889999389648438,18.75,9414000.0,16.859886169433594
2009-08-13,19.469999313354492,18.420000076293945,18.739999771118164,18.610000610351562,9086700.0,16.733991622924805
2009-08-14,18.729999542236328,18.010000228881836,18.6299991607666,18.260000228881836,10576200.0,16.419273376464844
2009-08-17,17.899999618530273,17.3700008392334,17.8799991607666,17.389999389648438,11314500.0,15.636974334716797
2009-08-18,17.799999237060547,17.40999984741211,17.459999084472656,17.639999389648438,7429700.0,15.861776351928711
2009-08-19,17.8799991607666,17.459999084472656,17.510000228881836,17.75,6881200.0,15.960687637329102
2009-08-20,17.850000381469727,17.549999237060547,17.729999542236328,17.6200008392334,10420800.0,15.843793869018555
2009-08-21,18.110000610351562,17.579999923706055,17.809999465942383,18.010000228881836,13618200.0,16.194482803344727
2009-08-24,18.229999542236328,17.829999923706055,18.149999618530273,17.8700008392334,8048700.0,16.068586349487305
2009-08-25,18.3700008392334,17.8799991607666,18.030000686645508,18.100000381469727,11646600.0,16.275405883789062
2009-08-26,18.170000076293945,17.729999542236328,17.959999084472656,17.850000381469727,9478000.0,16.050601959228516
2009-08-27,17.8700008392334,17.540000915527344,17.790000915527344,17.84000015258789,7499900.0,16.041606903076172
2009-08-28,17.979999542236328,17.610000610351562,17.93000030517578,17.729999542236328,6785400.0,15.942695617675781
2009-08-31,18.079999923706055,17.399999618530273,17.43000030517578,18.059999465942383,9139500.0,16.23943519592285
2009-09-01,18.290000915527344,17.559999465942383,17.8799991607666,17.559999465942383,12655900.0,15.789835929870605
2009-09-02,17.969999313354492,17.329999923706055,17.399999618530273,17.540000915527344,9609900.0,15.77186107635498
2009-09-03,17.969999313354492,17.479999542236328,17.549999237060547,17.899999618530273,9273600.0,16.09556007385254
2009-09-04,18.1299991607666,17.739999771118164,17.969999313354492,18.100000381469727,6725200.0,16.275405883789062
2009-09-08,18.489999771118164,18.18000030517578,18.18000030517578,18.479999542236328,8188500.0,16.617095947265625
2009-09-09,18.530000686645508,18.200000762939453,18.469999313354492,18.479999542236328,8633800.0,16.617095947265625
2009-09-10,18.450000762939453,17.969999313354492,18.360000610351562,18.360000610351562,12765600.0,16.509197235107422
2009-09-11,18.469999313354492,17.860000610351562,18.469999313354492,17.940000534057617,11257100.0,16.13153076171875
2009-09-14,18.389999389648438,17.739999771118164,17.850000381469727,18.3700008392334,7735000.0,16.518184661865234
2009-09-15,18.420000076293945,17.600000381469727,18.399999618530273,17.850000381469727,16299400.0,16.050601959228516
2009-09-16,18.270000457763672,17.829999923706055,17.8799991607666,18.219999313354492,12103200.0,16.38330078125
2009-09-17,18.25,17.709999084472656,18.1299991607666,17.739999771118164,13631600.0,15.951690673828125
2009-09-18,17.690000534057617,17.1299991607666,17.239999771118164,17.610000610351562,23863400.0,15.834799766540527
2009-09-21,18.1299991607666,17.399999618530273,17.610000610351562,18.040000915527344,12624500.0,16.221454620361328
2009-09-22,18.75,18.010000228881836,18.190000534057617,18.639999389648438,14198400.0,16.760961532592773
2009-09-23,19.170000076293945,18.65999984741211,18.75,18.84000015258789,22195800.0,16.94080924987793
2009-09-24,19.06999969482422,18.479999542236328,18.770000457763672,18.59000015258789,18904000.0,16.716005325317383
2009-09-25,18.649999618530273,18.260000228881836,18.559999465942383,18.450000762939453,12525300.0,16.59012222290039
2009-09-28,19.149999618530273,18.360000610351562,18.559999465942383,19.09000015258789,9318500.0,17.165607452392578
2009-09-29,19.389999389648438,18.899999618530273,19.049999237060547,19.270000457763672,13816100.0,17.327463150024414
2009-09-30,19.459999084472656,18.860000610351562,19.34000015258789,19.149999618530273,11482200.0,17.21955108642578
2009-10-01,19.09000015258789,18.520000457763672,18.950000762939453,18.540000915527344,16267500.0,16.67104721069336
2009-10-02,18.93000030517578,18.260000228881836,18.3799991607666,18.729999542236328,10615500.0,16.841890335083008
2009-10-05,18.850000381469727,18.40999984741211,18.84000015258789,18.459999084472656,13923700.0,16.599109649658203
2009-10-06,19.329999923706055,18.520000457763672,18.549999237060547,19.239999771118164,14267000.0,17.300485610961914
2009-10-07,19.229999542236328,18.950000762939453,19.049999237060547,19.200000762939453,6535700.0,17.26451873779297
2009-10-08,19.489999771118164,19.020000457763672,19.229999542236328,19.06999969482422,11407800.0,17.147621154785156
2009-10-09,19.540000915527344,18.920000076293945,19.059999465942383,19.489999771118164,9479300.0,17.525283813476562
2009-10-12,19.799999237060547,18.959999084472656,19.75,19.270000457763672,10142000.0,17.327463150024414
2009-10-13,19.239999771118164,18.860000610351562,19.100000381469727,18.979999542236328,11362100.0,17.066696166992188
2009-10-14,19.510000228881836,19.09000015258789,19.139999389648438,19.280000686645508,13213400.0,17.33645248413086
2009-10-15,18.770000457763672,18.010000228881836,18.670000076293945,18.360000610351562,29065900.0,16.509197235107422
2009-10-16,18.299999237060547,17.950000762939453,18.219999313354492,18.209999084472656,20286700.0,16.374319076538086
2009-10-19,18.729999542236328,18.239999771118164,18.329999923706055,18.530000686645508,12370900.0,16.662057876586914
2009-10-20,18.770000457763672,18.260000228881836,18.739999771118164,18.399999618530273,10130300.0,16.545164108276367
2009-10-21,18.649999618530273,17.989999771118164,18.149999618530273,18.020000457763672,12764000.0,16.203475952148438
2009-10-22,18.1299991607666,17.700000762939453,17.90999984741211,18.100000381469727,12783600.0,16.275405883789062
2009-10-23,18.280000686645508,17.84000015258789,18.110000610351562,17.940000534057617,8264600.0,16.13153076171875
2009-10-26,18.280000686645508,17.709999084472656,18.219999313354492,17.760000228881836,8712000.0,15.969680786132812
2009-10-27,17.920000076293945,17.600000381469727,17.65999984741211,17.719999313354492,8024800.0,15.933711051940918
2009-10-28,17.889999389648438,17.479999542236328,17.649999618530273,17.530000686645508,12159700.0,15.762863159179688
2009-10-29,18.059999465942383,17.670000076293945,17.760000228881836,17.989999771118164,10463000.0,16.176490783691406
2009-10-30,17.90999984741211,17.260000228881836,17.809999465942383,17.34000015258789,13437100.0,15.592021942138672
2009-11-02,17.610000610351562,16.920000076293945,17.299999237060547,17.3799991607666,12350800.0,15.627984046936035
2009-11-03,17.440000534057617,17.030000686645508,17.190000534057617,17.239999771118164,9734300.0,15.502098083496094
2009-11-04,17.3799991607666,16.899999618530273,17.309999465942383,16.940000534057617,14945500.0,15.232340812683105
2009-11-05,17.350000381469727,16.950000762939453,17.0,17.280000686645508,12373200.0,15.538064002990723
2009-11-06,17.260000228881836,16.75,17.049999237060547,17.1299991607666,18754200.0,15.403185844421387
2009-11-09,17.829999923706055,17.18000030517578,17.200000762939453,17.829999923706055,13864200.0,16.032621383666992
2009-11-10,17.809999465942383,17.350000381469727,17.75,17.639999389648438,13850300.0,15.915328025817871
2009-11-11,18.15999984741211,17.75,17.860000610351562,18.100000381469727,12207200.0,16.33036231994629
2009-11-12,18.110000610351562,17.899999618530273,18.010000228881836,18.030000686645508,11106100.0,16.267202377319336
2009-11-13,18.360000610351562,17.889999389648438,18.149999618530273,18.25,11697600.0,16.4656925201416
2009-11-16,18.780000686645508,18.3700008392334,18.3700008392334,18.68000030517578,12128000.0,16.853652954101562
2009-11-17,18.84000015258789,18.549999237060547,18.639999389648438,18.790000915527344,11110600.0,16.952898025512695
2009-11-18,18.799999237060547,18.459999084472656,18.700000762939453,18.729999542236328,7804500.0,16.898757934570312
2009-11-19,18.649999618530273,18.139999389648438,18.600000381469727,18.309999465942383,7511400.0,16.519826889038086
2009-11-20,18.329999923706055,18.040000915527344,18.329999923706055,18.25,5899200.0,16.4656925201416
2009-11-23,18.479999542236328,18.0,18.3799991607666,18.200000762939453,6994700.0,16.420581817626953
2009-11-24,18.209999084472656,17.989999771118164,18.110000610351562,18.149999618530273,6914900.0,16.375469207763672
2009-11-25,18.350000381469727,18.020000457763672,18.020000457763672,18.260000228881836,5021400.0,16.474708557128906
2009-11-27,18.049999237060547,17.68000030517578,17.709999084472656,17.739999771118164,7281300.0,16.005556106567383
2009-11-30,18.34000015258789,17.739999771118164,17.75,18.329999923706055,12092000.0,16.53786849975586
2009-12-01,18.5,17.950000762939453,18.3700008392334,18.049999237060547,13465900.0,16.28524398803711
2009-12-02,18.40999984741211,17.989999771118164,18.030000686645508,18.219999313354492,9259200.0,16.43862533569336
2009-12-03,18.389999389648438,17.860000610351562,18.34000015258789,17.8799991607666,6616000.0,16.131866455078125
2009-12-04,18.59000015258789,18.15999984741211,18.15999984741211,18.549999237060547,16090000.0,16.736360549926758
2009-12-07,18.56999969482422,18.15999984741211,18.360000610351562,18.290000915527344,9508200.0,16.501779556274414
2009-12-08,18.34000015258789,18.040000915527344,18.229999542236328,18.229999542236328,8333000.0,16.44764518737793
2009-12-09,18.670000076293945,18.010000228881836,18.479999542236328,18.610000610351562,9068000.0,16.79049301147461
2009-12-10,18.75,18.280000686645508,18.65999984741211,18.3799991607666,10284800.0,16.582983016967773
2009-12-11,18.59000015258789,18.290000915527344,18.59000015258789,18.43000030517578,6648200.0,16.628095626831055
2009-12-14,18.350000381469727,17.6200008392334,18.040000915527344,17.75,18606200.0,16.014575958251953
2009-12-15,17.719999313354492,17.309999465942383,17.600000381469727,17.350000381469727,12290300.0,15.65368366241455
2009-12-16,18.18000030517578,17.719999313354492,17.719999313354492,18.06999969482422,17872800.0,16.303287506103516
2009-12-17,18.170000076293945,17.809999465942383,17.940000534057617,17.860000610351562,14054700.0,16.11382484436035
2009-12-18,18.200000762939453,17.899999618530273,18.06999969482422,18.18000030517578,12726000.0,16.402538299560547
2009-12-21,18.56999969482422,18.1200008392334,18.149999618530273,18.559999465942383,8085900.0,16.74538230895996
2009-12-22,19.280000686645508,18.479999542236328,18.56999969482422,19.059999465942383,10607400.0,17.196489334106445
2009-12-23,19.329999923706055,19.049999237060547,19.09000015258789,19.100000381469727,6381700.0,17.232582092285156
2009-12-24,19.18000030517578,18.989999771118164,19.020000457763672,19.049999237060547,2175100.0,17.18747329711914
2009-12-28,19.079999923706055,18.790000915527344,18.790000915527344,19.0,3229900.0,17.142364501953125
2009-12-29,19.270000457763672,18.75,19.270000457763672,18.8700008392334,3810400.0,17.025075912475586
2009-12-30,19.059999465942383,18.670000076293945,18.90999984741211,19.040000915527344,3381000.0,17.178457260131836
2009-12-31,19.1299991607666,18.81999969482422,19.1200008392334,18.81999969482422,3712600.0,16.979957580566406
2010-01-04,19.850000381469727,18.90999984741211,19.209999084472656,19.780000686645508,14023600.0,17.846101760864258
2010-01-05,19.729999542236328,19.270000457763672,19.389999389648438,19.719999313354492,13248300.0,17.791969299316406
2010-01-06,19.68000030517578,19.229999542236328,19.639999389648438,19.360000610351562,10143700.0,17.4671630859375
2010-01-07,19.389999389648438,18.670000076293945,19.100000381469727,19.290000915527344,19494500.0,17.404008865356445
2010-01-08,19.239999771118164,18.969999313354492,19.18000030517578,19.15999984741211,9655100.0,17.286720275878906
2010-01-11,19.280000686645508,18.979999542236328,19.280000686645508,19.110000610351562,9586600.0,17.24161148071289
2010-01-12,19.43000030517578,18.959999084472656,19.0,19.09000015258789,11449100.0,17.22356414794922
2010-01-13,19.190000534057617,18.950000762939453,19.170000076293945,19.100000381469727,12530900.0,17.232582092285156
2010-01-14,19.34000015258789,18.959999084472656,19.0,19.18000030517578,6612800.0,17.304765701293945
2010-01-15,19.15999984741211,18.770000457763672,19.020000457763672,19.0,13235600.0,17.142364501953125
2010-01-19,19.40999984741211,18.90999984741211,19.0,19.290000915527344,10795900.0,17.404008865356445
2010-01-20,19.110000610351562,18.649999618530273,18.780000686645508,19.020000457763672,28242900.0,17.16040802001953
2010-01-21,19.309999465942383,18.790000915527344,19.040000915527344,19.149999618530273,49512700.0,17.277698516845703
2010-01-22,19.260000228881836,18.760000228881836,19.139999389648438,18.81999969482422,26803300.0,16.979957580566406
2010-01-25,19.100000381469727,18.84000015258789,19.010000228881836,18.959999084472656,12216000.0,17.10627555847168
2010-01-26,19.09000015258789,18.6200008392334,18.8799991607666,18.6299991607666,13896700.0,16.80853843688965
2010-01-27,18.81999969482422,18.469999313354492,18.729999542236328,18.739999771118164,16489200.0,16.907787322998047
2010-01-28,18.809999465942383,18.329999923706055,18.809999465942383,18.420000076293945,14864700.0,16.619075775146484
2010-01-29,18.690000534057617,18.18000030517578,18.65999984741211,18.290000915527344,10510700.0,16.501779556274414
2010-02-01,18.510000228881836,18.309999465942383,18.450000762939453,18.440000534057617,8519200.0,16.63710594177246
2010-02-02,18.549999237060547,18.1299991607666,18.200000762939453,18.229999542236328,15495600.0,16.44764518737793
2010-02-03,18.399999618530273,18.040000915527344,18.299999237060547,18.170000076293945,12133500.0,16.393510818481445
2010-02-04,18.1200008392334,17.5,18.030000686645508,17.59000015258789,28299200.0,15.870221138000488
2010-02-05,18.079999923706055,17.559999465942383,17.559999465942383,18.06999969482422,19732000.0,16.303287506103516
2010-02-08,18.09000015258789,17.709999084472656,18.049999237060547,17.719999313354492,14734000.0,15.987506866455078
2010-02-09,17.979999542236328,17.440000534057617,17.8799991607666,17.5,16020900.0,15.789022445678711
2010-02-10,18.020000457763672,17.389999389648438,17.489999771118164,17.8700008392334,26045100.0,16.178308486938477
2010-02-11,17.920000076293945,17.59000015258789,17.850000381469727,17.68000030517578,9711700.0,16.006298065185547
2010-02-12,17.770000457763672,17.479999542236328,17.75,17.610000610351562,15981100.0,15.942925453186035
2010-02-16,17.829999923706055,17.549999237060547,17.6200008392334,17.809999465942383,8150700.0,16.12398910522461
2010-02-17,17.899999618530273,17.5,17.8700008392334,17.739999771118164,10138300.0,16.060609817504883
2010-02-18,17.8700008392334,17.600000381469727,17.610000610351562,17.809999465942383,10787000.0,16.12398910522461
2010-02-19,18.84000015258789,18.1200008392334,18.149999618530273,18.729999542236328,26144900.0,16.956897735595703
2010-02-22,18.8700008392334,18.579999923706055,18.700000762939453,18.709999084472656,14953500.0,16.938791275024414
2010-02-23,18.719999313354492,18.360000610351562,18.6299991607666,18.40999984741211,11761700.0,16.66719627380371
2010-02-24,18.540000915527344,18.360000610351562,18.3700008392334,18.43000030517578,9636400.0,16.685300827026367
2010-02-25,18.280000686645508,18.020000457763672,18.219999313354492,18.260000228881836,11696400.0,16.531389236450195
2010-02-26,18.3799991607666,18.100000381469727,18.350000381469727,18.309999465942383,11311000.0,16.576658248901367
2010-03-01,18.389999389648438,18.219999313354492,18.239999771118164,18.25,7913800.0,16.522336959838867
2010-03-02,18.350000381469727,18.06999969482422,18.260000228881836,18.260000228881836,5904800.0,16.531389236450195
2010-03-03,18.420000076293945,18.09000015258789,18.280000686645508,18.1200008392334,10580800.0,16.40464973449707
2010-03-04,18.690000534057617,18.149999618530273,18.18000030517578,18.43000030517578,7293200.0,16.685300827026367
2010-03-05,18.959999084472656,18.43000030517578,18.479999542236328,18.959999084472656,8003800.0,17.165122985839844
2010-03-08,19.110000610351562,18.829999923706055,18.93000030517578,19.040000915527344,7081200.0,17.2375545501709
2010-03-09,19.110000610351562,18.780000686645508,19.030000686645508,18.969999313354492,6132400.0,17.174179077148438
2010-03-10,19.170000076293945,18.899999618530273,18.989999771118164,19.059999465942383,8201800.0,17.25565528869629
2010-03-11,19.1299991607666,18.75,19.0,19.100000381469727,7653800.0,17.291868209838867
2010-03-12,18.950000762939453,18.329999923706055,18.889999389648438,18.43000030517578,19925100.0,16.685300827026367
2010-03-15,18.5,18.149999618530273,18.329999923706055,18.239999771118164,16563200.0,16.513282775878906
2010-03-16,18.540000915527344,18.209999084472656,18.309999465942383,18.469999313354492,15542900.0,16.721515655517578
2010-03-17,18.600000381469727,18.270000457763672,18.270000457763672,18.489999771118164,13029800.0,16.739622116088867
2010-03-18,18.81999969482422,18.389999389648438,18.389999389648438,18.790000915527344,8925500.0,17.0112247467041
2010-03-19,18.959999084472656,18.579999923706055,18.829999923706055,18.579999923706055,14262400.0,16.82109832763672
2010-03-22,18.65999984741211,18.399999618530273,18.510000228881836,18.540000915527344,7779700.0,16.78489112854004
2010-03-23,18.690000534057617,18.43000030517578,18.579999923706055,18.520000457763672,9209400.0,16.766782760620117
2010-03-24,18.559999465942383,18.200000762939453,18.489999771118164,18.450000762939453,8590700.0,16.703405380249023
2010-03-25,18.8799991607666,18.3799991607666,18.479999542236328,18.719999313354492,11928700.0,16.947843551635742
2010-03-26,18.90999984741211,18.59000015258789,18.770000457763672,18.760000228881836,13440500.0,16.98406219482422
2010-03-29,18.940000534057617,18.68000030517578,18.760000228881836,18.729999542236328,11824500.0,16.956897735595703
2010-03-30,18.809999465942383,18.549999237060547,18.700000762939453,18.75,8654100.0,16.97500228881836
2010-03-31,18.780000686645508,18.520000457763672,18.690000534057617,18.690000534057617,10355600.0,16.920684814453125
2010-04-01,18.969999313354492,18.389999389648438,18.760000228881836,18.6200008392334,9426600.0,16.857309341430664
2010-04-05,18.889999389648438,18.510000228881836,18.6299991607666,18.8799991607666,12933000.0,17.092693328857422
2010-04-06,19.34000015258789,18.75,18.899999618530273,19.239999771118164,18277000.0,17.418622970581055
2010-04-07,19.530000686645508,19.260000228881836,19.270000457763672,19.270000457763672,15478400.0,17.445781707763672
2010-04-08,19.290000915527344,19.059999465942383,19.15999984741211,19.1200008392334,10227100.0,17.30998420715332
2010-04-09,19.280000686645508,19.059999465942383,19.1299991607666,19.229999542236328,6708300.0,17.409561157226562
2010-04-12,19.6299991607666,19.200000762939453,19.239999771118164,19.549999237060547,7776000.0,17.69927215576172
2010-04-13,19.68000030517578,19.34000015258789,19.510000228881836,19.610000610351562,7023300.0,17.753591537475586
2010-04-14,19.739999771118164,19.170000076293945,19.700000762939453,19.350000381469727,16532200.0,17.518211364746094
2010-04-15,19.389999389648438,18.989999771118164,19.0,19.299999237060547,13796800.0,17.472944259643555
2010-04-16,19.270000457763672,18.670000076293945,19.209999084472656,18.959999084472656,20416000.0,17.165122985839844
2010-04-19,19.1200008392334,18.709999084472656,18.770000457763672,19.059999465942383,10537800.0,17.25565528869629
2010-04-20,19.43000030517578,19.170000076293945,19.280000686645508,19.290000915527344,12956800.0,17.463882446289062
2010-04-21,19.549999237060547,19.299999237060547,19.329999923706055,19.489999771118164,11161600.0,17.64495277404785
2010-04-22,19.6200008392334,19.1299991607666,19.350000381469727,19.600000381469727,8499000.0,17.744539260864258
2010-04-23,19.90999984741211,19.3799991607666,19.59000015258789,19.8799991607666,10312400.0,17.998037338256836
2010-04-26,19.950000762939453,19.510000228881836,19.81999969482422,19.540000915527344,8609500.0,17.69021987915039
2010-04-27,19.43000030517578,18.84000015258789,19.399999618530273,18.8799991607666,13787900.0,17.092693328857422
2010-04-28,19.25,18.8700008392334,19.09000015258789,18.979999542236328,10635800.0,17.1832332611084
2010-04-29,19.520000457763672,18.950000762939453,19.06999969482422,19.270000457763672,7682600.0,17.445781707763672
2010-04-30,19.450000762939453,19.049999237060547,19.299999237060547,19.290000915527344,10042600.0,17.463882446289062
2010-05-03,19.719999313354492,19.309999465942383,19.3799991607666,19.559999465942383,7452200.0,17.708330154418945
2010-05-04,19.389999389648438,18.799999237060547,19.280000686645508,18.90999984741211,12432400.0,17.119861602783203
2010-05-05,19.040000915527344,18.6200008392334,18.81999969482422,18.809999465942383,8812600.0,17.083526611328125
2010-05-06,18.959999084472656,17.059999465942383,18.75,18.219999313354492,20355800.0,16.54768180847168
2010-05-07,18.149999618530273,17.190000534057617,18.149999618530273,17.219999313354492,31526300.0,15.639469146728516
2010-05-10,19.100000381469727,17.860000610351562,18.0,18.1299991607666,21064500.0,16.465944290161133
2010-05-11,18.09000015258789,17.6299991607666,17.850000381469727,17.639999389648438,15511900.0,16.020917892456055
2010-05-12,17.93000030517578,17.610000610351562,17.690000534057617,17.68000030517578,11066400.0,16.057247161865234
2010-05-13,17.809999465942383,17.489999771118164,17.65999984741211,17.5,8293200.0,15.893771171569824
2010-05-14,17.440000534057617,16.65999984741211,17.399999618530273,16.8700008392334,21908000.0,15.321596145629883
2010-05-17,17.450000762939453,16.809999465942383,16.950000762939453,17.3799991607666,17701000.0,15.784783363342285
2010-05-18,17.59000015258789,16.639999389648438,17.489999771118164,16.959999084472656,19848900.0,15.403329849243164
2010-05-19,17.190000534057617,16.709999084472656,16.989999771118164,17.100000381469727,21871400.0,15.53048324584961
2010-05-20,16.950000762939453,16.190000534057617,16.790000915527344,16.219999313354492,23335900.0,14.73125171661377
2010-05-21,16.700000762939453,15.890000343322754,16.040000915527344,16.670000076293945,16278500.0,15.139948844909668
2010-05-24,16.649999618530273,16.200000762939453,16.649999618530273,16.219999313354492,9649000.0,14.73125171661377
2010-05-25,16.399999618530273,15.699999809265137,15.930000305175781,16.389999389648438,15142700.0,14.885651588439941
2010-05-26,16.559999465942383,16.1299991607666,16.440000534057617,16.200000762939453,13712800.0,14.713090896606445
2010-05-27,16.790000915527344,16.3700008392334,16.479999542236328,16.760000228881836,9623300.0,15.221689224243164
2010-05-28,16.75,16.260000228881836,16.75,16.34000015258789,10889900.0,14.840242385864258
2010-06-01,16.389999389648438,15.960000038146973,16.219999313354492,15.960000038146973,15405900.0,14.495118141174316
2010-06-02,16.459999084472656,15.90999984741211,16.079999923706055,16.450000762939453,11400800.0,14.940143585205078
2010-06-03,16.989999771118164,16.389999389648438,16.559999465942383,16.700000762939453,22615000.0,15.167197227478027
2010-06-04,16.600000381469727,16.260000228881836,16.389999389648438,16.309999465942383,16627700.0,14.81299114227295
2010-06-07,16.489999771118164,15.84000015258789,16.40999984741211,15.869999885559082,12580600.0,14.413373947143555
2010-06-08,16.139999389648438,15.59000015258789,15.9399995803833,16.010000228881836,11413400.0,14.540529251098633
2010-06-09,16.18000030517578,15.649999618530273,16.059999465942383,15.739999771118164,10336400.0,14.295308113098145
2010-06-10,16.139999389648438,15.8100004196167,15.899999618530273,16.1200008392334,13317000.0,14.640436172485352
2010-06-11,16.329999923706055,15.890000343322754,15.949999809265137,16.31999969482422,7838500.0,14.822072982788086
2010-06-14,16.440000534057617,15.8100004196167,16.399999618530273,15.850000381469727,11291000.0,14.395214080810547
2010-06-15,16.030000686645508,15.779999732971191,15.90999984741211,15.949999809265137,11605500.0,14.486032485961914
2010-06-16,15.949999809265137,15.720000267028809,15.850000381469727,15.779999732971191,10691100.0,14.33163833618164
2010-06-17,15.90999984741211,14.960000038146973,15.84000015258789,15.399999618530273,30660500.0,13.986517906188965
2010-06-18,15.579999923706055,15.359999656677246,15.399999618530273,15.449999809265137,11504300.0,14.031928062438965
2010-06-21,15.670000076293945,15.239999771118164,15.670000076293945,15.289999961853027,9890800.0,13.886613845825195
2010-06-22,15.359999656677246,14.869999885559082,15.279999732971191,14.890000343322754,14298100.0,13.523327827453613
2010-06-23,15.010000228881836,14.75,14.930000305175781,14.890000343322754,10622600.0,13.523327827453613
2010-06-24,14.960000038146973,14.600000381469727,14.800000190734863,14.619999885559082,12311300.0,13.278108596801758
2010-06-25,14.970000267028809,14.600000381469727,14.789999961853027,14.9399995803833,13949300.0,13.568739891052246
2010-06-28,15.130000114440918,14.819999694824219,14.859999656677246,14.979999542236328,11236500.0,13.60506534576416
2010-06-29,14.899999618530273,14.130000114440918,14.8100004196167,14.180000305175781,16982100.0,12.878496170043945
2010-06-30,14.449999809265137,14.100000381469727,14.119999885559082,14.180000305175781,14111000.0,12.878496170043945
2010-07-01,14.34000015258789,13.75,14.170000076293945,13.9399995803833,14949400.0,12.6605224609375
2010-07-02,14.109999656677246,13.8100004196167,14.010000228881836,13.9399995803833,9858500.0,12.6605224609375
2010-07-06,14.319999694824219,13.949999809265137,14.050000190734863,14.130000114440918,14624300.0,12.833083152770996
2010-07-07,14.319999694824219,14.039999961853027,14.180000305175781,14.239999771118164,15296500.0,12.932985305786133
2010-07-08,14.460000038146973,13.989999771118164,14.279999732971191,14.109999656677246,16136000.0,12.814918518066406
2010-07-09,14.329999923706055,13.979999542236328,14.109999656677246,14.239999771118164,19988800.0,12.932985305786133
2010-07-12,14.449999809265137,14.130000114440918,14.199999809265137,14.420000076293945,11934000.0,13.096467971801758
2010-07-13,14.729999542236328,14.470000267028809,14.489999771118164,14.59000015258789,12610000.0,13.250862121582031
2010-07-14,14.619999885559082,14.329999923706055,14.430000305175781,14.5,11170500.0,13.169123649597168
2010-07-15,14.729999542236328,14.279999732971191,14.5,14.550000190734863,13107600.0,13.214532852172852
2010-07-16,15.720000267028809,14.920000076293945,14.989999771118164,15.140000343322754,39722100.0,13.750381469726562
2010-07-19,15.380000114440918,15.050000190734863,15.220000267028809,15.170000076293945,12891800.0,13.777626037597656
2010-07-20,15.100000381469727,14.710000038146973,15.0,15.079999923706055,11981700.0,13.695887565612793
2010-07-21,15.239999771118164,14.680000305175781,15.239999771118164,14.699999809265137,13091700.0,13.3507661819458
2010-07-22,15.15999984741211,14.789999961853027,14.869999885559082,15.119999885559082,10707300.0,13.73221492767334
2010-07-23,15.239999771118164,14.930000305175781,15.069999694824219,15.220000267028809,8287000.0,13.823039054870605
2010-07-26,15.399999618530273,15.079999923706055,15.270000457763672,15.329999923706055,6871800.0,13.922944068908691
2010-07-27,15.4399995803833,15.109999656677246,15.329999923706055,15.239999771118164,8583600.0,13.841204643249512
2010-07-28,15.319999694824219,14.930000305175781,15.229999542236328,15.0,10195800.0,13.62322998046875
2010-07-29,15.289999961853027,14.90999984741211,15.109999656677246,15.039999961853027,6954900.0,13.65955924987793
2010-07-30,15.079999923706055,14.739999771118164,14.949999809265137,14.789999961853027,7683500.0,13.432506561279297
2010-08-02,15.020000457763672,14.670000076293945,14.920000076293945,15.0,10790000.0,13.62322998046875
2010-08-03,14.970000267028809,14.739999771118164,14.970000267028809,14.899999618530273,8638500.0,13.532410621643066
2010-08-04,15.420000076293945,14.829999923706055,14.970000267028809,15.399999618530273,12272200.0,13.986517906188965
2010-08-05,15.449999809265137,15.239999771118164,15.369999885559082,15.430000305175781,9392000.0,14.013762474060059
2010-08-06,15.489999771118164,15.130000114440918,15.3100004196167,15.279999732971191,9398300.0,13.877530097961426
2010-08-09,15.460000038146973,15.180000305175781,15.3100004196167,15.430000305175781,6278900.0,14.013762474060059
2010-08-10,15.369999885559082,15.100000381469727,15.359999656677246,15.220000267028809,9808700.0,13.823039054870605
2010-08-11,15.050000190734863,14.640000343322754,15.050000190734863,14.65999984741211,9547500.0,13.367131233215332
2010-08-12,14.800000190734863,14.399999618530273,14.399999618530273,14.75,7324100.0,13.449195861816406
2010-08-13,14.869999885559082,14.5,14.729999542236328,14.520000457763672,7539400.0,13.239480972290039
2010-08-16,14.520000457763672,14.1899995803833,14.460000038146973,14.25,8995000.0,12.993289947509766
2010-08-17,14.510000228881836,14.149999618530273,14.300000190734863,14.420000076293945,9847800.0,13.148299217224121
2010-08-18,14.470000267028809,14.25,14.40999984741211,14.350000381469727,7952700.0,13.084470748901367
2010-08-19,14.34000015258789,14.0,14.3100004196167,14.0,8707300.0,12.765338897705078
2010-08-20,14.3100004196167,13.899999618530273,13.899999618530273,14.130000114440918,11977000.0,12.883874893188477
2010-08-23,14.210000038146973,14.069999694824219,14.15999984741211,14.109999656677246,8105700.0,12.865639686584473
2010-08-24,14.079999923706055,13.760000228881836,14.010000228881836,13.760000228881836,10469400.0,12.546504974365234
2010-08-25,13.699999809265137,13.319999694824219,13.65999984741211,13.489999771118164,12995500.0,12.300312995910645
2010-08-26,13.5,13.100000381469727,13.4399995803833,13.149999618530273,17970400.0,11.990301132202148
2010-08-27,13.3100004196167,13.079999923706055,13.279999732971191,13.220000267028809,16403700.0,12.054128646850586
2010-08-30,13.239999771118164,12.819999694824219,13.1899995803833,12.819999694824219,10874200.0,11.68940258026123
2010-08-31,12.829999923706055,12.640000343322754,12.779999732971191,12.760000228881836,23425200.0,11.634696006774902
2010-09-01,13.609999656677246,13.050000190734863,13.109999656677246,13.539999961853027,26621500.0,12.345906257629395
2010-09-02,13.880000114440918,13.4399995803833,13.4399995803833,13.770000457763672,12739400.0,12.555621147155762
2010-09-03,14.010000228881836,13.729999542236328,13.890000343322754,13.859999656677246,10227800.0,12.63768482208252
2010-09-07,13.800000190734863,13.569999694824219,13.729999542236328,13.59000015258789,11043000.0,12.391497611999512
2010-09-08,13.84000015258789,13.59000015258789,13.630000114440918,13.729999542236328,13480200.0,12.519148826599121
2010-09-09,13.920000076293945,13.470000267028809,13.90999984741211,13.520000457763672,14291400.0,12.327672958374023
2010-09-10,13.710000038146973,13.420000076293945,13.579999923706055,13.670000076293945,13373400.0,12.46444034576416
2010-09-13,14.119999885559082,13.800000190734863,13.880000114440918,14.020000457763672,9358800.0,12.783573150634766
2010-09-14,13.960000038146973,13.729999542236328,13.960000038146973,13.850000381469727,9356800.0,12.62856674194336
2010-09-15,13.979999542236328,13.359999656677246,13.739999771118164,13.920000076293945,6924900.0,12.692394256591797
2010-09-16,13.850000381469727,13.65999984741211,13.84000015258789,13.670000076293945,6553600.0,12.46444034576416
2010-09-17,13.789999961853027,13.649999618530273,13.75,13.729999542236328,7820000.0,12.519148826599121
2010-09-20,14.020000457763672,13.630000114440918,13.84000015258789,13.979999542236328,7911700.0,12.747100830078125
2010-09-21,14.100000381469727,13.869999885559082,14.0,13.920000076293945,11337700.0,12.692394256591797
2010-09-22,13.970000267028809,13.569999694824219,13.84000015258789,13.630000114440918,8651200.0,12.42796802520752
2010-09-23,13.720000267028809,13.449999809265137,13.510000228881836,13.470000267028809,8107900.0,12.282078742980957
2010-09-24,14.09000015258789,13.609999656677246,13.609999656677246,13.970000267028809,9879700.0,12.737984657287598
2010-09-27,14.119999885559082,13.760000228881836,13.930000305175781,13.930000305175781,10847500.0,12.70151138305664
2010-09-28,14.229999542236328,13.8100004196167,13.930000305175781,14.1899995803833,12763400.0,12.938584327697754
2010-09-29,14.210000038146973,13.859999656677246,14.079999923706055,13.949999809265137,22171400.0,12.719745635986328
2010-09-30,14.399999618530273,13.880000114440918,14.050000190734863,13.899999618530273,7381000.0,12.674158096313477
2010-10-01,14.170000076293945,13.890000343322754,14.020000457763672,14.130000114440918,7583900.0,12.883874893188477
2010-10-04,14.15999984741211,13.850000381469727,14.100000381469727,14.020000457763672,7296600.0,12.783573150634766
2010-10-05,14.529999732971191,14.079999923706055,14.180000305175781,14.359999656677246,15329900.0,13.09359073638916
2010-10-06,14.359999656677246,14.09000015258789,14.3100004196167,14.25,9806700.0,12.993289947509766
2010-10-07,14.390000343322754,14.109999656677246,14.390000343322754,14.149999618530273,7523300.0,12.902109146118164
2010-10-08,14.239999771118164,14.0,14.1899995803833,14.199999809265137,7332900.0,12.947701454162598
2010-10-11,14.199999809265137,13.729999542236328,14.170000076293945,13.979999542236328,13523700.0,12.747100830078125
2010-10-12,14.050000190734863,13.84000015258789,13.920000076293945,14.029999732971191,13891300.0,12.792694091796875
2010-10-13,14.140000343322754,13.90999984741211,14.130000114440918,14.069999694824219,13879000.0,12.829163551330566
2010-10-14,14.15999984741211,13.920000076293945,14.020000457763672,14.09000015258789,13021800.0,12.847403526306152
2010-10-15,14.529999732971191,14.029999732971191,14.300000190734863,14.510000228881836,21277400.0,13.230362892150879
2010-10-18,14.989999771118164,14.489999771118164,14.609999656677246,14.989999771118164,18547900.0,13.66802978515625
2010-10-19,15.119999885559082,14.670000076293945,14.779999732971191,14.800000190734863,15629100.0,13.494786262512207
2010-10-20,15.020000457763672,14.6899995803833,14.869999885559082,14.880000114440918,8952300.0,13.567733764648438
2010-10-21,15.239999771118164,14.710000038146973,14.90999984741211,14.880000114440918,10945400.0,13.567733764648438
2010-10-22,14.989999771118164,14.819999694824219,14.90999984741211,14.979999542236328,7055500.0,13.658910751342773
2010-10-25,15.079999923706055,14.949999809265137,15.079999923706055,15.0,9574300.0,13.67714786529541
2010-10-26,15.100000381469727,14.850000381469727,14.850000381469727,15.050000190734863,6789300.0,13.722740173339844
2010-10-27,15.600000381469727,14.90999984741211,15.0,15.520000457763672,15574900.0,14.151288986206055
2010-10-28,15.529999732971191,15.300000190734863,15.449999809265137,15.4399995803833,7820700.0,14.078343391418457
2010-10-29,15.479999542236328,15.319999694824219,15.430000305175781,15.40999984741211,8178000.0,14.050989151000977
2010-11-01,15.630000114440918,15.260000228881836,15.5,15.430000305175781,5303800.0,14.069226264953613
2010-11-02,15.539999961853027,15.329999923706055,15.539999961853027,15.390000343322754,7155000.0,14.032756805419922
2010-11-03,15.489999771118164,15.180000305175781,15.260000228881836,15.489999771118164,7358100.0,14.12393569946289
2010-11-04,15.84000015258789,15.470000267028809,15.59000015258789,15.84000015258789,12014200.0,14.443068504333496
2010-11-05,16.350000381469727,15.829999923706055,15.829999923706055,16.100000381469727,11897900.0,14.68014144897461
2010-11-08,16.030000686645508,15.729999542236328,16.030000686645508,15.789999961853027,5793100.0,14.397477149963379
2010-11-09,15.649999618530273,15.329999923706055,15.619999885559082,15.529999732971191,12192500.0,14.214420318603516
2010-11-10,15.470000267028809,15.1899995803833,15.369999885559082,15.380000114440918,20235800.0,14.077127456665039
2010-11-11,15.34000015258789,15.09000015258789,15.300000190734863,15.109999656677246,10272300.0,13.829998970031738
2010-11-12,15.260000228881836,14.979999542236328,15.029999732971191,15.15999984741211,8278700.0,13.875764846801758
2010-11-15,15.34000015258789,15.119999885559082,15.199999809265137,15.149999618530273,5586400.0,13.866610527038574
2010-11-16,15.239999771118164,15.020000457763672,15.0600004196167,15.050000190734863,9687000.0,13.7750825881958
2010-11-17,15.15999984741211,14.970000267028809,15.09000015258789,15.039999961853027,8594800.0,13.76593017578125
2010-11-18,15.40999984741211,15.119999885559082,15.199999809265137,15.180000305175781,11872200.0,13.894068717956543
2010-11-19,15.149999618530273,14.989999771118164,15.140000343322754,15.079999923706055,5328300.0,13.80254077911377
2010-11-22,15.020000457763672,14.880000114440918,14.989999771118164,14.970000267028809,7815200.0,13.701857566833496
2010-11-23,15.039999961853027,14.75,14.819999694824219,14.899999618530273,12224300.0,13.637787818908691
2010-11-24,15.210000038146973,14.869999885559082,14.9399995803833,15.199999809265137,7750800.0,13.912376403808594
2010-11-26,15.170000076293945,14.9399995803833,15.020000457763672,15.050000190734863,2449000.0,13.7750825881958
2010-11-29,15.130000114440918,14.850000381469727,14.960000038146973,15.029999732971191,14858200.0,13.756776809692383
2010-11-30,15.109999656677246,14.779999732971191,14.84000015258789,15.029999732971191,11577200.0,13.756776809692383
2010-12-01,15.699999809265137,15.220000267028809,15.3100004196167,15.6899995803833,11682900.0,14.36086368560791
2010-12-02,16.190000534057617,15.65999984741211,15.680000305175781,16.15999984741211,13111400.0,14.791051864624023
2010-12-03,16.149999618530273,15.869999885559082,16.149999618530273,16.1299991607666,8288500.0,14.763589859008789
2010-12-06,16.280000686645508,15.979999542236328,16.059999465942383,16.209999084472656,7086800.0,14.836817741394043
2010-12-07,16.5,16.06999969482422,16.34000015258789,16.270000457763672,10689400.0,14.891731262207031
2010-12-08,16.809999465942383,16.209999084472656,16.260000228881836,16.809999465942383,12972400.0,15.385987281799316
2010-12-09,16.950000762939453,16.6200008392334,16.950000762939453,16.809999465942383,10339800.0,15.385987281799316
2010-12-10,16.899999618530273,16.450000762939453,16.829999923706055,16.719999313354492,8923100.0,15.303609848022461
2010-12-13,16.850000381469727,16.639999389648438,16.739999771118164,16.770000457763672,8377700.0,15.349377632141113
2010-12-14,16.899999618530273,16.639999389648438,16.75,16.739999771118164,9801800.0,15.321915626525879
2010-12-15,16.8799991607666,16.670000076293945,16.729999542236328,16.790000915527344,8019400.0,15.36768627166748
2010-12-16,17.0,16.719999313354492,16.790000915527344,17.0,7509900.0,15.55988883972168
2010-12-17,17.15999984741211,16.790000915527344,17.030000686645508,16.809999465942383,12142600.0,15.385987281799316
2010-12-20,16.959999084472656,16.709999084472656,16.899999618530273,16.829999923706055,9732900.0,15.404296875
2010-12-21,17.020000457763672,16.780000686645508,16.780000686645508,16.950000762939453,7389500.0,15.514130592346191
2010-12-22,17.079999923706055,16.940000534057617,16.959999084472656,17.079999923706055,4586300.0,15.633116722106934
2010-12-23,17.079999923706055,16.940000534057617,17.010000228881836,17.020000457763672,4067300.0,15.57819938659668
2010-12-27,17.440000534057617,16.899999618530273,16.969999313354492,17.420000076293945,7434600.0,15.944315910339355
2010-12-28,17.469999313354492,17.329999923706055,17.440000534057617,17.399999618530273,6281300.0,15.926007270812988
2010-12-29,17.40999984741211,17.229999542236328,17.389999389648438,17.290000915527344,3904100.0,15.825328826904297
2010-12-30,17.3799991607666,17.1299991607666,17.239999771118164,17.149999618530273,2864200.0,15.697187423706055
2010-12-31,17.209999084472656,16.969999313354492,17.020000457763672,17.110000610351562,3835300.0,15.660569190979004
2011-01-03,17.610000610351562,17.15999984741211,17.229999542236328,17.5,9055600.0,16.01754379272461
2011-01-04,17.5,17.100000381469727,17.43000030517578,17.219999313354492,7171800.0,15.761259078979492
2011-01-05,18.15999984741211,17.1200008392334,17.139999389648438,18.079999923706055,17883300.0,16.54840660095215
2011-01-06,18.100000381469727,17.81999969482422,17.959999084472656,17.969999313354492,14668200.0,16.447721481323242
2011-01-07,18.059999465942383,17.75,18.030000686645508,17.889999389648438,11166500.0,16.37450408935547
2011-01-10,18.25,17.739999771118164,18.200000762939453,17.950000762939453,17198300.0,16.429418563842773
2011-01-11,18.09000015258789,17.709999084472656,18.010000228881836,17.90999984741211,12412500.0,16.392803192138672
2011-01-12,18.15999984741211,17.899999618530273,17.940000534057617,18.15999984741211,10558400.0,16.62162971496582
2011-01-13,18.600000381469727,18.1299991607666,18.190000534057617,18.549999237060547,17804500.0,16.978588104248047
2011-01-14,18.860000610351562,18.25,18.549999237060547,18.829999923706055,19480100.0,17.234872817993164
2011-01-18,18.899999618530273,18.31999969482422,18.479999542236328,18.8700008392334,13491500.0,17.271484375
2011-01-19,18.93000030517578,18.270000457763672,18.8700008392334,18.309999465942383,11113800.0,16.7589168548584
2011-01-20,18.329999923706055,18.030000686645508,18.209999084472656,18.309999465942383,8601400.0,16.7589168548584
2011-01-21,18.469999313354492,18.139999389648438,18.3799991607666,18.190000534057617,7811800.0,16.64908790588379
2011-01-24,18.299999237060547,18.010000228881836,18.219999313354492,18.290000915527344,9352000.0,16.740617752075195
2011-01-25,18.399999618530273,17.829999923706055,18.280000686645508,18.079999923706055,9782300.0,16.54840660095215
2011-01-26,18.219999313354492,17.860000610351562,18.15999984741211,18.040000915527344,9052100.0,16.511795043945312
2011-01-27,18.15999984741211,17.829999923706055,18.079999923706055,18.139999389648438,11958900.0,16.603322982788086
2011-01-28,18.450000762939453,17.770000457763672,18.170000076293945,17.790000915527344,10253900.0,16.282970428466797
2011-01-31,18.09000015258789,17.850000381469727,17.959999084472656,18.049999237060547,8449500.0,16.520946502685547
2011-02-01,18.510000228881836,18.1200008392334,18.149999618530273,18.510000228881836,8013900.0,16.94197654724121
2011-02-02,18.5,18.229999542236328,18.309999465942383,18.43000030517578,6911000.0,16.868755340576172
2011-02-03,18.489999771118164,17.420000076293945,18.389999389648438,17.84000015258789,28760900.0,16.328737258911133
2011-02-04,18.190000534057617,17.649999618530273,17.889999389648438,18.1200008392334,17786000.0,16.58501434326172
2011-02-07,18.559999465942383,18.110000610351562,18.1299991607666,18.549999237060547,8853400.0,16.978588104248047
2011-02-08,19.049999237060547,18.5,18.559999465942383,19.040000915527344,15936100.0,17.427087783813477
2011-02-09,18.899999618530273,18.559999465942383,18.829999923706055,18.75,14494900.0,17.21590232849121
2011-02-10,19.1200008392334,18.65999984741211,18.65999984741211,19.09000015258789,9470300.0,17.528079986572266
2011-02-11,19.280000686645508,18.860000610351562,18.93000030517578,19.25,7472000.0,17.67498779296875
2011-02-14,19.389999389648438,19.110000610351562,19.200000762939453,19.15999984741211,5012100.0,17.592350006103516
2011-02-15,19.520000457763672,19.010000228881836,19.010000228881836,19.3799991607666,8784500.0,17.794357299804688
2011-02-16,19.690000534057617,19.239999771118164,19.479999542236328,19.350000381469727,13070900.0,17.766809463500977
2011-02-17,19.440000534057617,18.700000762939453,18.809999465942383,19.420000076293945,7964600.0,17.831079483032227
2011-02-18,19.469999313354492,19.270000457763672,19.450000762939453,19.450000762939453,6369100.0,17.858625411987305
2011-02-22,19.329999923706055,18.829999923706055,19.170000076293945,18.850000381469727,11522700.0,17.307714462280273
2011-02-23,18.959999084472656,18.690000534057617,18.90999984741211,18.75,10705700.0,17.21590232849121
2011-02-24,18.829999923706055,18.43000030517578,18.68000030517578,18.760000228881836,16645500.0,17.225078582763672
2011-02-25,19.010000228881836,18.770000457763672,18.809999465942383,18.90999984741211,9223300.0,17.362808227539062
2011-02-28,19.059999465942383,18.860000610351562,18.989999771118164,18.969999313354492,8123700.0,17.417898178100586
2011-03-01,19.09000015258789,18.6299991607666,19.030000686645508,18.65999984741211,9294800.0,17.133256912231445
2011-03-02,18.780000686645508,18.459999084472656,18.670000076293945,18.549999237060547,11768800.0,17.032262802124023
2011-03-03,18.969999313354492,18.6200008392334,18.68000030517578,18.959999084472656,8119200.0,17.408714294433594
2011-03-04,18.969999313354492,18.540000915527344,18.90999984741211,18.65999984741211,6569800.0,17.133256912231445
2011-03-07,18.75,18.3799991607666,18.690000534057617,18.559999465942383,8383100.0,17.04144287109375
2011-03-08,19.1299991607666,18.600000381469727,18.639999389648438,19.110000610351562,6429400.0,17.54644203186035
2011-03-09,19.100000381469727,18.770000457763672,19.020000457763672,18.899999618530273,5080300.0,17.35362434387207
2011-03-10,18.770000457763672,18.40999984741211,18.670000076293945,18.479999542236328,9183700.0,16.967987060546875
2011-03-11,18.719999313354492,18.3799991607666,18.3799991607666,18.690000534057617,5469100.0,17.160808563232422
2011-03-14,18.559999465942383,18.280000686645508,18.559999465942383,18.5,7370100.0,16.986351013183594
2011-03-15,18.040000915527344,17.530000686645508,17.799999237060547,17.850000381469727,16396800.0,16.38953399658203
2011-03-16,17.8700008392334,17.15999984741211,17.81999969482422,17.15999984741211,23673100.0,15.755987167358398
2011-03-17,17.6200008392334,17.350000381469727,17.469999313354492,17.5,16427000.0,16.068174362182617
2011-03-18,17.81999969482422,17.479999542236328,17.68000030517578,17.559999465942383,9836100.0,16.12326431274414
2011-03-21,17.700000762939453,17.360000610351562,17.670000076293945,17.649999618530273,25042900.0,16.20589828491211
2011-03-22,17.809999465942383,17.530000686645508,17.579999923706055,17.790000915527344,11754300.0,16.334444046020508
2011-03-23,17.920000076293945,17.65999984741211,17.770000457763672,17.889999389648438,11740800.0,16.426265716552734
2011-03-24,18.079999923706055,17.84000015258789,17.93000030517578,18.06999969482422,7265400.0,16.591537475585938
2011-03-25,18.149999618530273,17.84000015258789,18.149999618530273,18.09000015258789,10693900.0,16.609899520874023
2011-03-28,18.34000015258789,17.950000762939453,18.020000457763672,17.950000762939453,7770300.0,16.481353759765625
2011-03-29,18.0,17.739999771118164,17.940000534057617,17.8700008392334,9599200.0,16.407901763916016
2011-03-30,18.34000015258789,17.899999618530273,17.979999542236328,18.31999969482422,10574200.0,16.821075439453125
2011-03-31,18.25,17.959999084472656,18.219999313354492,18.030000686645508,7162800.0,16.554805755615234
2011-04-01,18.68000030517578,18.170000076293945,18.200000762939453,18.510000228881836,8399400.0,16.995534896850586
2011-04-04,18.610000610351562,18.40999984741211,18.530000686645508,18.489999771118164,5728500.0,16.977174758911133
2011-04-05,18.709999084472656,18.329999923706055,18.450000762939453,18.670000076293945,8139800.0,17.142444610595703
2011-04-06,18.850000381469727,18.649999618530273,18.670000076293945,18.719999313354492,6917600.0,17.1883487701416
2011-04-07,18.81999969482422,18.43000030517578,18.719999313354492,18.469999313354492,5913800.0,16.958799362182617
2011-04-08,18.6299991607666,18.329999923706055,18.610000610351562,18.350000381469727,5811400.0,16.848628997802734
2011-04-11,18.59000015258789,18.260000228881836,18.389999389648438,18.350000381469727,6521500.0,16.848628997802734
2011-04-12,18.360000610351562,18.15999984741211,18.25,18.25,7882200.0,16.75680923461914
2011-04-13,18.40999984741211,18.040000915527344,18.270000457763672,18.18000030517578,7256100.0,16.692537307739258
2011-04-14,18.389999389648438,18.030000686645508,18.280000686645508,18.219999313354492,8607000.0,16.729259490966797
2011-04-15,18.8700008392334,18.329999923706055,18.479999542236328,18.610000610351562,16627500.0,17.087358474731445
2011-04-18,18.399999618530273,17.780000686645508,18.399999618530273,18.040000915527344,12399700.0,16.56398582458496
2011-04-19,18.219999313354492,17.81999969482422,18.079999923706055,17.8799991607666,12091500.0,16.417078018188477
2011-04-20,18.610000610351562,17.989999771118164,18.1200008392334,18.59000015258789,12124900.0,17.068992614746094
2011-04-21,18.899999618530273,18.639999389648438,18.84000015258789,18.700000762939453,7480900.0,17.16999626159668
2011-04-25,18.649999618530273,18.350000381469727,18.600000381469727,18.479999542236328,9805300.0,16.967987060546875
2011-04-26,18.68000030517578,18.190000534057617,18.559999465942383,18.610000610351562,15294300.0,17.087358474731445
2011-04-27,18.690000534057617,18.3799991607666,18.68000030517578,18.6200008392334,10888600.0,17.096534729003906
2011-04-28,18.6299991607666,18.459999084472656,18.540000915527344,18.56999969482422,7875000.0,17.050626754760742
2011-04-29,18.600000381469727,18.25,18.530000686645508,18.309999465942383,8072800.0,16.81189727783203
2011-05-02,18.450000762939453,18.1299991607666,18.3799991607666,18.200000762939453,10370400.0,16.71089744567871
2011-05-03,18.209999084472656,17.860000610351562,18.190000534057617,18.040000915527344,15712700.0,16.56398582458496
2011-05-04,18.079999923706055,17.790000915527344,18.040000915527344,17.8799991607666,11318700.0,16.471864700317383
2011-05-05,18.020000457763672,17.610000610351562,17.790000915527344,17.81999969482422,12266300.0,16.416593551635742
2011-05-06,18.299999237060547,18.020000457763672,18.079999923706055,18.059999465942383,9026200.0,16.6376953125
2011-05-09,18.1200008392334,17.899999618530273,18.010000228881836,17.920000076293945,12272900.0,16.508712768554688
2011-05-10,18.34000015258789,17.969999313354492,17.969999313354492,18.34000015258789,7323600.0,16.895641326904297
2011-05-11,18.459999084472656,18.100000381469727,18.260000228881836,18.149999618530273,10327200.0,16.72060775756836
2011-05-12,18.1200008392334,17.780000686645508,18.0,17.979999542236328,17500000.0,16.563983917236328
2011-05-13,18.020000457763672,17.450000762939453,18.0,17.639999389648438,11305100.0,16.25076675415039
2011-05-16,17.6299991607666,17.450000762939453,17.520000457763672,17.450000762939453,9281400.0,16.075729370117188
2011-05-17,17.440000534057617,17.18000030517578,17.3700008392334,17.360000610351562,9660300.0,15.99280834197998
2011-05-18,17.690000534057617,17.309999465942383,17.360000610351562,17.670000076293945,7902900.0,16.27840232849121
2011-05-19,17.799999237060547,17.489999771118164,17.790000915527344,17.6200008392334,4703300.0,16.23234748840332
2011-05-20,17.579999923706055,17.309999465942383,17.510000228881836,17.31999969482422,8851700.0,15.955965995788574
2011-05-23,17.309999465942383,17.1299991607666,17.1299991607666,17.190000534057617,7008300.0,15.836202621459961
2011-05-24,17.360000610351562,17.1299991607666,17.239999771118164,17.329999923706055,7179900.0,15.96518325805664
2011-05-25,17.59000015258789,17.200000762939453,17.229999542236328,17.5,5939400.0,16.12178611755371
2011-05-26,17.459999084472656,17.149999618530273,17.459999084472656,17.420000076293945,7394900.0,16.048095703125
2011-05-27,17.59000015258789,17.389999389648438,17.420000076293945,17.540000915527344,3823400.0,16.158639907836914
2011-05-31,18.010000228881836,17.56999969482422,17.719999313354492,18.010000228881836,10759100.0,16.59162712097168
2011-06-01,17.8700008392334,17.100000381469727,17.860000610351562,17.110000610351562,16647900.0,15.762504577636719
2011-06-02,17.290000915527344,17.049999237060547,17.1200008392334,17.059999465942383,8978200.0,15.716443061828613
2011-06-03,17.0,16.700000762939453,16.770000457763672,16.760000228881836,14360800.0,15.44007396697998
2011-06-06,16.8799991607666,16.360000610351562,16.719999313354492,16.360000610351562,17019900.0,15.071574211120605
2011-06-07,16.540000915527344,16.110000610351562,16.389999389648438,16.139999389648438,17811800.0,14.86889934539795
2011-06-08,16.18000030517578,15.75,16.1299991607666,15.869999885559082,15890400.0,14.620162963867188
2011-06-09,16.360000610351562,15.899999618530273,15.899999618530273,16.260000228881836,11518300.0,14.979446411132812
2011-06-10,16.239999771118164,15.930000305175781,16.190000534057617,16.040000915527344,9535700.0,14.776775360107422
2011-06-13,16.1299991607666,15.819999694824219,16.059999465942383,16.010000228881836,10254400.0,14.749136924743652
2011-06-14,16.530000686645508,16.1299991607666,16.270000457763672,16.309999465942383,13111900.0,15.025507926940918
2011-06-15,16.350000381469727,15.989999771118164,16.06999969482422,16.059999465942383,12745300.0,14.795201301574707
2011-06-16,16.09000015258789,15.760000228881836,16.020000457763672,15.899999618530273,11718900.0,14.647798538208008
2011-06-17,16.149999618530273,15.869999885559082,16.049999237060547,15.90999984741211,11512000.0,14.657011032104492
2011-06-20,16.229999542236328,15.789999961853027,15.850000381469727,16.100000381469727,7881900.0,14.832048416137695
2011-06-21,16.510000228881836,16.06999969482422,16.190000534057617,16.420000076293945,8861300.0,15.126849174499512
2011-06-22,16.40999984741211,16.06999969482422,16.329999923706055,16.079999923706055,7498100.0,14.813624382019043
2011-06-23,16.049999237060547,15.65999984741211,15.880000114440918,16.030000686645508,11268300.0,14.767560005187988
2011-06-24,16.079999923706055,15.720000267028809,16.040000915527344,15.779999732971191,8723200.0,14.537249565124512
2011-06-27,15.9399995803833,15.640000343322754,15.65999984741211,15.8100004196167,9703700.0,14.564888954162598
2011-06-28,16.079999923706055,15.850000381469727,15.880000114440918,15.979999542236328,8727200.0,14.721497535705566
2011-06-29,16.399999618530273,16.079999923706055,16.09000015258789,16.3700008392334,8183700.0,15.08078670501709
2011-06-30,16.579999923706055,16.239999771118164,16.469999313354492,16.450000762939453,10361700.0,15.154485702514648
2011-07-01,16.75,16.31999969482422,16.420000076293945,16.719999313354492,11866600.0,15.403221130371094
2011-07-05,16.649999618530273,16.309999465942383,16.649999618530273,16.440000534057617,8607500.0,15.145273208618164
2011-07-06,16.3799991607666,15.720000267028809,16.360000610351562,15.789999961853027,21221700.0,14.546463012695312
2011-07-07,16.1200008392334,15.880000114440918,15.949999809265137,16.1200008392334,20865100.0,14.850475311279297
2011-07-08,15.90999984741211,15.329999923706055,15.880000114440918,15.600000381469727,39566700.0,14.371428489685059
2011-07-11,15.579999923706055,15.300000190734863,15.350000381469727,15.399999618530273,16130200.0,14.187177658081055
2011-07-12,15.649999618530273,15.300000190734863,15.359999656677246,15.40999984741211,12828400.0,14.196391105651855
2011-07-13,15.760000228881836,15.420000076293945,15.550000190734863,15.4399995803833,9727100.0,14.224026679992676
2011-07-14,15.550000190734863,15.039999961853027,15.489999771118164,15.199999809265137,18909200.0,14.002928733825684
2011-07-15,15.3100004196167,14.880000114440918,15.289999961853027,15.010000228881836,25457600.0,13.827893257141113
2011-07-18,15.25,14.460000038146973,15.109999656677246,14.970000267028809,38486600.0,13.791040420532227
2011-07-19,15.25,14.949999809265137,15.020000457763672,15.220000267028809,15457800.0,14.021352767944336
2011-07-20,15.5600004196167,15.229999542236328,15.260000228881836,15.279999732971191,11621800.0,14.076627731323242
2011-07-21,15.819999694824219,15.399999618530273,15.470000267028809,15.640000343322754,14885600.0,14.408273696899414
2011-07-22,15.65999984741211,15.369999885559082,15.630000114440918,15.4399995803833,12689100.0,14.224026679992676
2011-07-25,15.380000114440918,15.220000267028809,15.3100004196167,15.3100004196167,12886400.0,14.104266166687012
2011-07-26,15.430000305175781,15.15999984741211,15.260000228881836,15.300000190734863,8933400.0,14.095051765441895
2011-07-27,15.149999618530273,14.850000381469727,15.130000114440918,14.920000076293945,16608400.0,13.744977951049805
2011-07-28,15.119999885559082,14.869999885559082,14.920000076293945,14.90999984741211,10033600.0,13.735766410827637
2011-07-29,15.25,14.720000267028809,14.789999961853027,14.930000305175781,12645800.0,13.754191398620605
2011-08-01,15.260000228881836,14.720000267028809,15.09000015258789,15.050000190734863,15458500.0,13.864741325378418
2011-08-02,15.0,14.539999961853027,14.890000343322754,14.550000190734863,13594700.0,13.404118537902832
2011-08-03,15.029999732971191,14.449999809265137,14.569999694824219,15.010000228881836,19250700.0,13.827893257141113
2011-08-04,14.869999885559082,14.15999984741211,14.789999961853027,14.180000305175781,24906300.0,13.063257217407227
2011-08-05,14.449999809265137,13.520000457763672,14.34000015258789,13.65999984741211,32893900.0,12.584209442138672
2011-08-08,13.4399995803833,12.319999694824219,13.09000015258789,12.40999984741211,48064600.0,11.432652473449707
2011-08-09,12.880000114440918,11.880000114440918,12.770000457763672,12.579999923706055,47920800.0,11.58926773071289
2011-08-10,12.460000038146973,11.6899995803833,12.239999771118164,12.050000190734863,58532300.0,11.154205322265625
2011-08-11,12.329999923706055,11.529999732971191,12.180000305175781,12.140000343322754,51131300.0,11.237515449523926
2011-08-12,12.460000038146973,11.609999656677246,12.170000076293945,12.289999961853027,38043700.0,11.376361846923828
2011-08-15,12.539999961853027,12.210000038146973,12.350000381469727,12.479999542236328,24616200.0,11.552237510681152
2011-08-16,12.539999961853027,12.239999771118164,12.3100004196167,12.460000038146973,17851300.0,11.533727645874023
2011-08-17,12.619999885559082,12.399999618530273,12.430000305175781,12.550000190734863,14303100.0,11.617036819458008
2011-08-18,12.180000305175781,11.699999809265137,12.180000305175781,11.800000190734863,26730600.0,10.922791481018066
2011-08-19,11.90999984741211,11.130000114440918,11.630000114440918,11.170000076293945,25127500.0,10.33962631225586
2011-08-22,11.529999732971191,11.25,11.40999984741211,11.279999732971191,17762700.0,10.441446304321289
2011-08-23,12.039999961853027,11.130000114440918,11.300000190734863,11.970000267028809,29717100.0,11.080154418945312
2011-08-24,12.279999732971191,11.859999656677246,11.960000038146973,12.15999984741211,15238000.0,11.256025314331055
2011-08-25,12.350000381469727,11.600000381469727,12.279999732971191,11.75,13481000.0,10.876507759094238
2011-08-26,12.220000267028809,11.569999694824219,11.670000076293945,12.010000228881836,14569700.0,11.117177963256836
2011-08-29,12.59000015258789,12.180000305175781,12.180000305175781,12.520000457763672,9555000.0,11.589266777038574
2011-08-30,12.510000228881836,12.180000305175781,12.359999656677246,12.359999656677246,13372900.0,11.441160202026367
2011-08-31,12.649999618530273,12.279999732971191,12.470000267028809,12.350000381469727,23588200.0,11.431903839111328
2011-09-01,12.449999809265137,12.029999732971191,12.420000076293945,12.039999961853027,19138400.0,11.14494800567627
2011-09-02,11.930000305175781,11.520000457763672,11.920000076293945,11.539999961853027,11871900.0,10.682120323181152
2011-09-06,11.40999984741211,11.109999656677246,11.319999694824219,11.329999923706055,15048600.0,10.4877290725708
2011-09-07,11.850000381469727,11.5,11.59000015258789,11.850000381469727,9200500.0,10.969071388244629
2011-09-08,11.829999923706055,11.5600004196167,11.670000076293945,11.619999885559082,11055000.0,10.756171226501465
2011-09-09,11.5600004196167,11.180000305175781,11.510000228881836,11.270000457763672,14210400.0,10.43218994140625
2011-09-12,11.470000267028809,11.069999694824219,11.109999656677246,11.460000038146973,12087600.0,10.608063697814941
2011-09-13,11.729999542236328,11.319999694824219,11.539999961853027,11.619999885559082,12279900.0,10.756171226501465
2011-09-14,12.069999694824219,11.40999984741211,11.670000076293945,11.890000343322754,13611800.0,11.006101608276367
2011-09-15,12.279999732971191,11.880000114440918,11.9399995803833,12.25,12407000.0,11.339336395263672
2011-09-16,12.460000038146973,12.140000343322754,12.380000114440918,12.34000015258789,18993600.0,11.422649383544922
2011-09-19,12.09000015258789,11.800000190734863,12.010000228881836,11.930000305175781,10442000.0,11.043126106262207
2011-09-20,12.079999923706055,11.789999961853027,11.9399995803833,11.869999885559082,9696200.0,10.987585067749023
2011-09-21,11.949999809265137,11.239999771118164,11.84000015258789,11.260000228881836,14580900.0,10.422930717468262
2011-09-22,11.210000038146973,10.829999923706055,10.90999984741211,11.029999732971191,18419200.0,10.210031509399414
2011-09-23,11.4399995803833,10.899999618530273,10.949999809265137,11.380000114440918,13995400.0,10.534011840820312
2011-09-26,11.630000114440918,11.09000015258789,11.09000015258789,11.609999656677246,16115200.0,10.74691390991211
2011-09-27,11.989999771118164,11.5,11.850000381469727,11.579999923706055,12516700.0,10.719147682189941
2011-09-28,11.699999809265137,11.300000190734863,11.609999656677246,11.329999923706055,14405600.0,10.4877290725708
2011-09-29,11.710000038146973,11.239999771118164,11.539999961853027,11.630000114440918,10874900.0,10.765426635742188
2011-09-30,11.5,11.170000076293945,11.420000076293945,11.270000457763672,15743600.0,10.43218994140625
2011-10-03,11.40999984741211,10.90999984741211,11.210000038146973,10.930000305175781,15693200.0,10.117466926574707
2011-10-04,11.489999771118164,10.5600004196167,10.770000457763672,11.369999885559082,22800000.0,10.52475643157959
2011-10-05,11.84000015258789,11.170000076293945,11.369999885559082,11.760000228881836,15430300.0,10.885763168334961
2011-10-06,12.050000190734863,11.479999542236328,11.680000305175781,12.039999961853027,10886100.0,11.14494800567627
2011-10-07,12.25,11.520000457763672,12.0600004196167,11.640000343322754,15726100.0,10.774686813354492
2011-10-10,12.270000457763672,11.869999885559082,11.9399995803833,12.270000457763672,10117000.0,11.3578519821167
2011-10-11,12.369999885559082,11.989999771118164,12.180000305175781,12.229999542236328,12476500.0,11.320823669433594
2011-10-12,12.729999542236328,12.289999961853027,12.4399995803833,12.579999923706055,17503700.0,11.644808769226074
2011-10-13,12.710000038146973,12.300000190734863,12.460000038146973,12.649999618530273,19392600.0,11.709598541259766
2011-10-14,12.989999771118164,12.390000343322754,12.899999618530273,12.75,15748800.0,11.802167892456055
2011-10-17,12.569999694824219,11.890000343322754,12.3100004196167,11.9399995803833,19970000.0,11.052382469177246
2011-10-18,12.279999732971191,11.65999984741211,11.960000038146973,12.1899995803833,25518000.0,11.283795356750488
2011-10-19,12.289999961853027,11.920000076293945,12.210000038146973,11.949999809265137,14719800.0,11.061640739440918
2011-10-20,12.0600004196167,11.699999809265137,11.989999771118164,12.0,10704800.0,11.10792350769043
2011-10-21,12.350000381469727,12.0600004196167,12.220000267028809,12.260000228881836,9204900.0,11.348594665527344
2011-10-24,12.779999732971191,12.3100004196167,12.3100004196167,12.770000457763672,12218000.0,11.82068157196045
2011-10-25,12.609999656677246,12.15999984741211,12.579999923706055,12.1899995803833,18178500.0,11.283795356750488
2011-10-26,12.479999542236328,11.699999809265137,12.40999984741211,12.180000305175781,20470000.0,11.274541854858398
2011-10-27,13.470000267028809,12.720000267028809,12.789999961853027,13.40999984741211,21772400.0,12.413102149963379
2011-10-28,13.380000114440918,12.800000190734863,13.279999732971191,12.859999656677246,17158900.0,11.903989791870117
2011-10-31,12.729999542236328,12.279999732971191,12.680000305175781,12.279999732971191,16473400.0,11.367107391357422
2011-11-01,12.039999961853027,11.699999809265137,11.75,11.75,23163600.0,10.876507759094238
2011-11-02,12.3100004196167,11.8100004196167,12.010000228881836,12.289999961853027,17584100.0,11.376361846923828
2011-11-03,12.970000267028809,11.9399995803833,12.359999656677246,12.899999618530273,21135300.0,11.94101619720459
2011-11-04,12.770000457763672,12.489999771118164,12.729999542236328,12.65999984741211,8392000.0,11.718859672546387
2011-11-07,12.789999961853027,12.4399995803833,12.6899995803833,12.720000267028809,7915600.0,11.774399757385254
2011-11-08,12.90999984741211,12.4399995803833,12.729999542236328,12.880000114440918,10091400.0,11.979008674621582
2011-11-09,12.369999885559082,11.90999984741211,12.289999961853027,11.949999809265137,19911300.0,11.114066123962402
2011-11-10,12.229999542236328,11.899999618530273,12.109999656677246,12.100000381469727,12300500.0,11.253570556640625
2011-11-11,12.430000305175781,12.220000267028809,12.279999732971191,12.359999656677246,7428200.0,11.495384216308594
2011-11-14,12.3100004196167,12.029999732971191,12.25,12.15999984741211,10743800.0,11.309372901916504
2011-11-15,12.15999984741211,11.84000015258789,12.0600004196167,12.039999961853027,10140600.0,11.19776725769043
2011-11-16,12.010000228881836,11.630000114440918,11.890000343322754,11.649999618530273,13587500.0,10.83504867553711
2011-11-17,11.710000038146973,11.34000015258789,11.649999618530273,11.390000343322754,15966300.0,10.59323787689209
2011-11-18,11.470000267028809,11.220000267028809,11.449999809265137,11.260000228881836,13240400.0,10.472329139709473
2011-11-21,11.09000015258789,10.84000015258789,11.050000190734863,10.960000038146973,18777400.0,10.193317413330078
2011-11-22,11.010000228881836,10.710000038146973,10.899999618530273,10.789999961853027,9916500.0,10.035209655761719
2011-11-23,11.029999732971191,10.670000076293945,10.710000038146973,10.75,14668900.0,9.998006820678711
2011-11-25,11.010000228881836,10.699999809265137,10.710000038146973,10.770000457763672,4222900.0,10.016609191894531
2011-11-28,11.359999656677246,10.970000267028809,11.010000228881836,11.300000190734863,14741900.0,10.509533882141113
2011-11-29,11.359999656677246,11.029999732971191,11.34000015258789,11.069999694824219,9683300.0,10.295623779296875
2011-11-30,11.979999542236328,11.40999984741211,11.569999694824219,11.960000038146973,15658500.0,11.12336540222168
2011-12-01,11.979999542236328,11.670000076293945,11.880000114440918,11.930000305175781,9597900.0,11.095463752746582
2011-12-02,12.149999618530273,11.609999656677246,12.0600004196167,11.670000076293945,17344900.0,10.853649139404297
2011-12-05,12.260000228881836,11.920000076293945,11.9399995803833,12.229999542236328,11663700.0,11.374476432800293
2011-12-06,12.289999961853027,12.09000015258789,12.199999809265137,12.220000267028809,8311500.0,11.365180015563965
2011-12-07,12.319999694824219,11.930000305175781,12.130000114440918,12.199999809265137,9726500.0,11.346575736999512
2011-12-08,12.170000076293945,11.630000114440918,11.979999542236328,11.680000305175781,13293600.0,10.862953186035156
2011-12-09,12.069999694824219,11.65999984741211,11.75,11.970000267028809,10242000.0,11.132667541503906
2011-12-12,11.789999961853027,11.569999694824219,11.789999961853027,11.720000267028809,10396900.0,10.900153160095215
2011-12-13,11.949999809265137,11.380000114440918,11.789999961853027,11.529999732971191,12646100.0,10.723442077636719
2011-12-14,11.199999809265137,10.829999923706055,11.0,10.970000267028809,25281500.0,10.202618598937988
2011-12-15,11.210000038146973,10.850000381469727,11.119999885559082,10.869999885559082,12479400.0,10.109614372253418
2011-12-16,11.010000228881836,10.720000267028809,10.930000305175781,10.850000381469727,12912300.0,10.09101390838623
2011-12-19,10.970000267028809,10.729999542236328,10.899999618530273,10.779999732971191,12914400.0,10.025909423828125
2011-12-20,11.470000267028809,10.890000343322754,10.930000305175781,11.329999923706055,12610600.0,10.537434577941895
2011-12-21,11.359999656677246,10.960000038146973,11.359999656677246,11.1899995803833,10003400.0,10.407227516174316
2011-12-22,11.5,11.1899995803833,11.199999809265137,11.4399995803833,11008800.0,10.639739036560059
2011-12-23,11.5600004196167,11.319999694824219,11.4399995803833,11.539999961853027,6104600.0,10.732748031616211
2011-12-27,11.640000343322754,11.470000267028809,11.550000190734863,11.520000457763672,5362300.0,10.714143753051758
2011-12-28,11.579999923706055,11.210000038146973,11.579999923706055,11.229999542236328,7388400.0,10.44443130493164
2011-12-29,11.420000076293945,11.229999542236328,11.279999732971191,11.300000190734863,10760300.0,10.509533882141113
2011-12-30,11.350000381469727,11.199999809265137,11.319999694824219,11.260000228881836,7054600.0,10.472329139709473
2012-01-03,11.850000381469727,11.5,11.510000228881836,11.710000038146973,10761500.0,10.890851974487305
2012-01-04,11.779999732971191,11.479999542236328,11.65999984741211,11.729999542236328,7935700.0,10.909456253051758
2012-01-05,12.079999923706055,11.430000305175781,11.630000114440918,11.920000076293945,12235400.0,11.086161613464355
2012-01-06,12.140000343322754,11.680000305175781,11.680000305175781,12.039999961853027,13944700.0,11.19776725769043
2012-01-09,12.15999984741211,11.949999809265137,12.029999732971191,12.119999885559082,11765500.0,11.27216911315918
2012-01-10,12.470000267028809,12.170000076293945,12.289999961853027,12.3100004196167,12100700.0,11.44887924194336
2012-01-11,12.5,12.109999656677246,12.3100004196167,12.460000038146973,10847100.0,11.58838939666748
2012-01-12,12.550000190734863,12.100000381469727,12.489999771118164,12.470000267028809,8354800.0,11.59769058227539
2012-01-13,12.25,11.949999809265137,12.1899995803833,12.15999984741211,14409200.0,11.309372901916504
2012-01-17,12.59000015258789,12.069999694824219,12.5600004196167,12.149999618530273,16721600.0,11.300071716308594
2012-01-18,12.199999809265137,11.90999984741211,12.109999656677246,12.020000457763672,18586600.0,11.179167747497559
2012-01-19,12.600000381469727,12.050000190734863,12.079999923706055,12.460000038146973,12484500.0,11.58838939666748
2012-01-20,12.829999923706055,12.399999618530273,12.470000267028809,12.8100004196167,15521700.0,11.91390609741211
2012-01-23,12.850000381469727,12.579999923706055,12.779999732971191,12.640000343322754,12990400.0,11.755796432495117
2012-01-24,12.59000015258789,12.3100004196167,12.430000305175781,12.479999542236328,8896700.0,11.606987953186035
2012-01-25,12.649999618530273,12.0600004196167,12.4399995803833,12.140000343322754,21550700.0,11.29077434539795
2012-01-26,12.0600004196167,11.520000457763672,11.850000381469727,11.609999656677246,26382400.0,10.79784870147705
2012-01-27,11.739999771118164,11.520000457763672,11.5600004196167,11.670000076293945,17142400.0,10.853649139404297
2012-01-30,11.720000267028809,11.34000015258789,11.550000190734863,11.640000343322754,17161800.0,10.825750350952148
2012-01-31,11.779999732971191,11.479999542236328,11.739999771118164,11.649999618530273,14017400.0,10.83504867553711
2012-02-01,11.989999771118164,11.680000305175781,11.6899995803833,11.90999984741211,19460900.0,11.076864242553711
2012-02-02,12.289999961853027,11.869999885559082,11.930000305175781,12.119999885559082,34059800.0,11.27216911315918
2012-02-03,12.899999618530273,12.399999618530273,12.40999984741211,12.8100004196167,21344400.0,11.91390609741211
2012-02-06,12.800000190734863,12.630000114440918,12.770000457763672,12.699999809265137,9392800.0,11.811601638793945
2012-02-07,12.5,12.239999771118164,12.470000267028809,12.34000015258789,27843700.0,11.476785659790039
2012-02-08,12.5600004196167,12.3100004196167,12.40999984741211,12.449999809265137,15021200.0,11.635663986206055
2012-02-09,12.529999732971191,12.3100004196167,12.470000267028809,12.359999656677246,10985100.0,11.551549911499023
2012-02-10,12.359999656677246,12.15999984741211,12.220000267028809,12.180000305175781,11768800.0,11.38332462310791
2012-02-13,12.369999885559082,12.25,12.300000190734863,12.319999694824219,6885200.0,11.514165878295898
2012-02-14,12.430000305175781,12.0600004196167,12.270000457763672,12.34000015258789,15126800.0,11.532858848571777
2012-02-15,12.4399995803833,12.15999984741211,12.380000114440918,12.369999885559082,17248400.0,11.560895919799805
2012-02-16,12.770000457763672,12.279999732971191,12.319999694824219,12.739999771118164,12599300.0,11.906692504882812
2012-02-17,12.899999618530273,12.680000305175781,12.8100004196167,12.869999885559082,10861600.0,12.028191566467285
2012-02-21,12.920000076293945,12.779999732971191,12.869999885559082,12.829999923706055,8987400.0,11.990811347961426
2012-02-22,12.850000381469727,12.720000267028809,12.84000015258789,12.770000457763672,8041400.0,11.934730529785156
2012-02-23,13.260000228881836,12.680000305175781,12.739999771118164,13.210000038146973,16033600.0,12.345952987670898
2012-02-24,13.550000190734863,13.170000076293945,13.229999542236328,13.520000457763672,26103100.0,12.635675430297852
2012-02-27,13.520000457763672,13.149999618530273,13.5,13.479999542236328,16369800.0,12.59829330444336
2012-02-28,13.789999961853027,13.369999885559082,13.5,13.739999771118164,20249300.0,12.841288566589355
2012-02-29,14.069999694824219,13.75,13.829999923706055,13.880000114440918,23655900.0,12.972129821777344
2012-03-01,14.0,13.829999923706055,13.960000038146973,13.90999984741211,12307300.0,13.000167846679688
2012-03-02,13.9399995803833,13.770000457763672,13.90999984741211,13.819999694824219,6070500.0,12.916050910949707
2012-03-05,13.850000381469727,13.630000114440918,13.789999961853027,13.829999923706055,7800000.0,12.925400733947754
2012-03-06,13.710000038146973,13.479999542236328,13.710000038146973,13.569999694824219,16094300.0,12.682405471801758
2012-03-07,14.020000457763672,13.579999923706055,13.579999923706055,13.800000190734863,10249500.0,12.897361755371094
2012-03-08,14.149999618530273,13.670000076293945,14.0,13.920000076293945,8134300.0,13.009515762329102
2012-03-09,14.140000343322754,13.829999923706055,13.9399995803833,14.130000114440918,8766700.0,13.205777168273926
2012-03-12,14.239999771118164,14.050000190734863,14.149999618530273,14.100000381469727,7490200.0,13.177739143371582
2012-03-13,14.579999923706055,14.109999656677246,14.15999984741211,14.569999694824219,11718400.0,13.616997718811035
2012-03-14,14.6899995803833,14.279999732971191,14.579999923706055,14.640000343322754,11276000.0,13.682421684265137
2012-03-15,15.399999618530273,14.630000114440918,14.670000076293945,15.300000190734863,23167800.0,14.299249649047852
2012-03-16,15.470000267028809,15.119999885559082,15.369999885559082,15.319999694824219,16027300.0,14.317939758300781
2012-03-19,15.529999732971191,15.239999771118164,15.5,15.3100004196167,15155800.0,14.308595657348633
2012-03-20,15.479999542236328,15.119999885559082,15.239999771118164,15.380000114440918,18438800.0,14.374014854431152
2012-03-21,15.460000038146973,15.260000228881836,15.420000076293945,15.260000228881836,15149100.0,14.261868476867676
2012-03-22,15.229999542236328,14.6899995803833,15.229999542236328,14.880000114440918,18577100.0,13.906721115112305
2012-03-23,15.0600004196167,14.760000228881836,14.9399995803833,15.020000457763672,13041600.0,14.03756332397461
2012-03-26,15.239999771118164,15.050000190734863,15.199999809265137,15.229999542236328,10954700.0,14.233829498291016
2012-03-27,15.279999732971191,14.829999923706055,15.229999542236328,14.920000076293945,15653800.0,13.94410228729248
2012-03-28,14.979999542236328,14.300000190734863,14.90999984741211,14.479999542236328,32546600.0,13.53288459777832
2012-03-29,14.4399995803833,14.170000076293945,14.420000076293945,14.270000457763672,24678500.0,13.33662223815918
2012-03-30,14.520000457763672,14.220000267028809,14.399999618530273,14.369999885559082,21267800.0,13.430076599121094
2012-04-02,14.609999656677246,14.279999732971191,14.380000114440918,14.550000190734863,18693800.0,13.598305702209473
2012-04-03,14.800000190734863,14.350000381469727,14.479999542236328,14.760000228881836,25482800.0,13.794570922851562
2012-04-04,14.649999618530273,14.420000076293945,14.600000381469727,14.470000267028809,18395800.0,13.523539543151855
2012-04-05,14.5,14.220000267028809,14.350000381469727,14.25,16685200.0,13.317926406860352
2012-04-09,14.15999984741211,13.729999542236328,14.0600004196167,14.079999923706055,10998200.0,13.159046173095703
2012-04-10,14.119999885559082,13.739999771118164,14.029999732971191,13.75,14422000.0,12.850631713867188
2012-04-11,14.010000228881836,13.84000015258789,13.930000305175781,13.880000114440918,10815900.0,12.972129821777344
2012-04-12,14.289999961853027,13.789999961853027,13.920000076293945,14.239999771118164,10942200.0,13.308581352233887
2012-04-13,14.220000267028809,13.869999885559082,14.210000038146973,13.869999885559082,16044600.0,12.962786674499512
2012-04-16,14.300000190734863,13.520000457763672,14.0,13.75,19331900.0,12.850631713867188
2012-04-17,14.140000343322754,13.779999732971191,13.789999961853027,13.989999771118164,13530900.0,13.074932098388672
2012-04-18,14.09000015258789,13.880000114440918,13.880000114440918,14.010000228881836,10122700.0,13.0936279296875
2012-04-19,14.140000343322754,13.8100004196167,14.029999732971191,13.979999542236328,15173200.0,13.06558609008789
2012-04-20,14.15999984741211,13.9399995803833,14.020000457763672,14.020000457763672,14122100.0,13.102972030639648
2012-04-23,13.859999656677246,13.65999984741211,13.800000190734863,13.819999694824219,15320600.0,12.916050910949707
2012-04-24,13.869999885559082,13.529999732971191,13.640000343322754,13.850000381469727,13296400.0,12.944091796875
2012-04-25,14.149999618530273,13.789999961853027,13.920000076293945,14.09000015258789,15684800.0,13.168394088745117
2012-04-26,14.399999618530273,14.010000228881836,14.0600004196167,14.34000015258789,10498600.0,13.402040481567383
2012-04-27,14.5,14.149999618530273,14.359999656677246,14.3100004196167,8484200.0,13.374005317687988
2012-04-30,14.319999694824219,14.0600004196167,14.300000190734863,14.279999732971191,10143100.0,13.345967292785645
2012-05-01,14.380000114440918,14.119999885559082,14.279999732971191,14.140000343322754,10607700.0,13.215124130249023
2012-05-02,14.119999885559082,13.6899995803833,14.119999885559082,13.720000267028809,16295200.0,12.82259464263916
2012-05-03,13.829999923706055,13.569999694824219,13.710000038146973,13.699999809265137,10791300.0,12.803899765014648
2012-05-04,13.670000076293945,13.489999771118164,13.670000076293945,13.529999732971191,9668000.0,12.645021438598633
2012-05-07,13.75,13.470000267028809,13.609999656677246,13.520000457763672,5583300.0,12.635675430297852
2012-05-08,13.460000038146973,13.09000015258789,13.449999809265137,13.350000381469727,11888500.0,12.476798057556152
2012-05-09,13.289999961853027,12.989999771118164,13.069999694824219,13.149999618530273,10656000.0,12.345362663269043
2012-05-10,13.319999694824219,13.010000228881836,13.239999771118164,13.039999961853027,7794000.0,12.242094039916992
2012-05-11,13.300000190734863,12.84000015258789,12.970000267028809,13.109999656677246,8148600.0,12.307811737060547
2012-05-14,13.069999694824219,12.84000015258789,13.069999694824219,12.90999984741211,7994200.0,12.120046615600586
2012-05-15,12.970000267028809,12.770000457763672,12.84000015258789,12.869999885559082,9938600.0,12.08249568939209
2012-05-16,13.0600004196167,12.729999542236328,12.920000076293945,12.75,10602600.0,11.969839096069336
2012-05-17,12.770000457763672,12.569999694824219,12.739999771118164,12.569999694824219,15883000.0,11.800849914550781
2012-05-18,12.649999618530273,12.279999732971191,12.630000114440918,12.329999923706055,13716000.0,11.57553768157959
2012-05-21,12.65999984741211,12.329999923706055,12.359999656677246,12.65999984741211,8152000.0,11.885347366333008
2012-05-22,12.949999809265137,12.40999984741211,12.40999984741211,12.729999542236328,13940600.0,11.951058387756348
2012-05-23,12.65999984741211,12.380000114440918,12.550000190734863,12.609999656677246,14662800.0,11.83840560913086
2012-05-24,12.75,12.479999542236328,12.6899995803833,12.630000114440918,10920200.0,11.857182502746582
2012-05-25,12.8100004196167,12.609999656677246,12.649999618530273,12.800000190734863,7162800.0,12.016778945922852
2012-05-29,13.010000228881836,12.800000190734863,12.869999885559082,13.0,6325500.0,12.204541206359863
2012-05-30,12.920000076293945,12.520000457763672,12.90999984741211,12.520000457763672,11462300.0,11.753911972045898
2012-05-31,12.600000381469727,12.119999885559082,12.489999771118164,12.460000038146973,18086600.0,11.697583198547363
2012-06-01,12.220000267028809,12.020000457763672,12.130000114440918,12.100000381469727,20294200.0,11.359612464904785
2012-06-04,12.1899995803833,11.640000343322754,11.949999809265137,11.829999923706055,16086100.0,11.106132507324219
2012-06-05,12.180000305175781,11.720000267028809,11.720000267028809,12.140000343322754,9635100.0,11.397163391113281
2012-06-06,12.520000457763672,12.199999809265137,12.210000038146973,12.420000076293945,10710300.0,11.66003131866455
2012-06-07,12.59000015258789,12.25,12.489999771118164,12.25,11849900.0,11.500433921813965
2012-06-08,12.3100004196167,12.020000457763672,12.25,12.300000190734863,9748100.0,11.547374725341797
2012-06-11,12.529999732971191,12.130000114440918,12.420000076293945,12.140000343322754,8290200.0,11.397163391113281
2012-06-12,12.270000457763672,12.029999732971191,12.15999984741211,12.239999771118164,9422400.0,11.491044998168945
2012-06-13,12.300000190734863,12.079999923706055,12.199999809265137,12.140000343322754,8997200.0,11.397163391113281
2012-06-14,12.40999984741211,12.119999885559082,12.119999885559082,12.359999656677246,8017900.0,11.603699684143066
2012-06-15,12.699999809265137,12.350000381469727,12.420000076293945,12.670000076293945,11136600.0,11.894733428955078
2012-06-18,12.649999618530273,12.479999542236328,12.569999694824219,12.579999923706055,7090100.0,11.810240745544434
2012-06-19,12.819999694824219,12.5600004196167,12.59000015258789,12.699999809265137,7602400.0,11.922896385192871
2012-06-20,12.859999656677246,12.5600004196167,12.720000267028809,12.729999542236328,7998600.0,11.951058387756348
2012-06-21,12.8100004196167,12.239999771118164,12.739999771118164,12.25,9274000.0,11.500433921813965
2012-06-22,12.4399995803833,12.289999961853027,12.399999618530273,12.369999885559082,18892400.0,11.613088607788086
2012-06-25,12.289999961853027,11.970000267028809,12.279999732971191,12.069999694824219,7631600.0,11.331448554992676
2012-06-26,12.300000190734863,12.039999961853027,12.100000381469727,12.210000038146973,7704800.0,11.462878227233887
2012-06-27,12.4399995803833,12.210000038146973,12.25,12.399999618530273,7565900.0,11.641253471374512
2012-06-28,12.5600004196167,12.25,12.350000381469727,12.539999961853027,7927700.0,11.772688865661621
2012-06-29,13.0,12.770000457763672,12.890000343322754,12.930000305175781,10824400.0,12.138822555541992
2012-07-02,12.989999771118164,12.739999771118164,12.949999809265137,12.930000305175781,6083000.0,12.138822555541992
2012-07-03,13.0600004196167,12.84000015258789,12.890000343322754,13.029999732971191,2817000.0,12.232705116271973
2012-07-05,12.979999542236328,12.779999732971191,12.970000267028809,12.819999694824219,5493800.0,12.035553932189941
2012-07-06,12.760000228881836,12.5600004196167,12.670000076293945,12.640000343322754,5298100.0,11.866568565368652
2012-07-09,12.59000015258789,12.390000343322754,12.550000190734863,12.5,5631100.0,11.735135078430176
2012-07-10,12.680000305175781,12.350000381469727,12.529999732971191,12.40999984741211,5769400.0,11.650641441345215
2012-07-11,12.619999885559082,12.380000114440918,12.399999618530273,12.569999694824219,6997900.0,11.800849914550781
2012-07-12,12.510000228881836,12.270000457763672,12.5,12.390000343322754,6670800.0,11.631867408752441
2012-07-13,12.6899995803833,12.390000343322754,12.40999984741211,12.6899995803833,5512600.0,11.913507461547852
2012-07-16,12.779999732971191,12.430000305175781,12.430000305175781,12.670000076293945,7172100.0,11.894733428955078
2012-07-17,13.130000114440918,12.510000228881836,12.829999923706055,13.010000228881836,14158000.0,12.213929176330566
2012-07-18,13.100000381469727,12.880000114440918,12.989999771118164,13.0,8231100.0,12.204541206359863
2012-07-19,13.09000015258789,12.880000114440918,13.039999961853027,12.930000305175781,9934800.0,12.138822555541992
2012-07-20,12.880000114440918,12.470000267028809,12.819999694824219,12.489999771118164,7748500.0,11.72574520111084
2012-07-23,12.289999961853027,12.029999732971191,12.279999732971191,12.220000267028809,12338700.0,11.472269058227539
2012-07-24,12.260000228881836,11.949999809265137,12.220000267028809,12.140000343322754,12377200.0,11.397163391113281
2012-07-25,12.5,12.140000343322754,12.15999984741211,12.319999694824219,10366600.0,11.566147804260254
2012-07-26,12.680000305175781,12.420000076293945,12.539999961853027,12.619999885559082,7569800.0,11.847795486450195
2012-07-27,12.979999542236328,12.609999656677246,12.729999542236328,12.920000076293945,10053500.0,12.129435539245605
2012-07-30,12.960000038146973,12.739999771118164,12.90999984741211,12.779999732971191,6187100.0,11.998002052307129
2012-07-31,12.760000228881836,12.489999771118164,12.75,12.630000114440918,7813300.0,11.857182502746582
2012-08-01,12.699999809265137,12.319999694824219,12.640000343322754,12.449999809265137,12079900.0,11.688194274902344
2012-08-02,12.510000228881836,11.989999771118164,12.34000015258789,12.220000267028809,9950100.0,11.472269058227539
2012-08-03,12.850000381469727,12.359999656677246,12.4399995803833,12.800000190734863,7132800.0,12.016778945922852
2012-08-06,13.09000015258789,12.869999885559082,12.90999984741211,12.880000114440918,6233200.0,12.091882705688477
2012-08-07,13.329999923706055,12.890000343322754,12.90999984741211,13.199999809265137,8509300.0,12.392301559448242
2012-08-08,13.15999984741211,12.9399995803833,13.15999984741211,13.020000457763672,4148600.0,12.279131889343262
2012-08-09,13.180000305175781,12.949999809265137,12.979999542236328,13.010000228881836,5281900.0,12.26970100402832
2012-08-10,13.039999961853027,12.779999732971191,12.979999542236328,12.880000114440918,4486400.0,12.147095680236816
2012-08-13,12.930000305175781,12.789999961853027,12.829999923706055,12.899999618530273,3954300.0,12.165959358215332
2012-08-14,13.119999885559082,12.800000190734863,12.920000076293945,12.850000381469727,6965200.0,12.118804931640625
2012-08-15,13.0600004196167,12.789999961853027,12.859999656677246,13.050000190734863,4764000.0,12.307424545288086
2012-08-16,13.359999656677246,13.020000457763672,13.069999694824219,13.3100004196167,7913200.0,12.552630424499512
2012-08-17,13.3100004196167,13.180000305175781,13.210000038146973,13.199999809265137,6028100.0,12.44888687133789
2012-08-20,13.239999771118164,12.989999771118164,13.15999984741211,13.140000343322754,7791100.0,12.392301559448242
2012-08-21,13.479999542236328,13.130000114440918,13.15999984741211,13.199999809265137,7006100.0,12.44888687133789
2012-08-22,13.25,13.020000457763672,13.109999656677246,13.119999885559082,6815400.0,12.373440742492676
2012-08-23,13.300000190734863,12.920000076293945,13.1899995803833,13.0,8938500.0,12.260270118713379
2012-08-24,13.329999923706055,12.90999984741211,12.979999542236328,13.270000457763672,8681600.0,12.514906883239746
2012-08-27,13.319999694824219,13.079999923706055,13.279999732971191,13.100000381469727,4303900.0,12.354578018188477
2012-08-28,13.220000267028809,13.010000228881836,13.039999961853027,13.140000343322754,4878700.0,12.392301559448242
2012-08-29,13.399999618530273,13.170000076293945,13.1899995803833,13.390000343322754,6737600.0,12.628076553344727
2012-08-30,13.489999771118164,13.199999809265137,13.270000457763672,13.420000076293945,9157100.0,12.656368255615234
2012-08-31,13.609999656677246,13.329999923706055,13.510000228881836,13.489999771118164,10509800.0,12.72238540649414
2012-09-04,13.550000190734863,13.229999542236328,13.479999542236328,13.329999923706055,8281200.0,12.571490287780762
2012-09-05,13.489999771118164,13.3100004196167,13.369999885559082,13.34000015258789,4817900.0,12.58092212677002
2012-09-06,13.960000038146973,13.40999984741211,13.420000076293945,13.960000038146973,11950400.0,13.165644645690918
2012-09-07,14.0600004196167,13.930000305175781,13.970000267028809,14.029999732971191,9225000.0,13.231657981872559
2012-09-10,14.149999618530273,13.880000114440918,14.039999961853027,13.920000076293945,6272800.0,13.12791919708252
2012-09-11,14.079999923706055,13.869999885559082,13.9399995803833,13.920000076293945,7182200.0,13.12791919708252
2012-09-12,14.1899995803833,13.949999809265137,13.970000267028809,14.010000228881836,10401800.0,13.212797164916992
2012-09-13,14.430000305175781,13.8100004196167,14.029999732971191,14.3100004196167,14254800.0,13.4957275390625
2012-09-14,14.619999885559082,14.3100004196167,14.359999656677246,14.430000305175781,10079700.0,13.608898162841797
2012-09-17,14.430000305175781,14.119999885559082,14.380000114440918,14.1899995803833,8473100.0,13.382556915283203
2012-09-18,14.1899995803833,13.880000114440918,14.170000076293945,13.9399995803833,10339800.0,13.146780967712402
2012-09-19,13.890000343322754,13.479999542236328,13.739999771118164,13.649999618530273,17919900.0,12.873282432556152
2012-09-20,13.670000076293945,13.279999732971191,13.550000190734863,13.4399995803833,16345700.0,12.67523193359375
2012-09-21,13.670000076293945,13.300000190734863,13.449999809265137,13.579999923706055,22274700.0,12.807266235351562
2012-09-24,13.539999961853027,13.34000015258789,13.529999732971191,13.430000305175781,8476100.0,12.665801048278809
2012-09-25,13.520000457763672,12.850000381469727,13.479999542236328,12.890000343322754,19087800.0,12.156527519226074
2012-09-26,12.989999771118164,12.649999618530273,12.920000076293945,12.899999618530273,13129100.0,12.165959358215332
2012-09-27,13.0600004196167,12.770000457763672,13.020000457763672,12.880000114440918,11217200.0,12.147095680236816
2012-09-28,12.880000114440918,12.640000343322754,12.850000381469727,12.789999961853027,13868700.0,12.06221866607666
2012-10-01,13.039999961853027,12.789999961853027,12.890000343322754,12.880000114440918,11473100.0,12.147095680236816
2012-10-02,13.0,12.779999732971191,12.90999984741211,12.899999618530273,9379800.0,12.165959358215332
2012-10-03,12.930000305175781,12.65999984741211,12.899999618530273,12.760000228881836,13881100.0,12.03392505645752
2012-10-04,13.09000015258789,12.800000190734863,12.819999694824219,13.09000015258789,8074900.0,12.345148086547852
2012-10-05,13.399999618530273,13.149999618530273,13.180000305175781,13.25,12795000.0,12.49604320526123
2012-10-08,13.279999732971191,13.079999923706055,13.15999984741211,13.149999618530273,7818400.0,12.4017333984375
2012-10-09,13.170000076293945,12.859999656677246,13.170000076293945,12.930000305175781,8596300.0,12.19425106048584
2012-10-10,13.069999694824219,12.819999694824219,12.960000038146973,12.970000267028809,8353500.0,12.231974601745605
2012-10-11,13.239999771118164,13.039999961853027,13.100000381469727,13.170000076293945,7038400.0,12.420598030090332
2012-10-12,13.180000305175781,12.869999885559082,13.119999885559082,12.949999809265137,12807100.0,12.213113784790039
2012-10-15,13.0600004196167,12.619999885559082,12.989999771118164,13.029999732971191,11596200.0,12.288561820983887
2012-10-16,13.34000015258789,12.970000267028809,13.039999961853027,13.319999694824219,10597900.0,12.562060356140137
2012-10-17,13.630000114440918,13.279999732971191,13.329999923706055,13.619999885559082,8758700.0,12.844987869262695
2012-10-18,13.760000228881836,13.5,13.619999885559082,13.640000343322754,10833400.0,12.863849639892578
2012-10-19,13.65999984741211,13.199999809265137,13.609999656677246,13.319999694824219,12565600.0,12.562060356140137
2012-10-22,13.40999984741211,13.180000305175781,13.3100004196167,13.350000381469727,6827300.0,12.590353965759277
2012-10-23,13.289999961853027,13.029999732971191,13.199999809265137,13.220000267028809,8441400.0,12.467751502990723
2012-10-24,13.4399995803833,13.220000267028809,13.270000457763672,13.319999694824219,10363400.0,12.562060356140137
2012-10-25,13.529999732971191,13.350000381469727,13.40999984741211,13.510000228881836,9794200.0,12.741249084472656
2012-10-26,13.520000457763672,13.25,13.369999885559082,13.470000267028809,10133200.0,12.70352554321289
2012-10-31,13.600000381469727,13.369999885559082,13.489999771118164,13.579999923706055,12965100.0,12.807266235351562
2012-11-01,13.649999618530273,13.5,13.579999923706055,13.640000343322754,9765600.0,12.863849639892578
2012-11-02,13.8100004196167,13.649999618530273,13.770000457763672,13.739999771118164,13064100.0,12.958160400390625
2012-11-05,14.0,13.640000343322754,13.720000267028809,13.890000343322754,14230100.0,13.099624633789062
2012-11-06,13.989999771118164,13.850000381469727,13.920000076293945,13.890000343322754,7789000.0,13.099624633789062
2012-11-07,13.710000038146973,13.109999656677246,13.6899995803833,13.319999694824219,23243400.0,12.616559982299805
2012-11-08,13.430000305175781,13.1899995803833,13.300000190734863,13.199999809265137,16768000.0,12.502896308898926
2012-11-09,13.329999923706055,13.039999961853027,13.170000076293945,13.0600004196167,10920800.0,12.370292663574219
2012-11-12,13.109999656677246,12.880000114440918,13.069999694824219,12.949999809265137,12690600.0,12.266097068786621
2012-11-13,13.0,12.680000305175781,12.899999618530273,12.680000305175781,14582500.0,12.010356903076172
2012-11-14,12.890000343322754,12.470000267028809,12.729999542236328,12.5,15862600.0,11.839866638183594
2012-11-15,12.779999732971191,12.470000267028809,12.539999961853027,12.729999542236328,16890400.0,12.057716369628906
2012-11-16,12.800000190734863,12.539999961853027,12.699999809265137,12.779999732971191,12144900.0,12.105076789855957
2012-11-19,12.979999542236328,12.739999771118164,12.930000305175781,12.890000343322754,8934200.0,12.209268569946289
2012-11-20,12.979999542236328,12.760000228881836,12.859999656677246,12.970000267028809,6944300.0,12.285039901733398
2012-11-21,13.0600004196167,12.819999694824219,12.979999542236328,13.0600004196167,4202400.0,12.370292663574219
2012-11-23,13.239999771118164,13.069999694824219,13.069999694824219,13.229999542236328,2162000.0,12.53131103515625
2012-11-26,13.229999542236328,13.069999694824219,13.130000114440918,13.149999618530273,8217300.0,12.455537796020508
2012-11-27,13.15999984741211,12.960000038146973,13.15999984741211,13.029999732971191,12364200.0,12.341874122619629
2012-11-28,13.180000305175781,12.920000076293945,12.970000267028809,13.140000343322754,12238200.0,12.446064949035645
2012-11-29,13.270000457763672,13.029999732971191,13.15999984741211,13.09000015258789,8294700.0,12.39870548248291
2012-11-30,13.170000076293945,13.029999732971191,13.09000015258789,13.100000381469727,7429800.0,12.40817642211914
2012-12-03,13.229999542236328,12.960000038146973,13.119999885559082,12.989999771118164,9524100.0,12.30398941040039
2012-12-04,13.069999694824219,12.819999694824219,13.0,12.880000114440918,9360700.0,12.199796676635742
2012-12-05,13.050000190734863,12.869999885559082,12.920000076293945,12.930000305175781,11681100.0,12.24715518951416
2012-12-06,13.069999694824219,12.880000114440918,13.0,13.0600004196167,5773300.0,12.370292663574219
2012-12-07,13.420000076293945,13.079999923706055,13.100000381469727,13.420000076293945,7642400.0,12.711278915405273
2012-12-10,13.460000038146973,13.140000343322754,13.369999885559082,13.369999885559082,7528000.0,12.663919448852539
2012-12-11,13.710000038146973,13.4399995803833,13.449999809265137,13.670000076293945,9028200.0,12.948077201843262
2012-12-12,13.829999923706055,13.619999885559082,13.710000038146973,13.670000076293945,10462900.0,12.948077201843262
2012-12-13,13.819999694824219,13.630000114440918,13.680000305175781,13.75,8083100.0,13.02385139465332
2012-12-14,13.739999771118164,13.430000305175781,13.579999923706055,13.699999809265137,10440000.0,12.976489067077637
2012-12-17,13.890000343322754,13.649999618530273,13.760000228881836,13.869999885559082,8355000.0,13.137513160705566
2012-12-18,14.229999542236328,13.779999732971191,13.880000114440918,14.210000038146973,8818300.0,13.459558486938477
2012-12-19,14.65999984741211,14.199999809265137,14.260000228881836,14.470000267028809,20338700.0,13.705828666687012
2012-12-20,14.5600004196167,14.270000457763672,14.510000228881836,14.460000038146973,9179900.0,13.696354866027832
2012-12-21,14.420000076293945,14.199999809265137,14.329999923706055,14.319999694824219,12546300.0,13.563750267028809
2012-12-24,14.359999656677246,14.210000038146973,14.300000190734863,14.329999923706055,1699800.0,13.573219299316406
2012-12-26,14.399999618530273,14.229999542236328,14.350000381469727,14.260000228881836,3421800.0,13.506916046142578
2012-12-27,14.329999923706055,14.0,14.260000228881836,14.210000038146973,6928700.0,13.459558486938477
2012-12-28,14.25,14.079999923706055,14.119999885559082,14.140000343322754,5923700.0,13.393255233764648
2012-12-31,14.369999885559082,14.079999923706055,14.119999885559082,14.359999656677246,8220900.0,13.601637840270996
2013-01-02,15.079999923706055,14.619999885559082,14.670000076293945,15.079999923706055,15607600.0,14.283612251281738
2013-01-03,15.199999809265137,14.859999656677246,15.050000190734863,15.0600004196167,14175900.0,14.264667510986328
2013-01-04,15.569999694824219,15.050000190734863,15.069999694824219,15.460000038146973,16143400.0,14.643542289733887
2013-01-07,15.40999984741211,15.069999694824219,15.40999984741211,15.270000457763672,10327300.0,14.463580131530762
2013-01-08,15.34000015258789,15.069999694824219,15.260000228881836,15.220000267028809,9954300.0,14.416215896606445
2013-01-09,15.3100004196167,15.0,15.279999732971191,15.130000114440918,7591200.0,14.330973625183105
2013-01-10,15.369999885559082,15.140000343322754,15.25,15.329999923706055,7617400.0,14.52040958404541
2013-01-11,15.420000076293945,15.239999771118164,15.289999961853027,15.390000343322754,6940000.0,14.577241897583008
2013-01-14,15.40999984741211,15.25,15.390000343322754,15.270000457763672,8394700.0,14.463580131530762
2013-01-15,15.300000190734863,15.109999656677246,15.170000076293945,15.289999961853027,9215900.0,14.482521057128906
2013-01-16,15.25,14.979999542236328,15.15999984741211,15.050000190734863,11803900.0,14.255197525024414
2013-01-17,15.300000190734863,15.09000015258789,15.170000076293945,15.25,11575600.0,14.444633483886719
2013-01-18,15.470000267028809,15.210000038146973,15.25,15.449999809265137,7547100.0,14.634073257446289
2013-01-22,15.739999771118164,15.369999885559082,15.4399995803833,15.710000038146973,8550400.0,14.880342483520508
2013-01-23,15.800000190734863,15.520000457763672,15.739999771118164,15.640000343322754,8078600.0,14.814041137695312
2013-01-24,15.869999885559082,15.65999984741211,15.670000076293945,15.8100004196167,7063700.0,14.975061416625977
2013-01-25,16.049999237060547,15.8100004196167,15.84000015258789,16.049999237060547,8503400.0,15.202384948730469
2013-01-28,16.200000762939453,15.930000305175781,16.06999969482422,16.100000381469727,9171100.0,15.249746322631836
2013-01-29,16.639999389648438,16.010000228881836,16.059999465942383,16.469999313354492,19967900.0,15.600202560424805
2013-01-30,16.6200008392334,16.3700008392334,16.450000762939453,16.510000228881836,11533500.0,15.638093948364258
2013-01-31,16.65999984741211,16.309999465942383,16.489999771118164,16.530000686645508,10907700.0,15.657039642333984
2013-02-01,16.940000534057617,16.59000015258789,16.6299991607666,16.75,12996600.0,15.8654203414917
2013-02-04,16.56999969482422,16.360000610351562,16.56999969482422,16.389999389648438,11414400.0,15.524428367614746
2013-02-05,16.770000457763672,16.469999313354492,16.520000457763672,16.649999618530273,8622100.0,15.770700454711914
2013-02-06,16.809999465942383,16.450000762939453,16.489999771118164,16.790000915527344,11953700.0,15.960823059082031
2013-02-07,17.40999984741211,16.489999771118164,16.760000228881836,17.110000610351562,33838000.0,16.265018463134766
2013-02-08,17.229999542236328,16.809999465942383,17.18000030517578,16.889999389648438,15136100.0,16.055877685546875
2013-02-11,16.8799991607666,16.479999542236328,16.5,16.729999542236328,10541400.0,15.903780937194824
2013-02-12,16.940000534057617,16.719999313354492,16.719999313354492,16.860000610351562,6751600.0,16.02736473083496
2013-02-13,17.06999969482422,16.81999969482422,16.93000030517578,16.920000076293945,6022000.0,16.08440399169922
2013-02-14,16.959999084472656,16.739999771118164,16.850000381469727,16.920000076293945,6410400.0,16.08440399169922
2013-02-15,16.969999313354492,16.780000686645508,16.959999084472656,16.899999618530273,8270100.0,16.06538963317871
2013-02-19,17.100000381469727,16.889999389648438,16.940000534057617,17.100000381469727,7983500.0,16.255508422851562
2013-02-20,17.059999465942383,16.690000534057617,17.059999465942383,16.690000534057617,6451700.0,15.865761756896973
2013-02-21,16.68000030517578,16.290000915527344,16.670000076293945,16.3700008392334,9662600.0,15.561564445495605
2013-02-22,16.739999771118164,16.450000762939453,16.469999313354492,16.729999542236328,6038200.0,15.903780937194824
2013-02-25,16.920000076293945,16.290000915527344,16.84000015258789,16.31999969482422,13134100.0,15.51403522491455
2013-02-26,16.479999542236328,15.960000038146973,16.239999771118164,16.209999084472656,14907800.0,15.409463882446289
2013-02-27,16.479999542236328,16.149999618530273,16.219999313354492,16.40999984741211,9841700.0,15.599590301513672
2013-02-28,16.459999084472656,16.239999771118164,16.43000030517578,16.239999771118164,11225400.0,15.437981605529785
2013-03-01,16.459999084472656,16.0,16.219999313354492,16.399999618530273,8912900.0,15.590083122253418
2013-03-04,16.829999923706055,16.530000686645508,16.649999618530273,16.780000686645508,11573500.0,15.951312065124512
2013-03-05,17.100000381469727,16.81999969482422,16.81999969482422,16.979999542236328,7311700.0,16.141433715820312
2013-03-06,17.639999389648438,17.059999465942383,17.100000381469727,17.350000381469727,13776300.0,16.4931640625
2013-03-07,17.75,17.280000686645508,17.34000015258789,17.579999923706055,10576500.0,16.711809158325195
2013-03-08,17.940000534057617,17.639999389648438,17.709999084472656,17.65999984741211,9308000.0,16.78785514831543
2013-03-11,17.809999465942383,17.600000381469727,17.670000076293945,17.709999084472656,8878400.0,16.835384368896484
2013-03-12,17.75,17.56999969482422,17.670000076293945,17.739999771118164,9640900.0,16.863906860351562
2013-03-13,18.110000610351562,17.700000762939453,17.75,18.110000610351562,9325500.0,17.215635299682617
2013-03-14,18.34000015258789,17.780000686645508,18.0,17.979999542236328,14601800.0,17.09205436706543
2013-03-15,17.899999618530273,17.670000076293945,17.690000534057617,17.860000610351562,15854300.0,16.977981567382812
2013-03-18,17.790000915527344,17.56999969482422,17.600000381469727,17.65999984741211,7213400.0,16.78785514831543
2013-03-19,17.860000610351562,17.31999969482422,17.690000534057617,17.549999237060547,8733500.0,16.683290481567383
2013-03-20,17.81999969482422,17.6299991607666,17.649999618530273,17.75,6472800.0,16.8734073638916
2013-03-21,17.780000686645508,17.420000076293945,17.649999618530273,17.459999084472656,8813100.0,16.59773063659668
2013-03-22,17.600000381469727,17.469999313354492,17.510000228881836,17.540000915527344,4462400.0,16.673784255981445
2013-03-25,17.68000030517578,17.450000762939453,17.56999969482422,17.520000457763672,6745100.0,16.65477180480957
2013-03-26,17.690000534057617,17.489999771118164,17.56999969482422,17.6299991607666,5944200.0,16.75934410095215
2013-03-27,17.549999237060547,17.1299991607666,17.520000457763672,17.5,9129900.0,16.635761260986328
2013-03-28,17.75,17.479999542236328,17.549999237060547,17.690000534057617,7335600.0,16.81637191772461
2013-04-01,17.889999389648438,17.31999969482422,17.770000457763672,17.3799991607666,9808200.0,16.521684646606445
2013-04-02,17.3799991607666,17.100000381469727,17.149999618530273,17.309999465942383,7923000.0,16.45514488220215
2013-04-03,17.389999389648438,16.649999618530273,17.329999923706055,16.75,12077700.0,15.922800064086914
2013-04-04,16.799999237060547,16.510000228881836,16.760000228881836,16.719999313354492,11525900.0,15.894278526306152
2013-04-05,16.610000610351562,16.149999618530273,16.489999771118164,16.549999237060547,10431500.0,15.732670783996582
2013-04-08,16.81999969482422,16.510000228881836,16.56999969482422,16.81999969482422,6412500.0,15.989337921142578
2013-04-09,17.030000686645508,16.81999969482422,16.899999618530273,16.969999313354492,5623800.0,16.13193130493164
2013-04-10,17.530000686645508,17.040000915527344,17.049999237060547,17.389999389648438,8962300.0,16.53119468688965
2013-04-11,17.690000534057617,17.3700008392334,17.40999984741211,17.540000915527344,8366400.0,16.673784255981445
2013-04-12,17.520000457763672,17.1299991607666,17.510000228881836,17.280000686645508,8221400.0,16.42662239074707
2013-04-15,17.299999237060547,16.59000015258789,17.1200008392334,16.6200008392334,10534200.0,15.79921817779541
2013-04-16,16.959999084472656,16.56999969482422,16.760000228881836,16.959999084472656,9028000.0,16.122426986694336
2013-04-17,16.770000457763672,16.309999465942383,16.770000457763672,16.469999313354492,10135700.0,15.656621932983398
2013-04-18,16.489999771118164,16.200000762939453,16.479999542236328,16.389999389648438,8209100.0,15.580574035644531
2013-04-19,16.469999313354492,16.280000686645508,16.43000030517578,16.389999389648438,6389800.0,15.580574035644531
2013-04-22,16.489999771118164,16.219999313354492,16.420000076293945,16.420000076293945,5994100.0,15.60909652709961
2013-04-23,16.719999313354492,16.43000030517578,16.450000762939453,16.59000015258789,9391400.0,15.770696640014648
2013-04-24,16.729999542236328,16.420000076293945,16.610000610351562,16.639999389648438,9827000.0,15.818227767944336
2013-04-25,17.100000381469727,16.65999984741211,16.700000762939453,16.75,9933200.0,15.922800064086914
2013-04-26,16.84000015258789,16.59000015258789,16.760000228881836,16.729999542236328,6092400.0,15.903780937194824
2013-04-29,16.979999542236328,16.75,16.760000228881836,16.940000534057617,4607300.0,16.103412628173828
2013-04-30,17.030000686645508,16.81999969482422,16.969999313354492,16.959999084472656,6004700.0,16.122426986694336
2013-05-01,17.0,16.18000030517578,16.940000534057617,16.209999084472656,14700900.0,15.409463882446289
2013-05-02,16.530000686645508,16.049999237060547,16.219999313354492,16.440000534057617,8793100.0,15.628106117248535
2013-05-03,17.549999237060547,16.6299991607666,16.670000076293945,17.469999313354492,16192300.0,16.607236862182617
2013-05-06,17.670000076293945,17.43000030517578,17.440000534057617,17.549999237060547,9143800.0,16.683290481567383
2013-05-07,17.729999542236328,17.3799991607666,17.56999969482422,17.440000534057617,6003000.0,16.57872200012207
2013-05-08,17.420000076293945,17.1299991607666,17.389999389648438,17.3799991607666,6206600.0,16.578725814819336
2013-05-09,17.829999923706055,17.309999465942383,17.34000015258789,17.510000228881836,8976400.0,16.702728271484375
2013-05-10,18.299999237060547,17.489999771118164,17.489999771118164,18.09000015258789,14377600.0,17.255983352661133
2013-05-13,18.34000015258789,17.920000076293945,18.049999237060547,18.149999618530273,9082400.0,17.313228607177734
2013-05-14,18.770000457763672,18.09000015258789,18.15999984741211,18.75,15848000.0,17.885560989379883
2013-05-15,19.0,18.18000030517578,18.520000457763672,18.979999542236328,18065400.0,18.10495948791504
2013-05-16,19.25,18.84000015258789,18.950000762939453,18.90999984741211,13190700.0,18.038183212280273
2013-05-17,19.3700008392334,18.8799991607666,18.889999389648438,19.34000015258789,9694400.0,18.448360443115234
2013-05-20,19.34000015258789,19.110000610351562,19.200000762939453,19.209999084472656,6585700.0,18.324350357055664
2013-05-21,19.309999465942383,19.06999969482422,19.25,19.170000076293945,6122200.0,18.286197662353516
2013-05-22,19.56999969482422,18.940000534057617,19.1200008392334,19.059999465942383,12263500.0,18.18126678466797
2013-05-23,19.139999389648438,18.690000534057617,18.940000534057617,18.989999771118164,9058500.0,18.114498138427734
2013-05-24,19.190000534057617,18.790000915527344,18.920000076293945,19.15999984741211,5953600.0,18.27665901184082
2013-05-28,19.940000534057617,19.459999084472656,19.469999313354492,19.770000457763672,10743800.0,18.85853385925293
2013-05-29,20.040000915527344,19.56999969482422,19.579999923706055,19.90999984741211,13106800.0,18.992080688476562
2013-05-30,20.270000457763672,19.729999542236328,19.93000030517578,20.15999984741211,10362200.0,19.23055076599121
2013-05-31,20.479999542236328,19.860000610351562,20.1299991607666,19.860000610351562,14689300.0,18.944379806518555
2013-06-03,19.989999771118164,19.280000686645508,19.979999542236328,19.68000030517578,12924100.0,18.77268409729004
2013-06-04,19.969999313354492,19.459999084472656,19.68000030517578,19.579999923706055,8231900.0,18.67729377746582
2013-06-05,19.59000015258789,18.940000534057617,19.549999237060547,19.010000228881836,12459700.0,18.133569717407227
2013-06-06,19.469999313354492,18.989999771118164,19.040000915527344,19.459999084472656,9388300.0,18.56282615661621
2013-06-07,20.1299991607666,19.649999618530273,19.700000762939453,20.1200008392334,11527500.0,19.19239616394043
2013-06-10,20.350000381469727,20.049999237060547,20.200000762939453,20.219999313354492,7555400.0,19.28778648376465
2013-06-11,20.139999389648438,19.670000076293945,19.969999313354492,19.719999313354492,7782600.0,18.810840606689453
2013-06-12,19.979999542236328,19.530000686645508,19.969999313354492,19.59000015258789,8959200.0,18.68683433532715
2013-06-13,20.149999618530273,19.549999237060547,19.56999969482422,20.040000915527344,15370900.0,19.1160831451416
2013-06-14,20.079999923706055,19.520000457763672,20.079999923706055,19.709999084472656,10720200.0,18.80130386352539
2013-06-17,20.399999618530273,19.8700008392334,19.8799991607666,20.31999969482422,9916600.0,19.3831787109375
2013-06-18,20.760000228881836,20.350000381469727,20.350000381469727,20.540000915527344,10478000.0,19.593032836914062
2013-06-19,20.84000015258789,20.3700008392334,20.549999237060547,20.469999313354492,11879600.0,19.526260375976562
2013-06-20,20.950000762939453,20.15999984741211,20.200000762939453,20.479999542236328,20952900.0,19.535802841186523
2013-06-21,20.770000457763672,20.329999923706055,20.709999084472656,20.639999389648438,11927400.0,19.688425064086914
2013-06-24,20.790000915527344,20.34000015258789,20.690000534057617,20.639999389648438,13373400.0,19.688425064086914
2013-06-25,21.139999389648438,20.700000762939453,20.850000381469727,21.040000915527344,12019800.0,20.069990158081055
2013-06-26,21.280000686645508,20.790000915527344,21.25,20.959999084472656,11564700.0,19.99367332458496
2013-06-27,21.200000762939453,20.90999984741211,21.1299991607666,20.940000534057617,18327800.0,19.974597930908203
2013-06-28,21.440000534057617,20.799999237060547,20.8700008392334,21.229999542236328,18668700.0,20.251220703125
2013-07-01,21.690000534057617,21.309999465942383,21.329999923706055,21.3799991607666,9383100.0,20.394306182861328
2013-07-02,21.8700008392334,21.079999923706055,21.31999969482422,21.299999237060547,11998500.0,20.317991256713867
2013-07-03,21.549999237060547,21.09000015258789,21.139999389648438,21.399999618530273,4899700.0,20.413387298583984
2013-07-05,22.100000381469727,21.65999984741211,21.65999984741211,22.010000228881836,8683100.0,20.99526596069336
2013-07-08,22.3799991607666,22.06999969482422,22.190000534057617,22.190000534057617,8350700.0,21.16696548461914
2013-07-09,22.440000534057617,22.059999465942383,22.40999984741211,22.200000762939453,7958900.0,21.176504135131836
2013-07-10,22.280000686645508,21.739999771118164,22.190000534057617,21.940000534057617,11025200.0,20.92849349975586
2013-07-11,22.290000915527344,21.219999313354492,22.290000915527344,21.469999313354492,18624400.0,20.480159759521484
2013-07-12,21.81999969482422,21.3799991607666,21.540000915527344,21.690000534057617,7963300.0,20.69001579284668
2013-07-15,21.90999984741211,21.540000915527344,21.639999389648438,21.709999084472656,7072700.0,20.709095001220703
2013-07-16,21.520000457763672,20.549999237060547,21.5,21.0,16499000.0,20.031829833984375
2013-07-17,21.1299991607666,20.68000030517578,21.079999923706055,20.950000762939453,10355600.0,19.984134674072266
2013-07-18,21.489999771118164,20.8700008392334,20.899999618530273,21.459999084472656,9379500.0,20.47062110900879
2013-07-19,21.729999542236328,21.229999542236328,21.489999771118164,21.68000030517578,8237200.0,20.68047523498535
2013-07-22,22.020000457763672,21.68000030517578,21.700000762939453,22.020000457763672,8094700.0,21.004804611206055
2013-07-23,22.59000015258789,22.09000015258789,22.110000610351562,22.479999542236328,10570700.0,21.4435977935791
2013-07-24,22.559999465942383,21.989999771118164,22.549999237060547,22.110000610351562,8760500.0,21.090652465820312
2013-07-25,22.299999237060547,21.989999771118164,22.049999237060547,22.280000686645508,5338000.0,21.252819061279297
2013-07-26,22.190000534057617,21.84000015258789,22.049999237060547,22.1200008392334,8345600.0,21.100191116333008
2013-07-29,22.34000015258789,21.979999542236328,22.1200008392334,21.989999771118164,9177100.0,20.976186752319336
2013-07-30,22.31999969482422,22.079999923706055,22.09000015258789,22.190000534057617,7148900.0,21.16696548461914
2013-07-31,22.360000610351562,22.030000686645508,22.1200008392334,22.09000015258789,13518000.0,21.071575164794922
2013-08-01,22.790000915527344,22.260000228881836,22.260000228881836,22.670000076293945,10166900.0,21.624834060668945
2013-08-02,22.760000228881836,22.43000030517578,22.610000610351562,22.649999618530273,7238500.0,21.605756759643555
2013-08-05,22.84000015258789,22.559999465942383,22.600000381469727,22.690000534057617,6048700.0,21.6439151763916
2013-08-06,22.739999771118164,22.389999389648438,22.610000610351562,22.420000076293945,5127900.0,21.38636016845703
2013-08-07,22.56999969482422,21.979999542236328,22.270000457763672,22.540000915527344,8368400.0,21.558521270751953
2013-08-08,22.790000915527344,22.299999237060547,22.6299991607666,22.309999465942383,5701100.0,21.338537216186523
2013-08-09,22.600000381469727,22.260000228881836,22.270000457763672,22.290000915527344,3505000.0,21.31941032409668
2013-08-12,22.25,21.649999618530273,22.15999984741211,21.760000228881836,5593300.0,20.812488555908203
2013-08-13,22.3799991607666,21.770000457763672,21.780000686645508,22.280000686645508,8399000.0,21.309846878051758
2013-08-14,22.43000030517578,21.979999542236328,22.260000228881836,22.0,4483300.0,21.042036056518555
2013-08-15,21.84000015258789,21.25,21.84000015258789,21.399999618530273,10916600.0,20.46816062927246
2013-08-16,21.8700008392334,21.31999969482422,21.34000015258789,21.559999465942383,6599500.0,20.621196746826172
2013-08-19,21.770000457763672,21.399999618530273,21.540000915527344,21.40999984741211,5530900.0,20.47772789001465
2013-08-20,21.780000686645508,21.219999313354492,21.40999984741211,21.690000534057617,5186400.0,20.745534896850586
2013-08-21,21.760000228881836,21.34000015258789,21.6299991607666,21.479999542236328,5345500.0,20.544677734375
2013-08-22,21.639999389648438,21.290000915527344,21.5,21.440000534057617,5579800.0,20.506418228149414
2013-08-23,21.579999923706055,21.31999969482422,21.469999313354492,21.530000686645508,6815600.0,20.592500686645508
2013-08-26,22.049999237060547,21.399999618530273,21.549999237060547,21.610000610351562,5966300.0,20.66901969909668
2013-08-27,21.3799991607666,20.690000534057617,21.350000381469727,20.739999771118164,8272300.0,19.83690071105957
2013-08-28,21.09000015258789,20.520000457763672,20.739999771118164,20.959999084472656,5679300.0,20.047321319580078
2013-08-29,21.450000762939453,20.889999389648438,20.93000030517578,21.290000915527344,5206800.0,20.362953186035156
2013-08-30,21.329999923706055,20.799999237060547,21.270000457763672,20.8799991607666,7065600.0,19.97080421447754
2013-09-03,21.459999084472656,20.969999313354492,21.200000762939453,21.149999618530273,7671400.0,20.229045867919922
2013-09-04,21.940000534057617,21.1299991607666,21.190000534057617,21.860000610351562,10049500.0,20.90813446044922
2013-09-05,22.25,21.790000915527344,21.899999618530273,21.84000015258789,6610800.0,20.889001846313477
2013-09-06,21.950000762939453,21.31999969482422,21.950000762939453,21.579999923706055,7672900.0,20.640323638916016
2013-09-09,21.90999984741211,21.639999389648438,21.639999389648438,21.81999969482422,4210000.0,20.869873046875
2013-09-10,22.440000534057617,22.040000915527344,22.040000915527344,22.3700008392334,6596400.0,21.39592170715332
2013-09-11,22.450000762939453,22.110000610351562,22.309999465942383,22.239999771118164,5196100.0,21.27158546447754
2013-09-12,22.260000228881836,22.059999465942383,22.190000534057617,22.06999969482422,6945200.0,21.108985900878906
2013-09-13,22.219999313354492,21.84000015258789,22.170000076293945,22.030000686645508,7367600.0,21.070728302001953
2013-09-16,22.360000610351562,21.579999923706055,22.350000381469727,22.079999923706055,10682700.0,21.118555068969727
2013-09-17,22.709999084472656,22.079999923706055,22.079999923706055,22.639999389648438,8896700.0,21.65416717529297
2013-09-18,22.6299991607666,21.040000915527344,22.59000015258789,21.360000610351562,20283200.0,20.42990493774414
2013-09-19,21.520000457763672,20.6200008392334,21.479999542236328,21.040000915527344,22937000.0,20.12384033203125
2013-09-20,21.6299991607666,21.139999389648438,21.139999389648438,21.270000457763672,20487700.0,20.343826293945312
2013-09-23,21.110000610351562,20.540000915527344,21.09000015258789,20.84000015258789,10143000.0,19.93255043029785
2013-09-24,21.43000030517578,20.90999984741211,20.950000762939453,21.139999389648438,13094400.0,20.219482421875
2013-09-25,21.520000457763672,21.100000381469727,21.260000228881836,21.239999771118164,12959000.0,20.31513023376465
2013-09-26,21.530000686645508,21.200000762939453,21.239999771118164,21.329999923706055,4267800.0,20.40121078491211
2013-09-27,21.25,20.969999313354492,21.149999618530273,21.190000534057617,4950700.0,20.26730728149414
2013-09-30,21.280000686645508,20.790000915527344,20.959999084472656,21.139999389648438,8160700.0,20.219482421875
2013-10-01,21.440000534057617,21.209999084472656,21.209999084472656,21.3799991607666,6539800.0,20.449033737182617
2013-10-02,21.31999969482422,20.979999542236328,21.139999389648438,21.290000915527344,6896400.0,20.362953186035156
2013-10-03,21.40999984741211,20.899999618530273,21.209999084472656,21.149999618530273,7769600.0,20.229045867919922
2013-10-04,21.6299991607666,21.100000381469727,21.18000030517578,21.579999923706055,5139700.0,20.640323638916016
2013-10-07,21.40999984741211,21.059999465942383,21.299999237060547,21.06999969482422,5626200.0,20.152530670166016
2013-10-08,21.139999389648438,20.540000915527344,21.040000915527344,20.56999969482422,7078300.0,19.674301147460938
2013-10-09,21.030000686645508,20.440000534057617,20.6299991607666,20.75,8870500.0,19.846464157104492
2013-10-10,21.549999237060547,21.0,21.18000030517578,21.389999389648438,10743300.0,20.458595275878906
2013-10-11,21.81999969482422,21.329999923706055,21.389999389648438,21.780000686645508,6689200.0,20.831613540649414
2013-10-14,22.079999923706055,21.389999389648438,21.59000015258789,22.010000228881836,10337400.0,21.05160140991211
2013-10-15,23.790000915527344,22.65999984741211,22.780000686645508,23.030000686645508,31134400.0,22.027185440063477
2013-10-16,23.93000030517578,23.239999771118164,23.280000686645508,23.43000030517578,15844500.0,22.409765243530273
2013-10-17,23.670000076293945,23.110000610351562,23.25,23.6200008392334,8599600.0,22.591495513916016
2013-10-18,23.780000686645508,23.360000610351562,23.639999389648438,23.770000457763672,8356900.0,22.73496437072754
2013-10-21,23.8700008392334,23.520000457763672,23.739999771118164,23.559999465942383,8681800.0,22.534114837646484
2013-10-22,23.639999389648438,23.139999389648438,23.639999389648438,23.350000381469727,10290600.0,22.333250045776367
2013-10-23,23.440000534057617,23.030000686645508,23.270000457763672,23.299999237060547,7558500.0,22.28542709350586
2013-10-24,23.469999313354492,23.25,23.360000610351562,23.399999618530273,5188900.0,22.38107681274414
2013-10-25,23.600000381469727,23.31999969482422,23.399999618530273,23.559999465942383,5112200.0,22.534114837646484
2013-10-28,23.610000610351562,22.670000076293945,23.549999237060547,23.010000228881836,15054000.0,22.0080623626709
2013-10-29,23.360000610351562,22.860000610351562,23.059999465942383,23.100000381469727,14262900.0,22.094135284423828
2013-10-30,23.209999084472656,22.540000915527344,23.110000610351562,22.860000610351562,10763500.0,21.864587783813477
2013-10-31,22.979999542236328,22.6299991607666,22.8700008392334,22.649999618530273,7677300.0,21.663728713989258
2013-11-01,23.209999084472656,22.6200008392334,22.6299991607666,23.1200008392334,9056000.0,22.113269805908203
2013-11-04,23.25,22.950000762939453,23.149999618530273,23.229999542236328,6565400.0,22.218477249145508
2013-11-05,23.360000610351562,22.969999313354492,23.100000381469727,23.290000915527344,6574800.0,22.275859832763672
2013-11-06,23.290000915527344,22.93000030517578,23.239999771118164,23.209999084472656,6112700.0,22.256683349609375
2013-11-07,23.3799991607666,22.729999542236328,23.229999542236328,22.760000228881836,6415700.0,21.825170516967773
2013-11-08,24.030000686645508,22.8799991607666,22.8799991607666,24.020000457763672,16659500.0,23.033418655395508
2013-11-11,24.280000686645508,23.809999465942383,24.020000457763672,24.0,8343400.0,23.01423454284668
2013-11-12,24.049999237060547,23.649999618530273,23.989999771118164,23.709999084472656,5706900.0,22.73615074157715
2013-11-13,23.989999771118164,23.389999389648438,23.59000015258789,23.979999542236328,7298100.0,22.995058059692383
2013-11-14,24.260000228881836,23.90999984741211,23.959999084472656,24.239999771118164,7320400.0,23.244382858276367
2013-11-15,24.5,24.200000762939453,24.299999237060547,24.420000076293945,7030400.0,23.4169864654541
2013-11-18,24.549999237060547,24.209999084472656,24.489999771118164,24.420000076293945,9248300.0,23.4169864654541
2013-11-19,24.68000030517578,24.3700008392334,24.40999984741211,24.5,10645400.0,23.493701934814453
2013-11-20,24.6200008392334,24.31999969482422,24.5,24.459999084472656,5586800.0,23.45534324645996
2013-11-21,25.010000228881836,24.56999969482422,24.579999923706055,25.0,9084500.0,23.973161697387695
2013-11-22,25.0,24.700000762939453,24.920000076293945,24.920000076293945,6316000.0,23.896451950073242
2013-11-25,25.0,24.65999984741211,25.0,24.68000030517578,5538000.0,23.66630744934082
2013-11-26,24.850000381469727,24.639999389648438,24.739999771118164,24.670000076293945,5062500.0,23.65671730041504
2013-11-27,24.860000610351562,24.549999237060547,24.68000030517578,24.780000686645508,4124400.0,23.7622013092041
2013-11-29,24.81999969482422,24.459999084472656,24.780000686645508,24.479999542236328,2187900.0,23.474525451660156
2013-12-02,25.139999389648438,24.5,24.5,24.829999923706055,6226800.0,23.81014633178711
2013-12-03,24.90999984741211,24.489999771118164,24.65999984741211,24.670000076293945,4461900.0,23.65671730041504
2013-12-04,24.8700008392334,24.40999984741211,24.6299991607666,24.6200008392334,3758100.0,23.60877227783203
2013-12-05,24.6200008392334,24.190000534057617,24.579999923706055,24.40999984741211,4477100.0,23.40739631652832
2013-12-06,24.969999313354492,24.59000015258789,24.809999465942383,24.829999923706055,3955600.0,23.81014633178711
2013-12-09,25.1200008392334,24.760000228881836,24.860000610351562,25.040000915527344,4992500.0,24.011524200439453
2013-12-10,24.969999313354492,24.68000030517578,24.90999984741211,24.829999923706055,4223200.0,23.81014633178711
2013-12-11,25.1299991607666,24.690000534057617,24.799999237060547,24.860000610351562,10632200.0,23.83891487121582
2013-12-12,24.989999771118164,24.670000076293945,24.850000381469727,24.799999237060547,10725200.0,23.781381607055664
2013-12-13,25.270000457763672,24.729999542236328,24.959999084472656,24.790000915527344,7977400.0,23.77178955078125
2013-12-16,25.110000610351562,24.799999237060547,24.920000076293945,25.09000015258789,7083900.0,24.05946922302246
2013-12-17,25.09000015258789,24.719999313354492,25.09000015258789,24.760000228881836,6564500.0,23.743019104003906
2013-12-18,25.719999313354492,24.649999618530273,24.799999237060547,25.700000762939453,8976800.0,24.64441680908203
2013-12-19,25.899999618530273,25.520000457763672,25.610000610351562,25.579999923706055,6061000.0,24.529340744018555
2013-12-20,25.670000076293945,25.34000015258789,25.56999969482422,25.610000610351562,8586200.0,24.55811309814453
2013-12-23,25.799999237060547,25.610000610351562,25.75,25.690000534057617,2835400.0,24.63482666015625
2013-12-24,25.719999313354492,25.559999465942383,25.700000762939453,25.709999084472656,1184700.0,24.654003143310547
2013-12-26,25.780000686645508,25.549999237060547,25.700000762939453,25.739999771118164,2617600.0,24.682769775390625
2013-12-27,25.8700008392334,25.6200008392334,25.780000686645508,25.65999984741211,1818000.0,24.60605812072754
2013-12-30,25.709999084472656,25.489999771118164,25.65999984741211,25.579999923706055,1961900.0,24.529340744018555
2013-12-31,26.079999923706055,25.670000076293945,25.700000762939453,26.0,4670500.0,24.93209457397461
2014-01-02,26.049999237060547,25.700000762939453,25.989999771118164,25.81999969482422,4618600.0,24.759485244750977
2014-01-03,26.040000915527344,25.700000762939453,25.84000015258789,25.899999618530273,3367700.0,24.836200714111328
2014-01-06,26.139999389648438,25.75,26.0,25.809999465942383,4293200.0,24.749897003173828
2014-01-07,25.920000076293945,25.360000610351562,25.479999542236328,25.540000915527344,7476500.0,24.49098777770996
2014-01-08,25.940000534057617,25.510000228881836,25.579999923706055,25.84000015258789,6541100.0,24.77866554260254
2014-01-09,26.059999465942383,25.709999084472656,25.920000076293945,25.850000381469727,4103000.0,24.788253784179688
2014-01-10,25.850000381469727,25.40999984741211,25.809999465942383,25.65999984741211,4838600.0,24.60605812072754
2014-01-13,25.59000015258789,24.770000457763672,25.59000015258789,24.829999923706055,7913900.0,23.81014633178711
2014-01-14,25.65999984741211,24.959999084472656,24.979999542236328,25.59000015258789,6765200.0,24.53893280029297
2014-01-15,26.049999237060547,25.559999465942383,25.649999618530273,26.030000686645508,10043200.0,24.960865020751953
2014-01-16,26.84000015258789,26.09000015258789,26.25,26.799999237060547,13421800.0,25.699235916137695
2014-01-17,26.899999618530273,26.510000228881836,26.809999465942383,26.770000457763672,7120000.0,25.670467376708984
2014-01-21,27.110000610351562,26.790000915527344,26.920000076293945,26.799999237060547,9555100.0,25.699235916137695
2014-01-22,26.950000762939453,26.600000381469727,26.8799991607666,26.799999237060547,5316300.0,25.699235916137695
2014-01-23,26.56999969482422,25.969999313354492,26.56999969482422,26.139999389648438,8469600.0,25.06634521484375
2014-01-24,26.040000915527344,25.239999771118164,26.010000228881836,25.270000457763672,10304200.0,24.23207664489746
2014-01-27,25.510000228881836,24.700000762939453,25.31999969482422,24.81999969482422,10278500.0,23.800554275512695
2014-01-28,25.31999969482422,24.809999465942383,24.8799991607666,25.200000762939453,5881100.0,24.164945602416992
2014-01-29,25.190000534057617,24.610000610351562,24.8700008392334,24.65999984741211,6202400.0,23.647132873535156
2014-01-30,25.3700008392334,24.8700008392334,24.93000030517578,25.290000915527344,6331400.0,24.25125503540039
2014-01-31,25.059999465942383,24.510000228881836,24.690000534057617,24.81999969482422,9443700.0,23.800554275512695
2014-02-03,24.989999771118164,23.559999465942383,24.770000457763672,23.649999618530273,14899700.0,22.678611755371094
2014-02-04,24.329999923706055,23.719999313354492,23.780000686645508,24.1299991607666,9012800.0,23.138900756835938
2014-02-05,24.100000381469727,23.729999542236328,24.020000457763672,23.860000610351562,11444300.0,22.937021255493164
2014-02-06,24.459999084472656,23.850000381469727,23.940000534057617,24.440000534057617,5914500.0,23.49458885192871
2014-02-07,24.889999389648438,24.15999984741211,24.559999465942383,24.600000381469727,7695700.0,23.64839744567871
2014-02-10,24.809999465942383,24.469999313354492,24.540000915527344,24.760000228881836,3266000.0,23.80221176147461
2014-02-11,25.559999465942383,24.729999542236328,24.81999969482422,25.40999984741211,7612100.0,24.42706298828125
2014-02-12,25.81999969482422,25.40999984741211,25.40999984741211,25.56999969482422,6445800.0,24.58087730407715
2014-02-13,25.81999969482422,25.229999542236328,25.40999984741211,25.799999237060547,5433500.0,24.801979064941406
2014-02-14,25.780000686645508,25.43000030517578,25.780000686645508,25.450000762939453,6102200.0,24.465517044067383
2014-02-18,26.229999542236328,25.440000534057617,25.450000762939453,26.1200008392334,6721400.0,25.109600067138672
2014-02-19,26.15999984741211,25.510000228881836,25.989999771118164,25.559999465942383,8035200.0,24.57126235961914
2014-02-20,26.229999542236328,25.43000030517578,25.59000015258789,26.1200008392334,7570900.0,25.109600067138672
2014-02-21,26.450000762939453,26.030000686645508,26.190000534057617,26.25,7362400.0,25.234569549560547
2014-02-24,26.700000762939453,26.139999389648438,26.25,26.530000686645508,5814100.0,25.503740310668945
2014-02-25,26.6200008392334,26.190000534057617,26.6200008392334,26.260000228881836,5133100.0,25.24418067932129
2014-02-26,26.440000534057617,26.15999984741211,26.3799991607666,26.3700008392334,8543100.0,25.349925994873047
2014-02-27,26.479999542236328,26.079999923706055,26.280000686645508,26.420000076293945,5690500.0,25.397994995117188
2014-02-28,26.729999542236328,26.219999313354492,26.40999984741211,26.510000228881836,7215400.0,25.484512329101562
2014-03-03,26.149999618530273,25.780000686645508,26.1299991607666,25.860000610351562,8284200.0,24.859655380249023
2014-03-04,27.049999237060547,26.170000076293945,26.219999313354492,26.81999969482422,10699200.0,25.78251838684082
2014-03-05,26.979999542236328,26.65999984741211,26.860000610351562,26.93000030517578,7662800.0,25.88827133178711
2014-03-06,27.209999084472656,26.899999618530273,27.030000686645508,26.940000534057617,11975100.0,25.89788055419922
2014-03-07,27.309999465942383,26.790000915527344,27.149999618530273,27.0,9253300.0,25.95555877685547
2014-03-10,27.270000457763672,26.809999465942383,26.969999313354492,27.149999618530273,5516300.0,26.099754333496094
2014-03-11,27.25,26.780000686645508,27.209999084472656,26.850000381469727,5689200.0,25.81136131286621
2014-03-12,26.700000762939453,26.280000686645508,26.459999084472656,26.65999984741211,6222100.0,25.628711700439453
2014-03-13,27.06999969482422,26.229999542236328,26.799999237060547,26.350000381469727,6577900.0,25.330703735351562
2014-03-14,26.420000076293945,25.799999237060547,26.3700008392334,26.049999237060547,7036600.0,25.042306900024414
2014-03-17,26.65999984741211,26.270000457763672,26.270000457763672,26.510000228881836,4538600.0,25.484512329101562
2014-03-18,26.770000457763672,26.5,26.579999923706055,26.719999313354492,4233400.0,25.686389923095703
2014-03-19,27.75,26.579999923706055,26.75,27.579999923706055,18777800.0,26.513120651245117
2014-03-20,28.5,27.469999313354492,27.469999313354492,28.43000030517578,14527600.0,27.330238342285156
2014-03-21,29.1299991607666,28.100000381469727,28.850000381469727,28.530000686645508,17798700.0,27.426372528076172
2014-03-24,28.700000762939453,28.15999984741211,28.530000686645508,28.43000030517578,6557500.0,27.330238342285156
2014-03-25,28.56999969482422,27.579999923706055,28.489999771118164,27.829999923706055,10762300.0,26.75345230102539
2014-03-26,28.34000015258789,27.780000686645508,28.059999465942383,27.790000915527344,8123100.0,26.71500015258789
2014-03-27,27.940000534057617,27.030000686645508,27.709999084472656,27.15999984741211,7582400.0,26.109371185302734
2014-03-28,27.489999771118164,27.030000686645508,27.25,27.190000534057617,5685500.0,26.138212203979492
2014-03-31,27.489999771118164,27.149999618530273,27.43000030517578,27.329999923706055,7188700.0,26.272790908813477
2014-04-01,27.719999313354492,27.40999984741211,27.420000076293945,27.450000762939453,9193700.0,26.388151168823242
2014-04-02,27.959999084472656,27.309999465942383,27.510000228881836,27.899999618530273,9823700.0,26.82074737548828
2014-04-03,28.040000915527344,27.360000610351562,27.940000534057617,27.3700008392334,14085700.0,26.311243057250977
2014-04-04,27.6200008392334,25.84000015258789,27.600000381469727,26.049999237060547,13587300.0,25.042306900024414
2014-04-07,26.290000915527344,25.559999465942383,25.93000030517578,25.600000381469727,12530300.0,24.609712600708008
2014-04-08,25.899999618530273,25.40999984741211,25.649999618530273,25.670000076293945,10193600.0,24.6770076751709
2014-04-09,26.440000534057617,25.65999984741211,25.780000686645508,26.40999984741211,12945600.0,25.388381958007812
2014-04-10,26.43000030517578,25.100000381469727,26.3700008392334,25.139999389648438,12094900.0,24.167509078979492
2014-04-11,25.239999771118164,24.59000015258789,24.889999389648438,24.850000381469727,8651600.0,23.88872718811035
2014-04-14,25.600000381469727,24.899999618530273,25.3799991607666,25.299999237060547,8455200.0,24.321319580078125
2014-04-15,26.40999984741211,25.420000076293945,26.31999969482422,26.110000610351562,13435900.0,25.099990844726562
2014-04-16,26.8700008392334,26.149999618530273,26.610000610351562,26.84000015258789,10653100.0,25.80174446105957
2014-04-17,27.170000076293945,26.670000076293945,26.889999389648438,27.040000915527344,7389400.0,25.99401092529297
2014-04-21,27.190000534057617,26.649999618530273,27.020000457763672,27.170000076293945,6008500.0,26.118980407714844
2014-04-22,27.559999465942383,27.030000686645508,27.200000762939453,27.459999084472656,6805600.0,26.39776039123535
2014-04-23,27.469999313354492,26.940000534057617,27.389999389648438,27.239999771118164,4001600.0,26.1862735748291
2014-04-24,27.530000686645508,26.889999389648438,27.530000686645508,27.09000015258789,6326800.0,26.042072296142578
2014-04-25,27.06999969482422,26.729999542236328,26.940000534057617,26.850000381469727,6755800.0,25.81136131286621
2014-04-28,27.18000030517578,26.110000610351562,26.969999313354492,26.3700008392334,9036800.0,25.349925994873047
2014-04-29,26.719999313354492,26.270000457763672,26.56999969482422,26.579999923706055,5112100.0,25.551801681518555
2014-04-30,26.610000610351562,26.270000457763672,26.520000457763672,26.549999237060547,9235900.0,25.52296257019043
2014-05-01,26.8799991607666,26.40999984741211,26.540000915527344,26.579999923706055,5751100.0,25.551801681518555
2014-05-02,27.06999969482422,26.399999618530273,26.40999984741211,26.700000762939453,5334200.0,25.667165756225586
2014-05-05,26.639999389648438,26.1299991607666,26.3799991607666,26.579999923706055,3735100.0,25.551801681518555
2014-05-06,26.729999542236328,25.829999923706055,26.700000762939453,25.8799991607666,7181000.0,24.87887954711914
2014-05-07,26.25,25.299999237060547,25.799999237060547,26.209999084472656,8925000.0,25.254661560058594
2014-05-08,26.479999542236328,25.959999084472656,26.18000030517578,26.0,6160900.0,25.05232048034668
2014-05-09,26.3799991607666,25.780000686645508,25.940000534057617,26.360000610351562,6536800.0,25.399200439453125
2014-05-12,27.079999923706055,26.31999969482422,26.530000686645508,27.049999237060547,6635800.0,26.064050674438477
2014-05-13,27.100000381469727,26.489999771118164,27.040000915527344,26.510000228881836,8742800.0,25.543731689453125
2014-05-14,26.649999618530273,26.110000610351562,26.479999542236328,26.200000762939453,5590900.0,25.245033264160156
2014-05-15,25.829999923706055,24.809999465942383,25.809999465942383,25.0,12237400.0,24.088768005371094
2014-05-16,25.049999237060547,24.559999465942383,24.989999771118164,25.0,12080400.0,24.088768005371094
2014-05-19,25.079999923706055,24.600000381469727,24.600000381469727,25.010000228881836,6078000.0,24.098407745361328
2014-05-20,25.1200008392334,24.65999984741211,25.09000015258789,24.809999465942383,5275700.0,23.90569496154785
2014-05-21,25.3700008392334,24.959999084472656,24.979999542236328,25.270000457763672,5084600.0,24.348926544189453
2014-05-22,25.68000030517578,25.149999618530273,25.239999771118164,25.600000381469727,5105400.0,24.66690444946289
2014-05-23,25.719999313354492,25.450000762939453,25.59000015258789,25.649999618530273,4796500.0,24.7150821685791
2014-05-27,25.8799991607666,25.450000762939453,25.809999465942383,25.469999313354492,6876100.0,24.541643142700195
2014-05-28,25.520000457763672,25.079999923706055,25.399999618530273,25.290000915527344,7848500.0,24.36820411682129
2014-05-29,25.559999465942383,25.229999542236328,25.360000610351562,25.549999237060547,3857100.0,24.61872100830078
2014-05-30,25.700000762939453,25.200000762939453,25.6200008392334,25.209999084472656,7301200.0,24.29111671447754
2014-06-02,25.479999542236328,25.06999969482422,25.329999923706055,25.3700008392334,9071200.0,24.445283889770508
2014-06-03,25.3700008392334,24.969999313354492,25.270000457763672,25.170000076293945,6711200.0,24.25257682800293
2014-06-04,25.290000915527344,24.93000030517578,25.1299991607666,25.200000762939453,4564800.0,24.281478881835938
2014-06-05,25.729999542236328,25.149999618530273,25.290000915527344,25.649999618530273,4797400.0,24.7150821685791
2014-06-06,26.09000015258789,25.639999389648438,25.75,25.969999313354492,4690500.0,25.023412704467773
2014-06-09,26.450000762939453,26.010000228881836,26.079999923706055,26.450000762939453,6536500.0,25.485918045043945
2014-06-10,26.43000030517578,26.030000686645508,26.399999618530273,26.110000610351562,4186500.0,25.158313751220703
2014-06-11,26.09000015258789,25.670000076293945,25.979999542236328,26.040000915527344,5134500.0,25.090866088867188
2014-06-12,26.1200008392334,25.579999923706055,25.959999084472656,25.600000381469727,7014000.0,24.66690444946289
2014-06-13,26.110000610351562,25.6200008392334,25.65999984741211,26.010000228881836,7587500.0,25.061960220336914
2014-06-16,25.959999084472656,24.68000030517578,25.889999389648438,25.8799991607666,7616200.0,24.93669319152832
2014-06-17,27.5,25.360000610351562,25.360000610351562,27.299999237060547,12430300.0,26.3049373626709
2014-06-18,27.260000228881836,26.84000015258789,27.25,27.149999618530273,7198700.0,26.1604061126709
2014-06-19,27.290000915527344,26.68000030517578,27.190000534057617,27.149999618530273,7114800.0,26.1604061126709
2014-06-20,27.5,27.239999771118164,27.350000381469727,27.450000762939453,8174400.0,26.449474334716797
2014-06-23,27.389999389648438,27.110000610351562,27.3799991607666,27.280000686645508,5760600.0,26.28566551208496
2014-06-24,27.350000381469727,26.719999313354492,27.15999984741211,26.770000457763672,5456500.0,25.794260025024414
2014-06-25,27.1299991607666,26.5,26.520000457763672,27.079999923706055,5966000.0,26.092958450317383
2014-06-26,26.979999542236328,26.469999313354492,26.979999542236328,26.850000381469727,4831300.0,25.871337890625
2014-06-27,27.200000762939453,26.709999084472656,26.770000457763672,27.139999389648438,5245700.0,26.15077018737793
2014-06-30,27.270000457763672,26.850000381469727,27.190000534057617,26.93000030517578,5192900.0,25.948423385620117
2014-07-01,27.510000228881836,26.979999542236328,27.06999969482422,27.31999969482422,7685700.0,26.324207305908203
2014-07-02,27.600000381469727,27.059999465942383,27.059999465942383,27.399999618530273,3824300.0,26.401288986206055
2014-07-03,28.190000534057617,27.700000762939453,27.729999542236328,28.100000381469727,4492300.0,27.07577896118164
2014-07-07,28.3799991607666,27.719999313354492,28.260000228881836,27.93000030517578,3764500.0,26.911977767944336
2014-07-08,27.770000457763672,26.920000076293945,27.729999542236328,27.18000030517578,5754100.0,26.189311981201172
2014-07-09,27.350000381469727,26.780000686645508,27.25,27.09000015258789,6376200.0,26.102596282958984
2014-07-10,27.09000015258789,26.440000534057617,26.440000534057617,26.899999618530273,4685700.0,25.91951560974121
2014-07-11,27.139999389648438,26.68000030517578,26.739999771118164,27.100000381469727,4056300.0,26.112228393554688
2014-07-14,27.68000030517578,27.440000534057617,27.459999084472656,27.489999771118164,4464700.0,26.488012313842773
2014-07-15,27.790000915527344,27.110000610351562,27.610000610351562,27.43000030517578,7895400.0,26.43020248413086
2014-07-16,27.8700008392334,27.020000457763672,27.579999923706055,27.559999465942383,7933500.0,26.55545997619629
2014-07-17,27.399999618530273,26.770000457763672,27.31999969482422,27.110000610351562,7909300.0,26.121862411499023
2014-07-18,27.850000381469727,27.18000030517578,27.25,27.809999465942383,6637100.0,26.796344757080078
2014-07-21,27.889999389648438,27.479999542236328,27.729999542236328,27.75,4731500.0,26.738536834716797
2014-07-22,27.860000610351562,27.520000457763672,27.75,27.56999969482422,4331200.0,26.565095901489258
2014-07-23,27.6299991607666,27.3700008392334,27.56999969482422,27.549999237060547,3940200.0,26.54582405090332
2014-07-24,27.8700008392334,27.5,27.700000762939453,27.790000915527344,4470700.0,26.77707862854004
2014-07-25,27.799999237060547,27.3700008392334,27.600000381469727,27.5,4685600.0,26.49764633178711
2014-07-28,27.989999771118164,27.3700008392334,27.479999542236328,27.90999984741211,4774800.0,26.892698287963867
2014-07-29,28.360000610351562,27.760000228881836,27.899999618530273,27.920000076293945,5400400.0,26.9023380279541
2014-07-30,28.649999618530273,28.1299991607666,28.139999389648438,28.5,4867700.0,27.461196899414062
2014-07-31,28.420000076293945,27.719999313354492,28.219999313354492,27.75,5490000.0,26.738536834716797
2014-08-01,27.729999542236328,27.219999313354492,27.549999237060547,27.450000762939453,5843700.0,26.449474334716797
2014-08-04,27.809999465942383,27.239999771118164,27.799999237060547,27.690000534057617,4604600.0,26.680723190307617
2014-08-05,27.799999237060547,27.290000915527344,27.530000686645508,27.420000076293945,4865800.0,26.420560836791992
2014-08-06,27.84000015258789,27.100000381469727,27.18000030517578,27.549999237060547,4696700.0,26.604040145874023
2014-08-07,27.84000015258789,27.079999923706055,27.770000457763672,27.139999389648438,6257900.0,26.208118438720703
2014-08-08,27.719999313354492,26.989999771118164,27.280000686645508,27.68000030517578,5747000.0,26.72957992553711
2014-08-11,27.90999984741211,27.6200008392334,27.81999969482422,27.709999084472656,4602800.0,26.758548736572266
2014-08-12,27.809999465942383,27.5,27.690000534057617,27.600000381469727,3147000.0,26.652324676513672
2014-08-13,27.790000915527344,27.5,27.639999389648438,27.59000015258789,3269500.0,26.642669677734375
2014-08-14,27.850000381469727,27.520000457763672,27.780000686645508,27.6299991607666,3233000.0,26.681293487548828
2014-08-15,27.770000457763672,27.010000228881836,27.739999771118164,27.270000457763672,6334100.0,26.333654403686523
2014-08-18,27.8700008392334,27.43000030517578,27.469999313354492,27.860000610351562,4561600.0,26.903398513793945
2014-08-19,27.920000076293945,27.670000076293945,27.920000076293945,27.829999923706055,4269700.0,26.87442970275879
2014-08-20,28.459999084472656,27.790000915527344,27.829999923706055,28.350000381469727,5746300.0,27.376569747924805
2014-08-21,28.59000015258789,28.149999618530273,28.3700008392334,28.43000030517578,4957300.0,27.45382308959961
2014-08-22,28.860000610351562,28.229999542236328,28.309999465942383,28.56999969482422,5517100.0,27.58901596069336
2014-08-25,29.15999984741211,28.760000228881836,28.770000457763672,28.920000076293945,4949600.0,27.927000045776367
2014-08-26,29.06999969482422,28.81999969482422,28.979999542236328,28.84000015258789,4279200.0,27.849748611450195
2014-08-27,28.899999618530273,28.389999389648438,28.889999389648438,28.469999313354492,3276100.0,27.492448806762695
2014-08-28,28.510000228881836,28.1200008392334,28.399999618530273,28.350000381469727,2352100.0,27.376569747924805
2014-08-29,28.68000030517578,28.3700008392334,28.440000534057617,28.510000228881836,2468300.0,27.531078338623047
2014-09-02,28.799999237060547,28.3700008392334,28.65999984741211,28.709999084472656,3151500.0,27.72420883178711
2014-09-03,28.940000534057617,28.040000915527344,28.860000610351562,28.18000030517578,5585100.0,27.21240997314453
2014-09-04,28.639999389648438,28.170000076293945,28.260000228881836,28.459999084472656,4464200.0,27.482791900634766
2014-09-05,28.65999984741211,28.079999923706055,28.34000015258789,28.639999389648438,4679500.0,27.6566162109375
2014-09-08,29.0,28.5,28.520000457763672,28.860000610351562,4706800.0,27.869064331054688
2014-09-09,28.93000030517578,28.469999313354492,28.729999542236328,28.68000030517578,4266100.0,27.695240020751953
2014-09-10,29.350000381469727,28.68000030517578,28.770000457763672,29.309999465942383,6956100.0,28.30360984802246
2014-09-11,29.3700008392334,28.959999084472656,29.110000610351562,29.239999771118164,6621700.0,28.236013412475586
2014-09-12,29.75,29.290000915527344,29.350000381469727,29.520000457763672,8168900.0,28.50640106201172
2014-09-15,29.479999542236328,29.09000015258789,29.43000030517578,29.260000228881836,6388000.0,28.255329132080078
2014-09-16,29.530000686645508,29.1200008392334,29.25,29.399999618530273,7376600.0,28.390520095825195
2014-09-17,30.3700008392334,29.3799991607666,29.530000686645508,30.200000762939453,9995000.0,29.16305160522461
2014-09-18,31.0,30.34000015258789,30.43000030517578,30.780000686645508,7916800.0,29.723134994506836
2014-09-19,30.959999084472656,30.290000915527344,30.90999984741211,30.3700008392334,10058800.0,29.32720947265625
2014-09-22,30.56999969482422,29.950000762939453,30.299999237060547,30.18000030517578,6066100.0,29.143735885620117
2014-09-23,30.489999771118164,29.889999389648438,30.100000381469727,29.889999389648438,6719800.0,28.86369514465332
2014-09-24,30.239999771118164,29.729999542236328,30.010000228881836,29.950000762939453,9530800.0,28.9216365814209
2014-09-25,29.950000762939453,29.329999923706055,29.780000686645508,29.520000457763672,5313200.0,28.50640106201172
2014-09-26,30.09000015258789,29.520000457763672,29.690000534057617,29.93000030517578,4263100.0,28.90232276916504
2014-09-29,29.8700008392334,29.34000015258789,29.479999542236328,29.739999771118164,4645700.0,28.718843460083008
2014-09-30,30.110000610351562,29.280000686645508,29.90999984741211,29.389999389648438,7935600.0,28.3808650970459
2014-10-01,29.329999923706055,28.690000534057617,29.200000762939453,28.790000915527344,11212600.0,27.80146598815918
2014-10-02,29.1299991607666,28.579999923706055,28.799999237060547,29.049999237060547,11015700.0,28.052536010742188
2014-10-03,29.700000762939453,29.34000015258789,29.420000076293945,29.56999969482422,5938000.0,28.5546817779541
2014-10-06,29.950000762939453,29.389999389648438,29.780000686645508,29.700000762939453,6022900.0,28.68021583557129
2014-10-07,29.549999237060547,28.450000762939453,29.489999771118164,28.479999542236328,8954000.0,27.502103805541992
2014-10-08,28.770000457763672,28.15999984741211,28.540000915527344,28.729999542236328,8288900.0,27.74352264404297
2014-10-09,28.719999313354492,27.110000610351562,28.600000381469727,27.1299991607666,17176500.0,26.198461532592773
2014-10-10,27.219999313354492,26.209999084472656,27.09000015258789,26.229999542236328,17444500.0,25.32936668395996
2014-10-13,26.459999084472656,25.110000610351562,26.25,25.170000076293945,18377600.0,24.305761337280273
2014-10-14,25.65999984741211,24.729999542236328,24.760000228881836,25.280000686645508,13542500.0,24.411983489990234
2014-10-15,25.5,23.350000381469727,24.209999084472656,25.31999969482422,22021300.0,24.45061492919922
2014-10-16,25.860000610351562,24.219999313354492,24.290000915527344,25.5,13858900.0,24.62442970275879
2014-10-17,26.1299991607666,25.610000610351562,25.940000534057617,25.84000015258789,9136500.0,24.952760696411133
2014-10-20,25.850000381469727,25.399999618530273,25.739999771118164,25.719999313354492,6906300.0,24.836877822875977
2014-10-21,26.559999465942383,25.790000915527344,25.989999771118164,26.489999771118164,7649000.0,25.58043670654297
2014-10-22,26.639999389648438,25.989999771118164,26.3799991607666,26.010000228881836,5940300.0,25.116920471191406
2014-10-23,26.709999084472656,26.280000686645508,26.540000915527344,26.530000686645508,7557100.0,25.619064331054688
2014-10-24,26.75,26.31999969482422,26.489999771118164,26.690000534057617,4143600.0,25.77357292175293
2014-10-27,26.700000762939453,26.209999084472656,26.579999923706055,26.40999984741211,5473800.0,25.503185272216797
2014-10-28,27.09000015258789,26.610000610351562,26.639999389648438,27.09000015258789,5014200.0,26.159835815429688
2014-10-29,27.850000381469727,27.040000915527344,27.18000030517578,27.6299991607666,9166100.0,26.681293487548828
2014-10-30,27.850000381469727,27.450000762939453,27.510000228881836,27.75,6637600.0,26.79717254638672
2014-10-31,28.770000457763672,28.209999084472656,28.25,28.670000076293945,7908500.0,27.68558692932129
2014-11-03,28.850000381469727,28.31999969482422,28.75,28.440000534057617,6858100.0,27.463485717773438
2014-11-04,28.639999389648438,28.219999313354492,28.299999237060547,28.559999465942383,4765200.0,27.579362869262695
2014-11-05,28.829999923706055,28.5,28.709999084472656,28.780000686645508,6307200.0,27.850317001342773
2014-11-06,29.06999969482422,28.510000228881836,28.670000076293945,29.040000915527344,6503400.0,28.101919174194336
2014-11-07,29.030000686645508,28.43000030517578,28.969999313354492,28.579999923706055,7658900.0,27.656780242919922
2014-11-10,28.989999771118164,28.600000381469727,28.600000381469727,28.920000076293945,5282400.0,27.985794067382812
2014-11-11,29.15999984741211,28.829999923706055,28.979999542236328,28.850000381469727,4887500.0,27.91805648803711
2014-11-12,28.959999084472656,28.670000076293945,28.670000076293945,28.780000686645508,6000800.0,27.850317001342773
2014-11-13,28.959999084472656,28.610000610351562,28.90999984741211,28.790000915527344,5846500.0,27.859994888305664
2014-11-14,29.110000610351562,28.809999465942383,28.829999923706055,28.8700008392334,4826800.0,27.937410354614258
2014-11-17,28.829999923706055,28.440000534057617,28.719999313354492,28.549999237060547,4310100.0,27.62774658203125
2014-11-18,28.899999618530273,28.540000915527344,28.549999237060547,28.760000228881836,3837000.0,27.830961227416992
2014-11-19,28.739999771118164,28.270000457763672,28.739999771118164,28.520000457763672,4625800.0,27.598712921142578
2014-11-20,28.479999542236328,28.049999237060547,28.25,28.34000015258789,7059300.0,27.424528121948242
2014-11-21,28.770000457763672,28.25,28.75,28.280000686645508,7484200.0,27.36646842956543
2014-11-24,28.540000915527344,28.200000762939453,28.3700008392334,28.420000076293945,5129000.0,27.501941680908203
2014-11-25,28.549999237060547,28.31999969482422,28.5,28.3700008392334,4851500.0,27.45355987548828
2014-11-26,28.459999084472656,28.239999771118164,28.43000030517578,28.299999237060547,3595300.0,27.385818481445312
2014-11-28,28.440000534057617,28.200000762939453,28.290000915527344,28.31999969482422,1839200.0,27.40517234802246
2014-12-01,28.079999923706055,27.229999542236328,28.079999923706055,27.65999984741211,8977400.0,26.766490936279297
2014-12-02,28.290000915527344,27.760000228881836,27.860000610351562,28.280000686645508,4987900.0,27.36646842956543
2014-12-03,29.1200008392334,28.190000534057617,28.200000762939453,29.030000686645508,8952200.0,28.09223747253418
2014-12-04,29.139999389648438,28.739999771118164,28.940000534057617,29.010000228881836,4295600.0,28.07288932800293
2014-12-05,30.219999313354492,29.6200008392334,29.770000457763672,29.969999313354492,12591300.0,29.001873016357422
2014-12-08,30.3700008392334,29.709999084472656,29.940000534057617,30.049999237060547,8087600.0,29.079288482666016
2014-12-09,30.329999923706055,29.360000610351562,29.489999771118164,30.229999542236328,8390800.0,29.25347328186035
2014-12-10,30.260000228881836,29.459999084472656,30.040000915527344,29.520000457763672,7774700.0,28.5664119720459
2014-12-11,30.200000762939453,29.559999465942383,29.790000915527344,29.68000030517578,5774900.0,28.72124481201172
2014-12-12,29.469999313354492,28.729999542236328,29.209999084472656,28.75,7079100.0,27.821287155151367
2014-12-15,29.149999618530273,28.479999542236328,28.8799991607666,28.739999771118164,6543300.0,27.811607360839844
2014-12-16,28.690000534057617,28.100000381469727,28.489999771118164,28.1200008392334,7528900.0,27.21163558959961
2014-12-17,29.280000686645508,28.1200008392334,28.309999465942383,29.190000534057617,14658600.0,28.247074127197266
2014-12-18,30.149999618530273,29.56999969482422,29.81999969482422,30.010000228881836,8087100.0,29.040586471557617
2014-12-19,30.229999542236328,29.860000610351562,30.190000534057617,29.899999618530273,12989200.0,28.93413543701172
2014-12-22,30.139999389648438,29.889999389648438,29.969999313354492,30.059999465942383,3999500.0,29.08896827697754
2014-12-23,30.770000457763672,30.15999984741211,30.209999084472656,30.65999984741211,5372300.0,29.669584274291992
2014-12-24,30.850000381469727,30.530000686645508,30.829999923706055,30.670000076293945,2983300.0,29.679262161254883
2014-12-26,30.889999389648438,30.520000457763672,30.889999389648438,30.530000686645508,2027100.0,29.543787002563477
2014-12-29,30.850000381469727,30.350000381469727,30.389999389648438,30.559999465942383,3756200.0,29.57281494140625
2014-12-30,30.489999771118164,30.299999237060547,30.420000076293945,30.350000381469727,3809100.0,29.369600296020508
2014-12-31,30.670000076293945,30.18000030517578,30.489999771118164,30.190000534057617,2915800.0,29.214767456054688
2015-01-02,30.56999969482422,29.809999465942383,30.40999984741211,30.219999313354492,4537600.0,29.243799209594727
2015-01-05,30.0,29.1299991607666,29.969999313354492,29.209999084472656,5931400.0,28.266422271728516
2015-01-06,29.280000686645508,27.920000076293945,29.209999084472656,28.139999389648438,9825000.0,27.230993270874023
2015-01-07,28.700000762939453,28.219999313354492,28.459999084472656,28.690000534057617,7966100.0,27.763221740722656
2015-01-08,29.520000457763672,29.06999969482422,29.190000534057617,29.440000534057617,5590200.0,28.488998413085938
2015-01-09,29.459999084472656,28.420000076293945,29.440000534057617,28.450000762939453,6730300.0,27.530973434448242
2015-01-12,28.56999969482422,27.920000076293945,28.459999084472656,28.170000076293945,4961100.0,27.260021209716797
2015-01-13,28.959999084472656,27.899999618530273,28.549999237060547,28.190000534057617,5789000.0,27.279375076293945
2015-01-14,27.459999084472656,26.670000076293945,27.459999084472656,27.229999542236328,15089600.0,26.35038185119629
2015-01-15,27.450000762939453,25.5,27.25,26.670000076293945,13304700.0,25.808473587036133
2015-01-16,26.940000534057617,25.43000030517578,26.81999969482422,26.899999618530273,15235700.0,26.031042098999023
2015-01-20,27.100000381469727,26.260000228881836,27.0,26.75,8201300.0,25.885892868041992
2015-01-21,26.969999313354492,26.170000076293945,26.549999237060547,26.700000762939453,8217100.0,25.83751106262207
2015-01-22,27.799999237060547,26.190000534057617,27.190000534057617,27.649999618530273,11160400.0,26.756816864013672
2015-01-23,27.719999313354492,27.170000076293945,27.65999984741211,27.190000534057617,5120900.0,26.311681747436523
2015-01-26,27.420000076293945,26.8799991607666,27.040000915527344,27.360000610351562,4435400.0,26.476184844970703
2015-01-27,27.059999465942383,26.5,26.889999389648438,26.809999465942383,5730400.0,25.943950653076172
2015-01-28,27.0,25.940000534057617,26.979999542236328,25.959999084472656,8124900.0,25.121410369873047
2015-01-29,26.40999984741211,25.829999923706055,25.969999313354492,26.31999969482422,8446700.0,25.469783782958984
2015-01-30,26.420000076293945,25.799999237060547,25.93000030517578,25.979999542236328,9151100.0,25.140762329101562
2015-02-02,26.6200008392334,25.809999465942383,26.059999465942383,26.600000381469727,6327000.0,25.740737915039062
2015-02-03,27.649999618530273,26.739999771118164,26.75,27.6200008392334,10258100.0,26.727787017822266
2015-02-04,27.899999618530273,27.530000686645508,27.530000686645508,27.610000610351562,6594900.0,26.776281356811523
2015-02-05,28.229999542236328,27.700000762939453,27.75,27.920000076293945,5507300.0,27.13588523864746
2015-02-06,29.530000686645508,28.399999618530273,28.5,29.110000610351562,11829300.0,28.29246711730957
2015-02-09,29.100000381469727,28.690000534057617,28.790000915527344,28.790000915527344,5567700.0,27.9814510345459
2015-02-10,29.40999984741211,28.889999389648438,29.09000015258789,29.190000534057617,5198200.0,28.370223999023438
2015-02-11,29.190000534057617,28.8700008392334,29.059999465942383,29.049999237060547,4627400.0,28.234153747558594
2015-02-12,30.030000686645508,29.1299991607666,29.239999771118164,29.959999084472656,10618500.0,29.118593215942383
2015-02-13,30.190000534057617,29.010000228881836,29.959999084472656,29.1299991607666,9595500.0,28.311904907226562
2015-02-17,29.75,29.020000457763672,29.219999313354492,29.739999771118164,7038300.0,28.904773712158203
2015-02-18,29.770000457763672,28.8700008392334,29.5,29.09000015258789,8732700.0,28.273029327392578
2015-02-19,29.459999084472656,29.010000228881836,29.09000015258789,29.280000686645508,4848700.0,28.45769500732422
2015-02-20,29.700000762939453,28.81999969482422,29.15999984741211,29.649999618530273,4995500.0,28.817298889160156
2015-02-23,29.530000686645508,29.149999618530273,29.5,29.510000228881836,4635100.0,28.681232452392578
2015-02-24,30.200000762939453,29.5,29.56999969482422,29.81999969482422,7237100.0,28.982526779174805
2015-02-25,29.979999542236328,29.559999465942383,29.75,29.719999313354492,4332400.0,28.885334014892578
2015-02-26,30.030000686645508,29.579999923706055,29.719999313354492,29.8700008392334,3669400.0,29.0311222076416
2015-02-27,29.8799991607666,29.31999969482422,29.709999084472656,29.34000015258789,5146100.0,28.516006469726562
2015-03-02,30.229999542236328,29.309999465942383,29.34000015258789,30.170000076293945,6423300.0,29.32269859313965
2015-03-03,30.200000762939453,29.700000762939453,30.0,29.950000762939453,4927300.0,29.10887908935547
2015-03-04,30.059999465942383,29.579999923706055,29.739999771118164,29.8700008392334,5173100.0,29.0311222076416
2015-03-05,30.25,29.579999923706055,29.81999969482422,30.209999084472656,6136100.0,29.361574172973633
2015-03-06,31.729999542236328,30.559999465942383,30.6299991607666,31.040000915527344,13199300.0,30.16826629638672
2015-03-09,31.170000076293945,30.719999313354492,31.0,30.979999542236328,8000600.0,30.10994529724121
2015-03-10,30.950000762939453,30.299999237060547,30.540000915527344,30.309999465942383,6677600.0,29.458768844604492
2015-03-11,31.0,30.329999923706055,30.3700008392334,30.68000030517578,5609000.0,29.818374633789062
2015-03-12,31.1299991607666,30.3799991607666,30.770000457763672,31.049999237060547,6592500.0,30.177982330322266
2015-03-13,30.739999771118164,30.100000381469727,30.5,30.34000015258789,9251800.0,29.48792266845703
2015-03-16,30.84000015258789,30.510000228881836,30.600000381469727,30.790000915527344,6866900.0,29.92528533935547
2015-03-17,31.1299991607666,30.649999618530273,30.68000030517578,30.899999618530273,7752800.0,30.03219985961914
2015-03-18,31.1299991607666,29.600000381469727,30.829999923706055,29.770000457763672,14733700.0,28.933931350708008
2015-03-19,29.8700008392334,28.93000030517578,29.729999542236328,29.420000076293945,12247200.0,28.593759536743164
2015-03-20,30.200000762939453,29.440000534057617,29.5,30.010000228881836,10170800.0,29.16718864440918
2015-03-23,30.25,29.899999618530273,30.049999237060547,29.90999984741211,4924000.0,29.06999969482422
2015-03-24,29.979999542236328,29.700000762939453,29.809999465942383,29.790000915527344,5033900.0,28.953372955322266
2015-03-25,29.799999237060547,29.209999084472656,29.799999237060547,29.209999084472656,5568500.0,28.389657974243164
2015-03-26,30.06999969482422,29.030000686645508,29.469999313354492,29.780000686645508,7821400.0,28.94365119934082
2015-03-27,30.239999771118164,29.510000228881836,29.809999465942383,30.229999542236328,7299600.0,29.381013870239258
2015-03-30,30.6200008392334,30.290000915527344,30.31999969482422,30.360000610351562,4145200.0,29.507360458374023
2015-03-31,30.59000015258789,30.079999923706055,30.1200008392334,30.440000534057617,5342800.0,29.585113525390625
2015-04-01,30.440000534057617,29.709999084472656,30.360000610351562,29.93000030517578,8263400.0,29.089433670043945
2015-04-02,30.09000015258789,29.65999984741211,29.950000762939453,30.010000228881836,6892500.0,29.16718864440918
2015-04-06,30.079999923706055,29.1200008392334,29.549999237060547,29.969999313354492,6929800.0,29.128314971923828
2015-04-07,30.100000381469727,29.75,29.90999984741211,29.770000457763672,3625300.0,28.933931350708008
2015-04-08,30.190000534057617,29.68000030517578,29.760000228881836,30.170000076293945,4818900.0,29.32269859313965
2015-04-09,30.68000030517578,30.020000457763672,30.139999389648438,30.600000381469727,4718600.0,29.74062156677246
2015-04-10,30.739999771118164,30.530000686645508,30.56999969482422,30.700000762939453,6021500.0,29.837812423706055
2015-04-13,31.0,30.59000015258789,30.649999618530273,30.920000076293945,5967000.0,30.051637649536133
2015-04-14,30.739999771118164,30.1299991607666,30.709999084472656,30.450000762939453,6881600.0,29.594833374023438
2015-04-15,30.950000762939453,29.899999618530273,30.139999389648438,30.530000686645508,9128700.0,29.672590255737305
2015-04-16,30.6299991607666,30.260000228881836,30.389999389648438,30.520000457763672,4825600.0,29.662866592407227
2015-04-17,30.350000381469727,30.0,30.260000228881836,30.25,6221300.0,29.400449752807617
2015-04-20,30.5,30.079999923706055,30.3799991607666,30.1200008392334,5027600.0,29.27410316467285
2015-04-21,30.34000015258789,29.809999465942383,30.1200008392334,30.15999984741211,7020600.0,29.31298065185547
2015-04-22,30.649999618530273,29.979999542236328,30.190000534057617,30.459999084472656,6795800.0,29.60455322265625
2015-04-23,30.719999313354492,30.280000686645508,30.59000015258789,30.5,6804400.0,29.643428802490234
2015-04-24,30.489999771118164,30.040000915527344,30.489999771118164,30.1200008392334,5837700.0,29.27410316467285
2015-04-27,30.59000015258789,30.059999465942383,30.239999771118164,30.09000015258789,5787700.0,29.244943618774414
2015-04-28,30.520000457763672,30.06999969482422,30.1200008392334,30.489999771118164,5131300.0,29.63371467590332
2015-04-29,31.1299991607666,30.290000915527344,30.469999313354492,30.809999465942383,6808400.0,29.944725036621094
2015-04-30,31.100000381469727,30.40999984741211,30.780000686645508,30.5,6820600.0,29.643428802490234
2015-05-01,30.93000030517578,30.6200008392334,30.670000076293945,30.709999084472656,4239300.0,29.8475284576416
2015-05-04,31.549999237060547,30.600000381469727,30.75,31.3799991607666,7957100.0,30.498714447021484
2015-05-05,31.850000381469727,31.190000534057617,31.25,31.260000228881836,7959800.0,30.38208770751953
2015-05-06,31.690000534057617,30.809999465942383,31.690000534057617,31.020000457763672,8116000.0,30.206804275512695
2015-05-07,31.329999923706055,30.81999969482422,30.989999771118164,31.170000076293945,7309200.0,30.352874755859375
2015-05-08,31.389999389648438,31.010000228881836,31.309999465942383,31.280000686645508,5923000.0,30.459985733032227
2015-05-11,32.18000030517578,31.229999542236328,31.309999465942383,32.040000915527344,11008100.0,31.200063705444336
2015-05-12,32.02000045776367,31.530000686645508,31.8799991607666,31.770000457763672,7336800.0,30.93714141845703
2015-05-13,31.850000381469727,31.520000457763672,31.770000457763672,31.700000762939453,4858100.0,30.868980407714844
2015-05-14,31.989999771118164,31.43000030517578,31.959999084472656,31.809999465942383,6407900.0,30.97609519958496
2015-05-15,31.8799991607666,30.989999771118164,31.739999771118164,31.209999084472656,5259000.0,30.391820907592773
2015-05-18,31.90999984741211,31.219999313354492,31.239999771118164,31.860000610351562,6779500.0,31.024784088134766
2015-05-19,32.43000030517578,31.700000762939453,32.119998931884766,31.739999771118164,5494400.0,30.907930374145508
2015-05-20,31.93000030517578,31.459999084472656,31.729999542236328,31.65999984741211,5243300.0,30.830028533935547
2015-05-21,31.75,31.299999237060547,31.43000030517578,31.479999542236328,5961700.0,30.65474510192871
2015-05-22,31.809999465942383,31.40999984741211,31.459999084472656,31.40999984741211,5657300.0,30.586576461791992
2015-05-26,31.469999313354492,31.200000762939453,31.360000610351562,31.280000686645508,5143000.0,30.459985733032227
2015-05-27,31.850000381469727,31.260000228881836,31.459999084472656,31.760000228881836,4590700.0,30.927404403686523
2015-05-28,31.959999084472656,31.59000015258789,31.690000534057617,31.899999618530273,4823200.0,31.06373405456543
2015-05-29,31.950000762939453,31.18000030517578,31.899999618530273,31.649999618530273,6614600.0,30.820289611816406
2015-06-01,31.829999923706055,31.190000534057617,31.729999542236328,31.440000534057617,4921400.0,30.615795135498047
2015-06-02,31.850000381469727,31.100000381469727,31.350000381469727,31.6299991607666,4489100.0,30.800813674926758
2015-06-03,32.45000076293945,31.760000228881836,31.959999084472656,32.290000915527344,6740000.0,31.443513870239258
2015-06-04,32.369998931884766,31.899999618530273,32.0099983215332,32.2599983215332,7954700.0,31.41429328918457
2015-06-05,33.59000015258789,32.880001068115234,33.470001220703125,33.22999954223633,13552500.0,32.358863830566406
2015-06-08,33.47999954223633,33.0099983215332,33.15999984741211,33.02000045776367,5878500.0,32.15437698364258
2015-06-09,33.16999816894531,32.779998779296875,32.9900016784668,33.02000045776367,5549200.0,32.15437698364258
2015-06-10,33.56999969482422,33.08000183105469,33.189998626708984,33.43000030517578,7451100.0,32.553619384765625
2015-06-11,33.720001220703125,33.34000015258789,33.45000076293945,33.38999938964844,7436700.0,32.51467514038086
2015-06-12,33.529998779296875,33.220001220703125,33.34000015258789,33.36000061035156,5910000.0,32.48545837402344
2015-06-15,33.209999084472656,32.61000061035156,32.9900016784668,33.04999923706055,5355900.0,32.18358612060547
2015-06-16,33.349998474121094,32.90999984741211,32.939998626708984,33.2400016784668,6033300.0,32.36861038208008
2015-06-17,33.59000015258789,32.97999954223633,33.369998931884766,33.06999969482422,7677700.0,32.203067779541016
2015-06-18,33.27000045776367,32.59000015258789,33.150001525878906,33.06999969482422,9954300.0,32.203067779541016
2015-06-19,33.02000045776367,32.59000015258789,32.849998474121094,32.66999816894531,7645400.0,31.813549041748047
2015-06-22,33.47999954223633,32.97999954223633,32.97999954223633,33.369998931884766,5668000.0,32.495201110839844
2015-06-23,33.779998779296875,33.380001068115234,33.529998779296875,33.47999954223633,6172300.0,32.60231399536133
2015-06-24,33.4900016784668,32.970001220703125,33.349998474121094,33.06999969482422,4026400.0,32.203067779541016
2015-06-25,33.52000045776367,33.060001373291016,33.25,33.25,5647500.0,32.37834548950195
2015-06-26,33.599998474121094,33.119998931884766,33.41999816894531,33.529998779296875,13570000.0,32.651004791259766
2015-06-29,33.06999969482422,32.15999984741211,33.060001373291016,32.2599983215332,11173600.0,31.41429328918457
2015-06-30,32.83000183105469,32.22999954223633,32.650001525878906,32.650001525878906,8009300.0,31.794082641601562
2015-07-01,33.31999969482422,32.91999816894531,33.15999984741211,33.119998931884766,7413900.0,32.251747131347656
2015-07-02,32.9900016784668,32.59000015258789,32.9900016784668,32.849998474121094,4716900.0,31.988834381103516
2015-07-06,32.7599983215332,32.18000030517578,32.470001220703125,32.5,5972000.0,31.648012161254883
2015-07-07,32.529998779296875,31.65999984741211,32.38999938964844,32.38999938964844,9808200.0,31.54088592529297
2015-07-08,32.119998931884766,31.450000762939453,32.040000915527344,31.530000686645508,12312700.0,30.703433990478516
2015-07-09,32.38999938964844,31.90999984741211,32.09000015258789,32.18000030517578,12130200.0,31.336395263671875
2015-07-10,33.380001068115234,32.45000076293945,32.70000076293945,32.83000183105469,7849100.0,31.96935272216797
2015-07-13,33.540000915527344,33.09000015258789,33.15999984741211,33.470001220703125,7938900.0,32.59257507324219
2015-07-14,33.86000061035156,33.189998626708984,33.400001525878906,33.77000045776367,6366100.0,32.88471221923828
2015-07-15,33.90999984741211,33.459999084472656,33.83000183105469,33.650001525878906,7054500.0,32.767860412597656
2015-07-16,34.7599983215332,33.7400016784668,33.86000061035156,34.7599983215332,11587400.0,33.848758697509766
2015-07-17,34.93000030517578,34.470001220703125,34.7599983215332,34.790000915527344,7498000.0,33.87797164916992
2015-07-20,35.22999954223633,34.869998931884766,34.93000030517578,34.9900016784668,6952200.0,34.072731018066406
2015-07-21,35.41999816894531,34.66999816894531,35.0,34.93000030517578,6417800.0,34.01430892944336
2015-07-22,35.29999923706055,34.540000915527344,34.81999969482422,35.25,7356600.0,34.32591247558594
2015-07-23,35.529998779296875,34.779998779296875,35.22999954223633,34.959999084472656,6793000.0,34.043521881103516
2015-07-24,34.9900016784668,34.61000061035156,34.869998931884766,34.810001373291016,14035500.0,33.89744567871094
2015-07-27,34.47999954223633,33.84000015258789,34.45000076293945,34.08000183105469,7563200.0,33.18658447265625
2015-07-28,34.61000061035156,34.040000915527344,34.459999084472656,34.47999954223633,6562500.0,33.57610321044922
2015-07-29,34.9900016784668,34.38999938964844,34.560001373291016,34.81999969482422,6790200.0,33.90718460083008
2015-07-30,35.220001220703125,34.72999954223633,34.90999984741211,35.189998626708984,5121300.0,34.267486572265625
2015-07-31,35.06999969482422,34.369998931884766,35.029998779296875,34.880001068115234,9394100.0,33.965614318847656
2015-08-03,34.97999954223633,34.34000015258789,34.93000030517578,34.70000076293945,10479900.0,33.79033279418945
2015-08-04,35.380001068115234,34.630001068115234,34.63999938964844,35.209999084472656,7528500.0,34.28696060180664
2015-08-05,35.66999816894531,35.290000915527344,35.5,35.380001068115234,10247500.0,34.51131820678711
2015-08-06,35.720001220703125,34.810001373291016,35.5099983215332,35.099998474121094,6287900.0,34.23818588256836
2015-08-07,35.5099983215332,34.630001068115234,35.04999923706055,35.029998779296875,5219300.0,34.16990661621094
2015-08-10,35.59000015258789,35.34000015258789,35.400001525878906,35.41999816894531,6782500.0,34.550331115722656
2015-08-11,35.040000915527344,34.41999816894531,34.65999984741211,34.7400016784668,5017100.0,33.887027740478516
2015-08-12,34.33000183105469,33.0099983215332,34.31999969482422,33.849998474121094,10378900.0,33.01887130737305
2015-08-13,34.20000076293945,33.66999816894531,33.9900016784668,34.060001373291016,4253700.0,33.223724365234375
2015-08-14,34.33000183105469,33.939998626708984,34.0099983215332,34.33000183105469,3223000.0,33.48709487915039
2015-08-17,34.16999816894531,33.59000015258789,34.11000061035156,34.040000915527344,6397800.0,33.204219818115234
2015-08-18,34.09000015258789,33.56999969482422,33.959999084472656,33.91999816894531,5640800.0,33.087162017822266
2015-08-19,33.790000915527344,33.09000015258789,33.720001220703125,33.099998474121094,8725500.0,32.28729248046875
2015-08-20,32.75,32.18000030517578,32.689998626708984,32.189998626708984,10267400.0,31.399639129638672
2015-08-21,32.0,30.920000076293945,31.809999465942383,30.93000030517578,11616700.0,30.170574188232422
2015-08-24,30.739999771118164,27.530000686645508,28.440000534057617,29.549999237060547,14441200.0,28.824459075927734
2015-08-25,30.579999923706055,28.770000457763672,30.579999923706055,28.799999237060547,14719500.0,28.092876434326172
2015-08-26,29.899999618530273,28.93000030517578,29.8700008392334,29.739999771118164,21359100.0,29.00979232788086
2015-08-27,30.719999313354492,29.760000228881836,30.149999618530273,30.360000610351562,17298000.0,29.61457061767578
2015-08-28,30.84000015258789,30.0,30.200000762939453,30.700000762939453,11173500.0,29.946224212646484
2015-08-31,30.690000534057617,30.299999237060547,30.579999923706055,30.3799991607666,7850100.0,29.634078979492188
2015-09-01,29.6299991607666,28.90999984741211,29.5,29.09000015258789,12905000.0,28.37575340270996
2015-09-02,29.700000762939453,28.90999984741211,29.6200008392334,29.399999618530273,10986100.0,28.678142547607422
2015-09-03,30.280000686645508,29.350000381469727,29.56999969482422,29.760000228881836,10587600.0,29.0293025970459
2015-09-04,29.690000534057617,28.829999923706055,29.440000534057617,29.100000381469727,7258000.0,28.385509490966797
2015-09-08,31.149999618530273,29.81999969482422,29.81999969482422,31.100000381469727,14208300.0,30.336400985717773
2015-09-09,31.860000610351562,30.5,31.469999313354492,30.579999923706055,8762500.0,29.829172134399414
2015-09-10,30.93000030517578,30.3700008392334,30.579999923706055,30.600000381469727,10879000.0,29.848678588867188
2015-09-11,30.56999969482422,30.030000686645508,30.56999969482422,30.489999771118164,6891400.0,29.741378784179688
2015-09-14,30.540000915527344,29.969999313354492,30.440000534057617,30.229999542236328,7141600.0,29.487760543823242
2015-09-15,31.0,30.219999313354492,30.40999984741211,30.81999969482422,9950000.0,30.063274383544922
2015-09-16,31.219999313354492,30.5,30.84000015258789,31.110000610351562,9795900.0,30.34615707397461
2015-09-17,31.719999313354492,29.6299991607666,31.110000610351562,29.780000686645508,19452600.0,29.048810958862305
2015-09-18,29.110000610351562,28.450000762939453,29.049999237060547,28.450000762939453,24293400.0,27.751468658447266
2015-09-21,29.290000915527344,28.700000762939453,28.8700008392334,29.049999237060547,9777600.0,28.336732864379883
2015-09-22,28.68000030517578,27.989999771118164,28.540000915527344,28.329999923706055,11576600.0,27.634410858154297
2015-09-23,28.75,28.229999542236328,28.329999923706055,28.479999542236328,6852800.0,27.780731201171875
2015-09-24,28.200000762939453,27.510000228881836,28.079999923706055,27.8799991607666,13876900.0,27.195463180541992
2015-09-25,29.450000762939453,28.219999313354492,28.520000457763672,28.420000076293945,18246400.0,27.72220230102539
2015-09-28,28.15999984741211,27.100000381469727,28.049999237060547,27.280000686645508,9989600.0,26.61018943786621
2015-09-29,27.799999237060547,27.1299991607666,27.350000381469727,27.579999923706055,13568300.0,26.902828216552734
2015-09-30,28.59000015258789,27.979999542236328,28.049999237060547,28.559999465942383,11386400.0,27.8587646484375
2015-10-01,28.639999389648438,27.84000015258789,28.520000457763672,28.549999237060547,10716100.0,27.849010467529297
2015-10-02,27.68000030517578,26.399999618530273,27.0,27.600000381469727,30332600.0,26.922334671020508
2015-10-05,28.399999618530273,27.790000915527344,27.90999984741211,28.3700008392334,8283600.0,27.673429489135742
2015-10-06,28.239999771118164,27.600000381469727,28.170000076293945,27.65999984741211,13204000.0,26.980863571166992
2015-10-07,28.139999389648438,27.479999542236328,27.8700008392334,28.1299991607666,12248900.0,27.43932342529297
2015-10-08,28.489999771118164,27.809999465942383,27.950000762939453,28.329999923706055,9136300.0,27.634410858154297
2015-10-09,28.6299991607666,28.09000015258789,28.34000015258789,28.219999313354492,8358700.0,27.527116775512695
2015-10-12,28.399999618530273,27.989999771118164,28.149999618530273,28.389999389648438,5291500.0,27.69293975830078
2015-10-13,28.540000915527344,28.059999465942383,28.1200008392334,28.09000015258789,5356000.0,27.400304794311523
2015-10-14,28.040000915527344,27.510000228881836,27.979999542236328,27.780000686645508,11201100.0,27.097919464111328
2015-10-15,28.6299991607666,27.729999542236328,27.81999969482422,28.600000381469727,7432500.0,27.897783279418945
2015-10-16,28.889999389648438,28.350000381469727,28.889999389648438,28.68000030517578,9047800.0,27.97581672668457
2015-10-19,28.700000762939453,28.209999084472656,28.31999969482422,28.5,7015200.0,27.80023956298828
2015-10-20,29.399999618530273,28.489999771118164,28.559999465942383,29.350000381469727,9256700.0,28.629369735717773
2015-10-21,29.6200008392334,28.809999465942383,29.479999542236328,28.860000610351562,7016000.0,28.151397705078125
2015-10-22,29.610000610351562,28.850000381469727,28.959999084472656,29.450000762939453,7644900.0,28.726913452148438
2015-10-23,30.489999771118164,29.780000686645508,29.90999984741211,30.43000030517578,11372900.0,29.682851791381836
2015-10-26,30.510000228881836,30.079999923706055,30.3700008392334,30.450000762939453,6334800.0,29.702362060546875
2015-10-27,30.309999465942383,29.610000610351562,30.1200008392334,29.850000381469727,8956100.0,29.11709213256836
2015-10-28,31.049999237060547,29.770000457763672,29.860000610351562,30.940000534057617,25173700.0,30.180330276489258
2015-10-29,31.280000686645508,30.56999969482422,30.940000534057617,31.0,9483800.0,30.238853454589844
2015-10-30,31.049999237060547,30.479999542236328,30.899999618530273,30.520000457763672,6254200.0,29.770647048950195
2015-11-02,31.479999542236328,30.469999313354492,30.65999984741211,31.3700008392334,7031100.0,30.599773406982422
2015-11-03,31.729999542236328,31.15999984741211,31.260000228881836,31.489999771118164,7132800.0,30.716825485229492
2015-11-04,31.729999542236328,31.389999389648438,31.520000457763672,31.440000534057617,7212200.0,30.72660255432129
2015-11-05,31.799999237060547,31.489999771118164,31.559999465942383,31.56999969482422,8704500.0,30.853647232055664
2015-11-06,34.16999816894531,32.52000045776367,32.52000045776367,33.5099983215332,27112100.0,32.74962615966797
2015-11-09,33.880001068115234,33.380001068115234,33.59000015258789,33.4900016784668,17265800.0,32.730079650878906
2015-11-10,33.459999084472656,32.880001068115234,33.279998779296875,33.33000183105469,9354800.0,32.5737190246582
2015-11-11,33.77000045776367,33.31999969482422,33.31999969482422,33.529998779296875,6995200.0,32.7691764831543
2015-11-12,33.2599983215332,32.66999816894531,33.09000015258789,32.790000915527344,7987900.0,32.045963287353516
2015-11-13,32.90999984741211,32.18000030517578,32.619998931884766,32.310001373291016,8309700.0,31.576858520507812
2015-11-16,32.59000015258789,31.899999618530273,32.2599983215332,32.59000015258789,7966700.0,31.850507736206055
2015-11-17,33.2400016784668,32.290000915527344,32.790000915527344,32.810001373291016,7766000.0,32.065513610839844
2015-11-18,33.52000045776367,32.77000045776367,32.869998931884766,33.400001525878906,8036400.0,32.642127990722656
2015-11-19,33.560001373291016,32.95000076293945,33.36000061035156,33.040000915527344,7106000.0,32.2902946472168
2015-11-20,33.43000030517578,33.15999984741211,33.25,33.34000015258789,9207300.0,32.58348846435547
2015-11-23,33.54999923706055,33.209999084472656,33.41999816894531,33.290000915527344,5874500.0,32.53462219238281
2015-11-24,33.56999969482422,32.790000915527344,32.90999984741211,33.5,9006800.0,32.7398567199707
2015-11-25,33.810001373291016,33.43000030517578,33.66999816894531,33.689998626708984,11356600.0,32.925537109375
2015-11-27,33.790000915527344,33.43000030517578,33.689998626708984,33.7400016784668,2004100.0,32.97441101074219
2015-11-30,33.95000076293945,33.459999084472656,33.93000030517578,33.709999084472656,6710400.0,32.945091247558594
2015-12-01,34.15999984741211,33.459999084472656,33.91999816894531,34.02000045776367,6548600.0,33.248050689697266
2015-12-02,34.220001220703125,33.47999954223633,34.130001068115234,33.59000015258789,7199500.0,32.82781219482422
2015-12-03,33.849998474121094,32.95000076293945,33.790000915527344,32.97999954223633,9018400.0,32.23165512084961
2015-12-04,34.52000045776367,33.16999816894531,33.31999969482422,34.5099983215332,14250300.0,33.72693634033203
2015-12-07,34.47999954223633,33.880001068115234,34.38999938964844,34.08000183105469,6641300.0,33.30669403076172
2015-12-08,34.099998474121094,33.599998474121094,33.72999954223633,33.86000061035156,6117900.0,33.0916862487793
2015-12-09,34.099998474121094,32.84000015258789,33.66999816894531,32.970001220703125,9684800.0,32.22188186645508
2015-12-10,33.650001525878906,32.880001068115234,33.0099983215332,33.2599983215332,4641300.0,32.50529861450195
2015-12-11,32.79999923706055,31.670000076293945,32.630001068115234,31.770000457763672,10214500.0,31.04911231994629
2015-12-14,32.61000061035156,31.6200008392334,32.04999923706055,32.25,11458200.0,31.51821517944336
2015-12-15,33.290000915527344,32.689998626708984,32.689998626708984,33.18000030517578,10841700.0,32.427120208740234
2015-12-16,34.0,32.81999969482422,33.619998931884766,33.810001373291016,15136400.0,33.042823791503906
2015-12-17,34.11000061035156,33.08000183105469,34.029998779296875,33.209999084472656,7335300.0,32.45642852783203
2015-12-18,33.029998779296875,31.899999618530273,32.88999938964844,31.90999984741211,14251000.0,31.185935974121094
2015-12-21,32.400001525878906,31.8700008392334,32.22999954223633,32.209999084472656,6950100.0,31.479124069213867
2015-12-22,32.9900016784668,32.15999984741211,32.54999923706055,32.900001525878906,5324600.0,32.153472900390625
2015-12-23,33.16999816894531,32.7400016784668,33.13999938964844,33.060001373291016,6389800.0,32.30984878540039
2015-12-24,33.2599983215332,32.88999938964844,33.0,33.04999923706055,1464400.0,32.30006408691406
2015-12-28,33.11000061035156,32.599998474121094,32.90999984741211,33.11000061035156,3885600.0,32.358699798583984
2015-12-29,33.619998931884766,33.290000915527344,33.38999938964844,33.560001373291016,4152800.0,32.798492431640625
2015-12-30,33.720001220703125,33.22999954223633,33.41999816894531,33.25,3142100.0,32.49552536010742
2015-12-31,33.470001220703125,32.70000076293945,32.97999954223633,32.93000030517578,6026400.0,32.18278884887695
2016-01-04,32.08000183105469,31.469999313354492,31.950000762939453,31.979999542236328,9605700.0,31.254344940185547
2016-01-05,32.22999954223633,31.56999969482422,32.02000045776367,31.8799991607666,5948200.0,31.156614303588867
2016-01-06,31.3799991607666,30.530000686645508,31.25,30.790000915527344,8809000.0,30.09134864807129
2016-01-07,30.209999084472656,28.969999313354492,29.93000030517578,29.18000030517578,15041400.0,28.51787757873535
2016-01-08,29.81999969482422,28.93000030517578,29.510000228881836,29.0,15311800.0,28.34196662902832
2016-01-11,29.3799991607666,28.239999771118164,29.209999084472656,28.739999771118164,15913800.0,28.087865829467773
2016-01-12,29.420000076293945,28.809999465942383,29.040000915527344,29.239999771118164,10914400.0,28.576519012451172
2016-01-13,29.459999084472656,27.459999084472656,29.110000610351562,27.709999084472656,12194000.0,27.081233978271484
2016-01-14,28.389999389648438,26.90999984741211,27.8799991607666,28.1200008392334,10839900.0,27.481931686401367
2016-01-15,27.520000457763672,26.530000686645508,26.979999542236328,27.020000457763672,19308000.0,26.406892776489258
2016-01-19,28.09000015258789,26.229999542236328,28.049999237060547,26.510000228881836,14403600.0,25.908462524414062
2016-01-20,25.889999389648438,24.3700008392334,25.889999389648438,25.270000457763672,28589700.0,24.69660186767578
2016-01-21,25.479999542236328,24.3700008392334,25.290000915527344,24.3799991607666,27541800.0,23.826797485351562
2016-01-22,25.899999618530273,24.780000686645508,25.110000610351562,25.829999923706055,20091700.0,25.243894577026367
2016-01-25,25.950000762939453,25.1200008392334,25.719999313354492,25.170000076293945,15281700.0,24.598873138427734
2016-01-26,25.739999771118164,25.139999389648438,25.389999389648438,25.450000762939453,11635000.0,24.87251853942871
2016-01-27,26.020000457763672,24.989999771118164,25.360000610351562,25.25,10322900.0,24.67705726623535
2016-01-28,25.700000762939453,24.649999618530273,25.530000686645508,24.81999969482422,12099100.0,24.256811141967773
2016-01-29,25.6299991607666,24.719999313354492,25.1299991607666,25.530000686645508,13883700.0,24.950702667236328
2016-02-01,25.489999771118164,24.969999313354492,25.43000030517578,25.280000686645508,9459900.0,24.706377029418945
2016-02-02,24.8700008392334,23.8799991607666,24.850000381469727,24.110000610351562,10292000.0,23.562925338745117
2016-02-03,24.579999923706055,22.920000076293945,24.329999923706055,24.3799991607666,23511300.0,23.826797485351562
2016-02-04,25.170000076293945,24.299999237060547,24.309999465942383,24.969999313354492,13893100.0,24.403406143188477
2016-02-05,25.469999313354492,24.260000228881836,24.940000534057617,24.360000610351562,10810100.0,23.807249069213867
2016-02-08,23.81999969482422,23.139999389648438,23.75,23.610000610351562,18211900.0,23.074268341064453
2016-02-09,23.84000015258789,22.850000381469727,22.889999389648438,23.34000015258789,17234000.0,22.810396194458008
2016-02-10,24.110000610351562,22.68000030517578,23.600000381469727,22.700000762939453,17127300.0,22.24209213256836
2016-02-11,22.399999618530273,21.510000228881836,21.889999389648438,22.219999313354492,22320900.0,21.771772384643555
2016-02-12,23.020000457763672,22.18000030517578,22.799999237060547,22.81999969482422,10328800.0,22.359670639038086
2016-02-16,23.770000457763672,23.049999237060547,23.549999237060547,23.579999923706055,9910600.0,23.10434341430664
2016-02-17,24.639999389648438,23.969999313354492,23.989999771118164,24.479999542236328,12636300.0,23.98618507385254
2016-02-18,24.59000015258789,23.84000015258789,24.5,24.15999984741211,9019000.0,23.672639846801758
2016-02-19,24.670000076293945,23.950000762939453,23.959999084472656,24.440000534057617,9175500.0,23.946996688842773
2016-02-22,25.100000381469727,24.329999923706055,24.440000534057617,24.540000915527344,11227000.0,24.044979095458984
2016-02-23,24.5,23.959999084472656,24.450000762939453,24.1299991607666,10435200.0,23.643251419067383
2016-02-24,23.829999923706055,23.0,23.649999618530273,23.68000030517578,12107400.0,23.20232582092285
2016-02-25,24.100000381469727,23.56999969482422,23.739999771118164,24.09000015258789,8114900.0,23.604055404663086
2016-02-26,25.709999084472656,24.389999389648438,24.43000030517578,25.459999084472656,16588200.0,24.94641876220703
2016-02-29,25.559999465942383,25.010000228881836,25.350000381469727,25.049999237060547,12968300.0,24.544687271118164
2016-03-01,26.530000686645508,25.270000457763672,25.3700008392334,26.389999389648438,15668600.0,25.85765838623047
2016-03-02,26.780000686645508,26.309999465942383,26.40999984741211,26.739999771118164,10198400.0,26.200603485107422
2016-03-03,27.18000030517578,26.280000686645508,26.56999969482422,27.110000610351562,9572400.0,26.563135147094727
2016-03-04,27.829999923706055,26.940000534057617,27.450000762939453,27.149999618530273,10308200.0,26.602325439453125
2016-03-07,27.59000015258789,26.59000015258789,26.920000076293945,27.530000686645508,8390500.0,26.97466278076172
2016-03-08,27.299999237060547,26.360000610351562,27.100000381469727,26.670000076293945,11285800.0,26.13201332092285
2016-03-09,27.030000686645508,26.31999969482422,26.920000076293945,26.549999237060547,6938100.0,26.014434814453125
2016-03-10,26.8799991607666,25.979999542236328,26.84000015258789,26.639999389648438,14320400.0,26.102619171142578
2016-03-11,28.260000228881836,26.950000762939453,27.020000457763672,28.200000762939453,12871000.0,27.631149291992188
2016-03-14,28.1200008392334,27.510000228881836,28.0,27.84000015258789,6567000.0,27.278411865234375
2016-03-15,27.739999771118164,27.290000915527344,27.479999542236328,27.739999771118164,7197200.0,27.18042755126953
2016-03-16,28.200000762939453,26.75,27.670000076293945,26.920000076293945,16389400.0,26.376968383789062
2016-03-17,27.920000076293945,26.649999618530273,26.65999984741211,27.670000076293945,9637200.0,27.111839294433594
2016-03-18,28.399999618530273,27.790000915527344,27.860000610351562,28.3700008392334,12710000.0,27.79772186279297
2016-03-21,29.040000915527344,27.84000015258789,28.34000015258789,28.280000686645508,7728600.0,27.709535598754883
2016-03-22,28.6200008392334,27.799999237060547,27.920000076293945,28.40999984741211,7022100.0,27.836912155151367
2016-03-23,28.56999969482422,27.899999618530273,28.43000030517578,28.030000686645508,7297600.0,27.464582443237305
2016-03-24,28.110000610351562,27.399999618530273,27.56999969482422,28.09000015258789,6642600.0,27.523366928100586
2016-03-28,28.219999313354492,27.690000534057617,28.1200008392334,28.09000015258789,6378200.0,27.523366928100586
2016-03-29,28.09000015258789,27.559999465942383,27.799999237060547,28.020000457763672,8648000.0,27.45478057861328
2016-03-30,28.549999237060547,27.84000015258789,28.25,28.170000076293945,6563000.0,27.60175132751465
2016-03-31,28.329999923706055,27.950000762939453,28.149999618530273,28.020000457763672,7809700.0,27.45478057861328
2016-04-01,28.450000762939453,27.510000228881836,27.739999771118164,28.3799991607666,6896200.0,27.80751609802246
2016-04-04,28.520000457763672,27.920000076293945,28.350000381469727,27.989999771118164,4988800.0,27.425386428833008
2016-04-05,27.700000762939453,27.1200008392334,27.6299991607666,27.389999389648438,6736200.0,26.837486267089844
2016-04-06,27.940000534057617,27.3700008392334,27.389999389648438,27.829999923706055,6736900.0,27.268611907958984
2016-04-07,27.530000686645508,26.270000457763672,27.440000534057617,26.389999389648438,9809300.0,25.85765838623047
2016-04-08,27.049999237060547,26.479999542236328,26.780000686645508,26.610000610351562,6727700.0,26.073225021362305
2016-04-11,27.440000534057617,26.860000610351562,26.899999618530273,27.040000915527344,7367300.0,26.494548797607422
2016-04-12,27.579999923706055,27.020000457763672,27.190000534057617,27.450000762939453,7549800.0,26.89628028869629
2016-04-13,28.670000076293945,27.799999237060547,27.889999389648438,28.6200008392334,8264500.0,28.042678833007812
2016-04-14,28.979999542236328,28.389999389648438,28.510000228881836,28.739999771118164,8114500.0,28.160255432128906
2016-04-15,29.18000030517578,28.420000076293945,29.100000381469727,28.530000686645508,12251100.0,27.954490661621094
2016-04-18,28.889999389648438,28.270000457763672,28.43000030517578,28.850000381469727,5553200.0,28.268037796020508
2016-04-19,28.899999618530273,28.260000228881836,28.8700008392334,28.770000457763672,8969200.0,28.189653396606445
2016-04-20,29.219999313354492,28.59000015258789,28.850000381469727,29.09000015258789,7800100.0,28.503196716308594
2016-04-21,29.459999084472656,29.0,29.149999618530273,29.1299991607666,7311500.0,28.54238510131836
2016-04-22,29.950000762939453,29.239999771118164,29.260000228881836,29.719999313354492,7697200.0,29.120485305786133
2016-04-25,29.860000610351562,29.399999618530273,29.670000076293945,29.6299991607666,5088000.0,29.03230094909668
2016-04-26,29.8799991607666,29.530000686645508,29.670000076293945,29.860000610351562,6089100.0,29.257665634155273
2016-04-27,30.229999542236328,29.56999969482422,29.729999542236328,29.899999618530273,7916800.0,29.296859741210938
2016-04-28,29.829999923706055,28.93000030517578,29.520000457763672,28.979999542236328,7304200.0,28.39541244506836
2016-04-29,28.84000015258789,28.110000610351562,28.790000915527344,28.40999984741211,9875900.0,27.836912155151367
2016-05-02,28.829999923706055,28.020000457763672,28.440000534057617,28.790000915527344,7043900.0,28.209247589111328
2016-05-03,28.299999237060547,27.68000030517578,28.299999237060547,28.0,6998600.0,27.435182571411133
2016-05-04,28.059999465942383,27.389999389648438,27.670000076293945,27.540000915527344,6614200.0,26.984464645385742
2016-05-05,27.75,27.290000915527344,27.600000381469727,27.540000915527344,6359800.0,26.984464645385742
2016-05-06,27.639999389648438,26.950000762939453,27.229999542236328,27.309999465942383,6859800.0,26.75909996032715
2016-05-09,27.6299991607666,27.15999984741211,27.299999237060547,27.270000457763672,4000100.0,26.719907760620117
2016-05-10,28.059999465942383,27.31999969482422,27.420000076293945,28.010000228881836,5397500.0,27.444982528686523
2016-05-11,28.209999084472656,27.780000686645508,27.889999389648438,27.790000915527344,5717900.0,27.297637939453125
2016-05-12,28.260000228881836,27.6299991607666,28.010000228881836,27.940000534057617,5654000.0,27.444982528686523
2016-05-13,28.360000610351562,27.43000030517578,27.860000610351562,27.530000686645508,6614100.0,27.042247772216797
2016-05-16,27.899999618530273,27.420000076293945,27.530000686645508,27.690000534057617,6188700.0,27.19941520690918
2016-05-17,28.110000610351562,27.520000457763672,27.690000534057617,27.920000076293945,8666900.0,27.425336837768555
2016-05-18,29.40999984741211,27.899999618530273,28.0,29.290000915527344,14325100.0,28.771068572998047
2016-05-19,29.520000457763672,28.540000915527344,29.020000457763672,28.959999084472656,8894500.0,28.446910858154297
2016-05-20,29.579999923706055,29.079999923706055,29.190000534057617,29.440000534057617,8608500.0,28.918407440185547
2016-05-23,29.510000228881836,29.079999923706055,29.31999969482422,29.280000686645508,6265200.0,28.76123809814453
2016-05-24,30.280000686645508,29.450000762939453,29.510000228881836,30.219999313354492,7607200.0,29.684585571289062
2016-05-25,30.899999618530273,30.350000381469727,30.389999389648438,30.639999389648438,7709700.0,30.097143173217773
2016-05-26,30.68000030517578,29.989999771118164,30.610000610351562,30.149999618530273,6198200.0,29.615825653076172
2016-05-27,30.639999389648438,30.110000610351562,30.260000228881836,30.6299991607666,5581500.0,30.08732032775879
2016-05-31,31.06999969482422,30.540000915527344,30.989999771118164,30.579999923706055,7562400.0,30.0382080078125
2016-06-01,30.959999084472656,29.93000030517578,30.579999923706055,30.809999465942383,7820900.0,30.264131546020508
2016-06-02,30.90999984741211,30.600000381469727,30.639999389648438,30.84000015258789,7451800.0,30.293603897094727
2016-06-03,30.030000686645508,28.93000030517578,29.989999771118164,29.219999313354492,13893200.0,28.702301025390625
2016-06-06,29.920000076293945,29.209999084472656,29.290000915527344,29.799999237060547,8125400.0,29.27202796936035
2016-06-07,29.90999984741211,29.3799991607666,29.90999984741211,29.5,6490000.0,28.977340698242188
2016-06-08,29.68000030517578,29.3700008392334,29.43000030517578,29.450000762939453,4479100.0,28.928226470947266
2016-06-09,29.229999542236328,28.639999389648438,29.18000030517578,29.09000015258789,8899500.0,28.574604034423828
2016-06-10,28.670000076293945,28.239999771118164,28.549999237060547,28.450000762939453,10613900.0,27.945947647094727
2016-06-13,28.59000015258789,28.059999465942383,28.260000228881836,28.139999389648438,6301400.0,27.64143943786621
2016-06-14,28.450000762939453,27.75,27.950000762939453,27.979999542236328,11708600.0,27.48427391052246
2016-06-15,28.899999618530273,28.100000381469727,28.200000762939453,28.459999084472656,14057600.0,27.955768585205078
2016-06-16,28.540000915527344,27.75,28.09000015258789,28.510000228881836,11362400.0,28.0048828125
2016-06-17,28.940000534057617,28.270000457763672,28.549999237060547,28.3799991607666,10044700.0,27.877185821533203
2016-06-20,29.290000915527344,28.600000381469727,28.969999313354492,28.649999618530273,9790200.0,28.14240074157715
2016-06-21,28.809999465942383,28.31999969482422,28.770000457763672,28.3799991607666,9976400.0,27.877185821533203
2016-06-22,28.649999618530273,28.299999237060547,28.3799991607666,28.34000015258789,6112100.0,27.837894439697266
2016-06-23,29.700000762939453,28.709999084472656,28.860000610351562,29.690000534057617,12661700.0,29.163976669311523
2016-06-24,27.770000457763672,26.149999618530273,27.34000015258789,26.149999618530273,26534700.0,25.686697006225586
2016-06-27,25.440000534057617,24.020000457763672,25.399999618530273,24.049999237060547,29904300.0,23.623897552490234
2016-06-28,24.829999923706055,24.329999923706055,24.59000015258789,24.559999465942383,25247400.0,24.124868392944336
2016-06-29,25.399999618530273,24.8700008392334,25.100000381469727,25.299999237060547,26042700.0,24.85175323486328
2016-06-30,25.489999771118164,24.81999969482422,25.360000610351562,25.309999465942383,18897600.0,24.861576080322266
2016-07-01,25.56999969482422,24.93000030517578,25.200000762939453,25.110000610351562,10774900.0,24.665119171142578
2016-07-05,24.799999237060547,24.190000534057617,24.770000457763672,24.34000015258789,10403500.0,23.908763885498047
2016-07-06,24.790000915527344,23.829999923706055,24.1200008392334,24.670000076293945,12349500.0,24.232919692993164
2016-07-07,25.350000381469727,24.760000228881836,24.81999969482422,25.260000228881836,15949500.0,24.812458038330078
2016-07-08,26.110000610351562,25.610000610351562,25.889999389648438,25.729999542236328,15380400.0,25.27413558959961
2016-07-11,26.239999771118164,25.729999542236328,25.989999771118164,25.780000686645508,11568100.0,25.323251724243164
2016-07-12,26.90999984741211,26.350000381469727,26.350000381469727,26.760000228881836,12062800.0,26.285888671875
2016-07-13,26.799999237060547,26.170000076293945,26.649999618530273,26.43000030517578,6926600.0,25.96173667907715
2016-07-14,27.329999923706055,26.780000686645508,27.1200008392334,26.920000076293945,7718200.0,26.44305419921875
2016-07-15,27.350000381469727,26.81999969482422,27.219999313354492,27.030000686645508,8349400.0,26.551105499267578
2016-07-18,27.610000610351562,26.809999465942383,27.600000381469727,27.100000381469727,9533700.0,26.61986541748047
2016-07-19,27.530000686645508,26.860000610351562,27.100000381469727,27.479999542236328,8148000.0,26.993131637573242
2016-07-20,27.940000534057617,27.190000534057617,27.670000076293945,27.920000076293945,9585400.0,27.425336837768555
2016-07-21,27.989999771118164,27.739999771118164,27.979999542236328,27.860000610351562,11216100.0,27.366397857666016
2016-07-22,28.200000762939453,27.860000610351562,28.0,28.18000030517578,6419500.0,27.680727005004883
2016-07-25,28.40999984741211,28.020000457763672,28.18000030517578,28.260000228881836,7094800.0,27.75931167602539
2016-07-26,28.690000534057617,28.030000686645508,28.09000015258789,28.649999618530273,9072400.0,28.14240074157715
2016-07-27,29.030000686645508,28.510000228881836,28.700000762939453,28.709999084472656,8590200.0,28.201335906982422
2016-07-28,28.799999237060547,28.3700008392334,28.600000381469727,28.709999084472656,4669900.0,28.201335906982422
2016-07-29,28.639999389648438,28.100000381469727,28.5,28.420000076293945,6984600.0,27.91647720336914
2016-08-01,28.65999984741211,28.260000228881836,28.549999237060547,28.34000015258789,8122600.0,27.837894439697266
2016-08-02,28.68000030517578,27.709999084472656,28.309999465942383,27.93000030517578,9156800.0,27.435157775878906
2016-08-03,28.559999465942383,27.8700008392334,27.8700008392334,28.389999389648438,9956000.0,27.887008666992188
2016-08-04,28.510000228881836,28.09000015258789,28.31999969482422,28.489999771118164,4770400.0,27.9852352142334
2016-08-05,29.940000534057617,29.0,29.0,29.93000030517578,13442700.0,29.399723052978516
2016-08-08,30.200000762939453,29.899999618530273,30.0,30.059999465942383,9275900.0,29.527420043945312
2016-08-09,30.25,29.90999984741211,30.06999969482422,30.09000015258789,6036200.0,29.556888580322266
2016-08-10,30.079999923706055,29.5,30.0,29.559999465942383,10265200.0,29.103986740112305
2016-08-11,30.0,29.579999923706055,29.709999084472656,29.920000076293945,5586500.0,29.458433151245117
2016-08-12,29.75,29.229999542236328,29.530000686645508,29.700000762939453,6475400.0,29.2418270111084
2016-08-15,30.270000457763672,29.829999923706055,29.860000610351562,30.209999084472656,5774900.0,29.743959426879883
2016-08-16,30.420000076293945,29.979999542236328,30.1200008392334,30.139999389648438,5060600.0,29.67504119873047
2016-08-17,30.260000228881836,29.989999771118164,30.079999923706055,30.110000610351562,6933600.0,29.6455020904541
2016-08-18,30.350000381469727,29.969999313354492,30.079999923706055,30.190000534057617,3517700.0,29.72426414489746
2016-08-19,30.600000381469727,30.049999237060547,30.149999618530273,30.450000762939453,6290100.0,29.980255126953125
2016-08-22,30.3799991607666,30.09000015258789,30.290000915527344,30.18000030517578,4291500.0,29.71442222595215
2016-08-23,30.530000686645508,30.270000457763672,30.420000076293945,30.420000076293945,5820900.0,29.95071792602539
2016-08-24,30.5,30.219999313354492,30.450000762939453,30.229999542236328,6628200.0,29.763648986816406
2016-08-25,30.489999771118164,30.149999618530273,30.219999313354492,30.489999771118164,5667500.0,30.019636154174805
2016-08-26,31.040000915527344,30.469999313354492,30.600000381469727,30.950000762939453,10696900.0,30.472545623779297
2016-08-29,31.40999984741211,30.989999771118164,31.020000457763672,31.049999237060547,7291200.0,30.571001052856445
2016-08-30,31.639999389648438,31.15999984741211,31.15999984741211,31.610000610351562,7895800.0,31.122360229492188
2016-08-31,31.8700008392334,31.15999984741211,31.649999618530273,31.459999084472656,9889300.0,30.97467613220215
2016-09-01,31.850000381469727,30.6299991607666,31.639999389648438,30.979999542236328,8278300.0,30.502079010009766
2016-09-02,31.3700008392334,30.690000534057617,31.1200008392334,31.270000457763672,6039300.0,30.787607192993164
2016-09-06,31.469999313354492,30.40999984741211,31.31999969482422,30.729999542236328,8764800.0,30.255935668945312
2016-09-07,30.860000610351562,30.459999084472656,30.520000457763672,30.770000457763672,6639600.0,30.295320510864258
2016-09-08,31.1299991607666,30.75,30.81999969482422,30.920000076293945,5864300.0,30.44300651550293
2016-09-09,31.31999969482422,30.639999389648438,30.920000076293945,30.649999618530273,6911100.0,30.17717170715332
2016-09-12,30.989999771118164,30.09000015258789,30.399999618530273,30.8700008392334,12056500.0,30.393775939941406
2016-09-13,30.690000534057617,30.149999618530273,30.459999084472656,30.440000534057617,8564500.0,29.970415115356445
2016-09-14,30.530000686645508,30.059999465942383,30.399999618530273,30.209999084472656,7300900.0,29.743959426879883
2016-09-15,31.030000686645508,30.170000076293945,30.270000457763672,30.93000030517578,9050200.0,30.452852249145508
2016-09-16,30.709999084472656,30.40999984741211,30.68000030517578,30.530000686645508,7553400.0,30.05902099609375
2016-09-19,31.350000381469727,30.600000381469727,30.719999313354492,30.889999389648438,6919600.0,30.41346549987793
2016-09-20,31.170000076293945,30.709999084472656,31.139999389648438,30.75,4335100.0,30.2756290435791
2016-09-21,31.290000915527344,30.690000534057617,30.979999542236328,31.1299991607666,9268000.0,30.649763107299805
2016-09-22,31.6299991607666,31.200000762939453,31.399999618530273,31.239999771118164,6949800.0,30.758068084716797
2016-09-23,31.25,30.6200008392334,31.149999618530273,30.670000076293945,5727500.0,30.196863174438477
2016-09-26,30.75,30.34000015258789,30.43000030517578,30.459999084472656,7806500.0,29.990100860595703
2016-09-27,30.75,29.860000610351562,30.280000686645508,30.729999542236328,6376700.0,30.255935668945312
2016-09-28,31.09000015258789,30.6200008392334,31.0,31.059999465942383,4705200.0,30.58084487915039
2016-09-29,31.420000076293945,30.549999237060547,31.049999237060547,30.690000534057617,7154300.0,30.216552734375
2016-09-30,31.760000228881836,30.850000381469727,31.030000686645508,31.56999969482422,8757000.0,31.082977294921875
2016-10-03,31.81999969482422,31.350000381469727,31.559999465942383,31.479999542236328,5643500.0,30.994367599487305
2016-10-04,32.150001525878906,31.549999237060547,31.610000610351562,31.850000381469727,9514100.0,31.358659744262695
2016-10-05,32.88999938964844,31.979999542236328,32.0,32.61000061035156,9919100.0,32.106937408447266
2016-10-06,32.650001525878906,32.11000061035156,32.599998474121094,32.43000030517578,7737600.0,31.92971420288086
2016-10-07,32.630001068115234,32.18000030517578,32.43000030517578,32.400001525878906,7524500.0,31.900178909301758
2016-10-10,32.86000061035156,32.400001525878906,32.66999816894531,32.45000076293945,4252400.0,31.949398040771484
2016-10-11,32.61000061035156,31.649999618530273,32.400001525878906,31.899999618530273,7041900.0,31.407886505126953
2016-10-12,32.060001373291016,31.709999084472656,31.93000030517578,31.729999542236328,4321400.0,31.240510940551758
2016-10-13,31.549999237060547,30.899999618530273,31.549999237060547,31.43000030517578,8958800.0,30.945138931274414
2016-10-14,32.209999084472656,31.649999618530273,31.940000534057617,31.969999313354492,7684000.0,31.476806640625
2016-10-17,32.099998474121094,31.139999389648438,31.989999771118164,31.690000534057617,13842600.0,31.201128005981445
2016-10-18,32.45000076293945,31.979999542236328,32.380001068115234,32.209999084472656,10261600.0,31.713104248046875
2016-10-19,32.81999969482422,32.20000076293945,32.31999969482422,32.540000915527344,9095100.0,32.03801727294922
2016-10-20,32.56999969482422,32.09000015258789,32.459999084472656,32.16999816894531,6499500.0,31.673723220825195
2016-10-21,32.400001525878906,31.719999313354492,31.790000915527344,32.27000045776367,8214700.0,31.77218246459961
2016-10-24,32.540000915527344,32.119998931884766,32.4900016784668,32.189998626708984,6305300.0,31.69341278076172
2016-10-25,32.220001220703125,31.68000030517578,32.11000061035156,31.709999084472656,5801900.0,31.22081756591797
2016-10-26,32.209999084472656,31.399999618530273,31.469999313354492,32.150001525878906,7960400.0,31.654029846191406
2016-10-27,32.45000076293945,32.029998779296875,32.33000183105469,32.15999984741211,6650600.0,31.663877487182617
2016-10-28,32.439998626708984,31.540000915527344,32.20000076293945,31.889999389648438,6961800.0,31.398042678833008
2016-10-31,32.18000030517578,31.68000030517578,32.040000915527344,31.700000762939453,5283700.0,31.210975646972656
2016-11-01,32.13999938964844,31.299999237060547,31.899999618530273,31.649999618530273,6145500.0,31.161745071411133
2016-11-02,31.450000762939453,30.8700008392334,31.450000762939453,31.059999465942383,8889200.0,30.58084487915039
2016-11-03,31.440000534057617,31.010000228881836,31.15999984741211,31.149999618530273,4740700.0,30.669456481933594
2016-11-04,31.420000076293945,30.65999984741211,31.18000030517578,30.899999618530273,6657900.0,30.423315048217773
2016-11-07,32.310001373291016,31.760000228881836,31.760000228881836,32.310001373291016,7413400.0,31.811565399169922
2016-11-08,32.52000045776367,31.90999984741211,32.11000061035156,32.40999984741211,6866000.0,31.91002082824707
2016-11-09,33.900001525878906,32.41999816894531,32.54999923706055,33.709999084472656,23315600.0,33.26179885864258
2016-11-10,35.630001068115234,34.22999954223633,34.2599983215332,35.2599983215332,23741600.0,34.86359405517578
2016-11-11,36.119998931884766,34.849998474121094,34.970001220703125,36.08000183105469,11738700.0,35.67437744140625
2016-11-14,37.709999084472656,36.290000915527344,36.43000030517578,36.7599983215332,22369600.0,36.34672546386719
2016-11-15,37.22999954223633,36.040000915527344,36.33000183105469,37.20000076293945,16471700.0,36.78178405761719
2016-11-16,37.34000015258789,36.45000076293945,36.66999816894531,36.70000076293945,10673600.0,36.28740692138672
2016-11-17,37.33000183105469,36.349998474121094,36.65999984741211,37.040000915527344,9376500.0,36.62358093261719
2016-11-18,37.79999923706055,37.0,37.15999984741211,37.47999954223633,10446700.0,37.058631896972656
2016-11-21,38.150001525878906,37.63999938964844,37.709999084472656,38.099998474121094,11882200.0,37.67165756225586
2016-11-22,38.41999816894531,37.7400016784668,38.29999923706055,38.2400016784668,11478000.0,37.81009292602539
2016-11-23,39.220001220703125,38.11000061035156,38.439998626708984,39.11000061035156,11088500.0,38.67030715942383
2016-11-25,39.0,38.630001068115234,39.0,38.9900016784668,3418500.0,38.551658630371094
2016-11-28,38.790000915527344,38.31999969482422,38.52000045776367,38.349998474121094,7060000.0,37.918853759765625
2016-11-29,38.650001525878906,38.150001525878906,38.400001525878906,38.459999084472656,6958600.0,38.027618408203125
2016-11-30,39.349998474121094,38.560001373291016,39.06999969482422,38.65999984741211,12973900.0,38.22536849975586
2016-12-01,39.689998626708984,38.79999923706055,39.11000061035156,39.61000061035156,15162700.0,39.16469192504883
2016-12-02,39.40999984741211,38.459999084472656,39.29999923706055,38.7599983215332,12058300.0,38.324241638183594
2016-12-05,39.65999984741211,38.900001525878906,39.13999938964844,39.0,11255700.0,38.561546325683594
2016-12-06,39.29999923706055,38.70000076293945,39.20000076293945,39.27000045776367,7894600.0,38.82850646972656
2016-12-07,39.38999938964844,38.869998931884766,39.27000045776367,39.369998931884766,9692900.0,38.92738723754883
2016-12-08,39.88999938964844,39.22999954223633,39.650001525878906,39.41999816894531,17535800.0,38.97682189941406
2016-12-09,39.5,38.959999084472656,39.470001220703125,39.31999969482422,8682500.0,38.87794494628906
2016-12-12,39.40999984741211,38.7599983215332,39.099998474121094,39.029998779296875,8289000.0,38.59120178222656
2016-12-13,39.279998779296875,38.61000061035156,39.209999084472656,38.95000076293945,7107300.0,38.512107849121094
2016-12-14,39.75,38.5,38.599998474121094,39.0,11653100.0,38.561546325683594
2016-12-15,39.959999084472656,39.18000030517578,39.18000030517578,39.41999816894531,14957300.0,38.97682189941406
2016-12-16,39.70000076293945,38.689998626708984,39.59000015258789,38.84000015258789,13295700.0,38.403343200683594
2016-12-19,39.060001373291016,38.4900016784668,39.0099983215332,38.75,10293400.0,38.31435775756836
2016-12-20,40.15999984741211,39.220001220703125,39.2400016784668,40.150001525878906,12846400.0,39.69861602783203
2016-12-21,40.189998626708984,39.709999084472656,40.130001068115234,39.97999954223633,7292700.0,39.53052520751953
2016-12-22,40.02000045776367,39.650001525878906,39.93000030517578,39.77000045776367,5475300.0,39.32289123535156
2016-12-23,40.41999816894531,39.45000076293945,39.61000061035156,40.31999969482422,6373300.0,39.86670684814453
2016-12-27,40.58000183105469,40.27000045776367,40.36000061035156,40.470001220703125,5426700.0,40.015018463134766
2016-12-28,40.58000183105469,39.849998474121094,40.5,39.88999938964844,3947500.0,39.4415397644043
2016-12-29,39.9900016784668,39.40999984741211,39.849998474121094,39.58000183105469,4927000.0,39.13502883911133
2016-12-30,39.79999923706055,39.29999923706055,39.709999084472656,39.470001220703125,4682200.0,39.026268005371094
2017-01-03,40.650001525878906,39.720001220703125,40.04999923706055,40.20000076293945,6950900.0,39.74805450439453
2017-01-04,41.34000015258789,40.34000015258789,40.400001525878906,41.220001220703125,8892900.0,40.756587982177734
2017-01-05,41.47999954223633,40.5,40.970001220703125,40.970001220703125,6336200.0,40.5093994140625
2017-01-06,41.52000045776367,40.65999984741211,41.29999923706055,41.22999954223633,5639700.0,40.76647186279297
2017-01-09,41.25,40.63999938964844,41.0,41.119998931884766,4413500.0,40.65770721435547
2017-01-10,41.4900016784668,40.9900016784668,41.189998626708984,41.189998626708984,5197900.0,40.726924896240234
2017-01-11,41.41999816894531,40.81999969482422,41.13999938964844,41.31999969482422,4778300.0,40.8554573059082
2017-01-12,41.33000183105469,40.41999816894531,41.060001373291016,41.2599983215332,6945900.0,40.796138763427734
2017-01-13,41.849998474121094,41.29999923706055,41.54999923706055,41.40999984741211,7671800.0,40.94445037841797
2017-01-17,41.33000183105469,40.2599983215332,41.06999969482422,40.33000183105469,11112500.0,39.876590728759766
2017-01-18,41.2599983215332,39.13999938964844,40.06999969482422,41.099998474121094,13651700.0,40.637935638427734
2017-01-19,41.599998474121094,40.95000076293945,41.380001068115234,41.439998626708984,10399200.0,40.97411346435547
2017-01-20,41.7400016784668,40.939998626708984,41.52000045776367,41.310001373291016,7369300.0,40.845577239990234
2017-01-23,41.31999969482422,40.75,41.11000061035156,41.189998626708984,4866200.0,40.726924896240234
2017-01-24,42.11000061035156,41.22999954223633,41.43000030517578,41.79999923706055,5451700.0,41.33007049560547
2017-01-25,42.45000076293945,41.93000030517578,42.279998779296875,42.290000915527344,7747700.0,41.81455612182617
2017-01-26,42.61000061035156,42.189998626708984,42.47999954223633,42.45000076293945,5146700.0,41.97275924682617
2017-01-27,42.540000915527344,42.11000061035156,42.5,42.310001373291016,4052100.0,41.83433532714844
2017-01-30,42.040000915527344,41.40999984741211,42.040000915527344,41.83000183105469,6281600.0,41.3597297668457
2017-01-31,41.81999969482422,41.09000015258789,41.619998931884766,41.2400016784668,8055300.0,40.77635955810547
2017-02-01,41.97999954223633,41.119998931884766,41.66999816894531,41.34000015258789,10398100.0,40.87523651123047
2017-02-02,40.54999923706055,39.029998779296875,39.869998931884766,39.16999816894531,20291300.0,38.72962951660156
2017-02-03,40.68000030517578,39.689998626708984,39.869998931884766,40.16999816894531,12348700.0,39.718387603759766
2017-02-06,40.08000183105469,39.5099983215332,39.75,39.7400016784668,7212700.0,39.29322814941406
2017-02-07,40.130001068115234,39.619998931884766,39.93000030517578,39.68000030517578,5612300.0,39.2338981628418
2017-02-08,39.63999938964844,39.189998626708984,39.41999816894531,39.439998626708984,8493200.0,39.07537841796875
2017-02-09,40.29999923706055,39.54999923706055,39.7400016784668,40.08000183105469,7484900.0,39.709468841552734
2017-02-10,40.369998931884766,39.90999984741211,40.29999923706055,39.939998626708984,6789900.0,39.57075881958008
2017-02-13,40.9900016784668,40.20000076293945,40.22999954223633,40.720001220703125,7576300.0,40.34355163574219
2017-02-14,41.4900016784668,40.45000076293945,40.689998626708984,41.2599983215332,7885900.0,40.87855529785156
2017-02-15,42.459999084472656,41.310001373291016,41.630001068115234,42.15999984741211,11623000.0,41.770233154296875
2017-02-16,42.150001525878906,41.2400016784668,42.08000183105469,41.54999923706055,4987200.0,41.16587829589844
2017-02-17,41.59000015258789,41.0,41.16999816894531,41.54999923706055,4713600.0,41.16587829589844
2017-02-21,42.130001068115234,41.66999816894531,41.81999969482422,41.779998779296875,4933300.0,41.39374923706055
2017-02-22,41.939998626708984,41.31999969482422,41.33000183105469,41.619998931884766,5368800.0,41.235225677490234
2017-02-23,41.61000061035156,40.84000015258789,41.61000061035156,41.2400016784668,4493800.0,40.858741760253906
2017-02-24,41.11000061035156,40.540000915527344,40.75,41.11000061035156,5223600.0,40.72993850708008
2017-02-27,41.900001525878906,41.09000015258789,41.09000015258789,41.72999954223633,5547200.0,41.34421157836914
2017-02-28,40.90999984741211,39.779998779296875,40.130001068115234,40.40999984741211,22639200.0,40.03641128540039
2017-03-01,43.36000061035156,41.400001525878906,41.5,42.9900016784668,15066500.0,42.592559814453125
2017-03-02,42.9900016784668,42.029998779296875,42.97999954223633,42.22999954223633,8817500.0,41.83958053588867
2017-03-03,42.75,42.09000015258789,42.16999816894531,42.45000076293945,7621100.0,42.057552337646484
2017-03-06,42.290000915527344,41.79999923706055,42.08000183105469,42.11000061035156,6600300.0,41.7206916809082
2017-03-07,42.209999084472656,41.599998474121094,42.06999969482422,41.65999984741211,6561100.0,41.27485656738281
2017-03-08,42.650001525878906,41.81999969482422,42.27000045776367,41.86000061035156,6709100.0,41.47300720214844
2017-03-09,42.38999938964844,41.959999084472656,42.06999969482422,42.25,5263400.0,41.85940170288086
2017-03-10,42.81999969482422,42.099998474121094,42.540000915527344,42.47999954223633,5614900.0,42.0872688293457
2017-03-13,43.209999084472656,42.5099983215332,42.630001068115234,42.97999954223633,5034400.0,42.58264923095703
2017-03-14,42.97999954223633,42.130001068115234,42.880001068115234,42.66999816894531,6257100.0,42.275516510009766
2017-03-15,43.29999923706055,42.38999938964844,42.91999816894531,42.720001220703125,8169800.0,42.32505416870117
2017-03-16,43.63999938964844,42.779998779296875,42.880001068115234,43.529998779296875,7391600.0,43.1275634765625
2017-03-17,43.650001525878906,42.810001373291016,43.619998931884766,42.86000061035156,8913900.0,42.46376037597656
2017-03-20,42.88999938964844,42.220001220703125,42.7400016784668,42.25,6191400.0,41.85940170288086
2017-03-21,42.599998474121094,40.31999969482422,42.560001373291016,40.439998626708984,10427900.0,40.06612777709961
2017-03-22,40.540000915527344,39.540000915527344,40.220001220703125,40.15999984741211,8935000.0,39.78872299194336
2017-03-23,40.689998626708984,39.97999954223633,40.029998779296875,40.16999816894531,7387800.0,39.79862594604492
2017-03-24,40.41999816894531,39.720001220703125,40.349998474121094,40.02000045776367,7528300.0,39.65001678466797
2017-03-27,39.459999084472656,37.619998931884766,38.34000015258789,39.41999816894531,13739500.0,39.05556106567383
2017-03-28,40.869998931884766,39.2599983215332,39.38999938964844,40.4900016784668,8934400.0,40.11567687988281
2017-03-29,40.58000183105469,40.06999969482422,40.33000183105469,40.45000076293945,5261300.0,40.076045989990234
2017-03-30,41.34000015258789,40.380001068115234,40.41999816894531,41.13999938964844,5817200.0,40.759666442871094
2017-03-31,41.2400016784668,40.790000915527344,40.95000076293945,40.810001373291016,5280800.0,40.432716369628906
2017-04-03,40.959999084472656,39.83000183105469,40.810001373291016,40.56999969482422,8765600.0,40.1949348449707
2017-04-04,40.63999938964844,40.02000045776367,40.45000076293945,40.22999954223633,6447500.0,39.85807800292969
2017-04-05,40.779998779296875,39.43000030517578,40.5,39.47999954223633,8835400.0,39.11500930786133
2017-04-06,40.290000915527344,39.209999084472656,39.470001220703125,40.060001373291016,6634600.0,39.68964767456055
2017-04-07,40.2400016784668,39.380001068115234,39.65999984741211,39.900001525878906,9337400.0,39.531131744384766
2017-04-10,40.130001068115234,39.119998931884766,39.81999969482422,39.29999923706055,6916400.0,38.93667221069336
2017-04-11,39.099998474121094,38.18000030517578,39.040000915527344,38.93000030517578,9730000.0,38.57009506225586
2017-04-12,38.900001525878906,38.13999938964844,38.900001525878906,38.400001525878906,10462400.0,38.04499435424805
2017-04-13,38.560001373291016,37.5099983215332,38.189998626708984,37.529998779296875,10215700.0,37.18303298950195
2017-04-17,38.220001220703125,37.470001220703125,37.63999938964844,38.13999938964844,7836300.0,37.78739547729492
2017-04-18,38.54999923706055,37.15999984741211,38.099998474121094,37.90999984741211,15029100.0,37.55952072143555
2017-04-19,38.7599983215332,38.04999923706055,38.33000183105469,38.279998779296875,10364600.0,37.92610168457031
2017-04-20,38.939998626708984,38.380001068115234,38.650001525878906,38.68000030517578,8466400.0,38.32240676879883
2017-04-21,38.7400016784668,38.0099983215332,38.68000030517578,38.33000183105469,7074500.0,37.97564697265625
2017-04-24,39.65999984741211,39.060001373291016,39.459999084472656,39.189998626708984,10924500.0,38.82769012451172
2017-04-25,39.90999984741211,39.43000030517578,39.63999938964844,39.619998931884766,8126600.0,39.25371551513672
2017-04-26,40.58000183105469,39.47999954223633,39.5099983215332,40.060001373291016,12762100.0,39.68964767456055
2017-04-27,40.119998931884766,39.220001220703125,40.060001373291016,39.25,7836900.0,38.88713836669922
2017-04-28,39.22999954223633,38.779998779296875,39.22999954223633,38.849998474121094,6991600.0,38.49082946777344
2017-05-01,39.869998931884766,39.09000015258789,39.099998474121094,39.72999954223633,9400600.0,39.362693786621094
2017-05-02,40.04999923706055,39.619998931884766,39.790000915527344,40.029998779296875,7735200.0,39.6599235534668
2017-05-03,40.470001220703125,39.68000030517578,39.81999969482422,40.400001525878906,8754800.0,40.02650451660156
2017-05-04,40.81999969482422,39.869998931884766,40.63999938964844,40.15999984741211,5618500.0,39.78872299194336
2017-05-05,40.29999923706055,39.81999969482422,40.25,40.130001068115234,5266200.0,39.759002685546875
2017-05-08,40.41999816894531,39.90999984741211,40.15999984741211,40.40999984741211,5508100.0,40.03641128540039
2017-05-09,40.810001373291016,40.349998474121094,40.439998626708984,40.5,5813700.0,40.125579833984375
2017-05-10,40.33000183105469,39.880001068115234,40.2400016784668,40.150001525878906,6334000.0,39.857547760009766
2017-05-11,40.13999938964844,39.59000015258789,39.88999938964844,40.02000045776367,7988900.0,39.728492736816406
2017-05-12,39.88999938964844,39.25,39.779998779296875,39.61000061035156,5451800.0,39.32147979736328
2017-05-15,40.56999969482422,39.720001220703125,39.720001220703125,40.540000915527344,6196600.0,40.24470520019531
2017-05-16,40.7400016784668,40.18000030517578,40.689998626708984,40.66999816894531,5698300.0,40.37375259399414
2017-05-17,40.66999816894531,37.72999954223633,40.66999816894531,38.119998931884766,13063900.0,37.84233093261719
2017-05-18,38.63999938964844,37.86000061035156,38.4900016784668,38.33000183105469,8607700.0,38.05080795288086
2017-05-19,38.709999084472656,38.209999084472656,38.459999084472656,38.2599983215332,8656100.0,37.9813117980957
2017-05-22,38.70000076293945,38.130001068115234,38.70000076293945,38.52000045776367,5754800.0,38.23942184448242
2017-05-23,39.130001068115234,38.18000030517578,38.5,38.869998931884766,4586300.0,38.58686447143555
2017-05-24,39.220001220703125,38.810001373291016,39.029998779296875,39.0099983215332,5463000.0,38.72584533691406
2017-05-25,39.5099983215332,39.06999969482422,39.27000045776367,39.40999984741211,4565800.0,39.1229362487793
2017-05-26,39.630001068115234,39.119998931884766,39.29999923706055,39.52000045776367,4326000.0,39.23213577270508
2017-05-30,39.34000015258789,38.619998931884766,39.29999923706055,38.65999984741211,7104200.0,38.37839889526367
2017-05-31,38.900001525878906,37.630001068115234,38.650001525878906,38.75,12278000.0,38.46774673461914
2017-06-01,39.709999084472656,38.650001525878906,39.09000015258789,39.70000076293945,8087500.0,39.410823822021484
2017-06-02,39.38999938964844,38.689998626708984,39.189998626708984,38.95000076293945,8772600.0,38.66628646850586
2017-06-05,39.400001525878906,38.970001220703125,39.0,39.099998474121094,5954900.0,38.81519317626953
2017-06-06,38.88999938964844,38.33000183105469,38.70000076293945,38.720001220703125,7387500.0,38.437965393066406
2017-06-07,39.27000045776367,38.63999938964844,38.75,38.869998931884766,5800900.0,38.58686447143555
2017-06-08,40.0099983215332,38.779998779296875,38.869998931884766,39.7599983215332,8569600.0,39.47038269042969
2017-06-09,41.33000183105469,39.959999084472656,40.18000030517578,41.290000915527344,11592600.0,40.9892463684082
2017-06-12,41.91999816894531,41.310001373291016,41.369998931884766,41.880001068115234,8076900.0,41.57494354248047
2017-06-13,42.349998474121094,41.880001068115234,41.9900016784668,42.04999923706055,6808000.0,41.74370574951172
2017-06-14,42.33000183105469,41.11000061035156,41.5,42.29999923706055,9060200.0,41.99188232421875
2017-06-15,42.599998474121094,41.75,41.9900016784668,42.119998931884766,6692000.0,41.81319808959961
2017-06-16,42.349998474121094,41.84000015258789,42.2400016784668,41.91999816894531,8880600.0,41.614646911621094
2017-06-19,42.61000061035156,42.13999938964844,42.220001220703125,42.459999084472656,4860200.0,42.150718688964844
2017-06-20,42.41999816894531,42.0,42.33000183105469,42.13999938964844,6913700.0,41.83304977416992
2017-06-21,42.20000076293945,41.599998474121094,42.20000076293945,41.75,6362200.0,41.445892333984375
2017-06-22,41.84000015258789,41.43000030517578,41.619998931884766,41.630001068115234,5804200.0,41.32676696777344
2017-06-23,41.93000030517578,41.36000061035156,41.93000030517578,41.619998931884766,8464300.0,41.31683349609375
2017-06-26,42.099998474121094,41.349998474121094,41.75,41.849998474121094,5263200.0,41.545162200927734
2017-06-27,43.290000915527344,42.08000183105469,42.279998779296875,42.619998931884766,8518800.0,42.30955505371094
2017-06-28,43.25,42.77000045776367,43.029998779296875,42.849998474121094,8843000.0,42.53787612915039
2017-06-29,44.099998474121094,42.68000030517578,43.880001068115234,43.0099983215332,8844000.0,42.696712493896484
2017-06-30,43.52000045776367,42.81999969482422,43.380001068115234,42.959999084472656,7231200.0,42.64707946777344
2017-07-03,43.63999938964844,43.09000015258789,43.209999084472656,43.47999954223633,5259400.0,43.16328430175781
2017-07-05,44.099998474121094,43.529998779296875,43.650001525878906,43.68000030517578,7350600.0,43.36183166503906
2017-07-06,43.95000076293945,43.369998931884766,43.61000061035156,43.47999954223633,7903100.0,43.16328430175781
2017-07-07,43.689998626708984,43.189998626708984,43.66999816894531,43.31999969482422,4718000.0,43.00445556640625
2017-07-10,43.77000045776367,43.119998931884766,43.209999084472656,43.630001068115234,3780200.0,43.312198638916016
2017-07-11,43.34000015258789,42.77000045776367,43.279998779296875,43.099998474121094,6077200.0,42.78605651855469
2017-07-12,43.220001220703125,42.7400016784668,43.0,43.04999923706055,6126600.0,42.73642349243164
2017-07-13,43.43000030517578,42.97999954223633,43.11000061035156,43.18000030517578,4526300.0,42.865478515625
2017-07-14,43.2599983215332,42.470001220703125,42.599998474121094,43.040000915527344,6035300.0,42.72649383544922
2017-07-17,43.040000915527344,42.650001525878906,43.0099983215332,42.93000030517578,6778800.0,42.61729431152344
2017-07-18,43.060001373291016,42.2599983215332,42.4900016784668,42.86000061035156,7167800.0,42.54780960083008
2017-07-19,43.150001525878906,41.9900016784668,43.060001373291016,42.16999816894531,8002900.0,41.862831115722656
2017-07-20,42.2400016784668,41.91999816894531,42.06999969482422,42.13999938964844,7073100.0,41.83304977416992
2017-07-21,42.43000030517578,41.709999084472656,42.0,42.150001525878906,7452400.0,41.842979431152344
2017-07-24,42.16999816894531,41.75,41.900001525878906,41.959999084472656,6520100.0,41.654361724853516
2017-07-25,43.04999923706055,42.470001220703125,42.540000915527344,42.95000076293945,7337800.0,42.63715362548828
2017-07-26,43.060001373291016,42.68000030517578,43.040000915527344,42.779998779296875,8569200.0,42.468387603759766
2017-07-27,43.09000015258789,42.18000030517578,42.900001525878906,42.540000915527344,8536000.0,42.23013687133789
2017-07-28,42.7400016784668,42.279998779296875,42.58000183105469,42.54999923706055,5195200.0,42.24006271362305
2017-07-31,42.9900016784668,42.47999954223633,42.689998626708984,42.900001525878906,6081300.0,42.58751678466797
2017-08-01,43.380001068115234,42.970001220703125,43.18000030517578,43.130001068115234,6621600.0,42.81583786010742
2017-08-02,43.20000076293945,42.75,43.060001373291016,43.02000045776367,9488700.0,42.70663833618164
2017-08-03,43.02000045776367,42.59000015258789,42.83000183105469,42.880001068115234,5884000.0,42.567665100097656
2017-08-04,43.779998779296875,43.060001373291016,43.349998474121094,43.11000061035156,4507600.0,42.79598617553711
2017-08-07,43.209999084472656,42.790000915527344,43.18000030517578,42.880001068115234,2673200.0,42.567665100097656
2017-08-08,43.25,42.560001373291016,42.72999954223633,42.720001220703125,5346700.0,42.4088249206543
2017-08-09,42.380001068115234,41.689998626708984,42.119998931884766,42.02000045776367,5967200.0,41.79218673706055
2017-08-10,41.599998474121094,40.599998474121094,41.59000015258789,40.61000061035156,6709000.0,40.38983154296875
2017-08-11,40.880001068115234,40.4900016784668,40.70000076293945,40.650001525878906,4896700.0,40.42961502075195
2017-08-14,41.47999954223633,40.959999084472656,41.220001220703125,41.119998931884766,4148200.0,40.897064208984375
2017-08-15,41.59000015258789,40.529998779296875,41.54999923706055,40.93000030517578,5668500.0,40.708099365234375
2017-08-16,41.22999954223633,40.599998474121094,41.099998474121094,40.7400016784668,4515500.0,40.519126892089844
2017-08-17,40.68000030517578,39.650001525878906,40.61000061035156,39.66999816894531,6347100.0,39.454925537109375
2017-08-18,39.90999984741211,39.2599983215332,39.5099983215332,39.5099983215332,6571900.0,39.29579544067383
2017-08-21,39.439998626708984,39.0099983215332,39.41999816894531,39.27000045776367,5226000.0,39.05709457397461
2017-08-22,39.93000030517578,39.38999938964844,39.540000915527344,39.77000045776367,4925100.0,39.554386138916016
2017-08-23,39.91999816894531,39.189998626708984,39.41999816894531,39.7599983215332,4392300.0,39.544437408447266
2017-08-24,40.0,39.619998931884766,40.0,39.63999938964844,3604500.0,39.425086975097656
2017-08-25,40.02000045776367,39.63999938964844,39.790000915527344,39.7599983215332,3112000.0,39.544437408447266
2017-08-28,39.849998474121094,39.380001068115234,39.84000015258789,39.540000915527344,3292000.0,39.32563018798828
2017-08-29,39.5099983215332,38.72999954223633,38.9900016784668,39.18000030517578,8217500.0,38.96758270263672
2017-08-30,39.650001525878906,39.13999938964844,39.310001373291016,39.56999969482422,4627400.0,39.355464935302734
2017-08-31,40.08000183105469,39.650001525878906,39.83000183105469,39.900001525878906,7435800.0,39.68368148803711
2017-09-01,40.2400016784668,39.790000915527344,40.0,40.15999984741211,4704600.0,39.9422721862793
2017-09-05,39.900001525878906,38.68000030517578,39.75,38.77000045776367,8340500.0,38.55980682373047
2017-09-06,39.099998474121094,38.56999969482422,38.880001068115234,38.93000030517578,5883400.0,38.71894073486328
2017-09-07,38.97999954223633,38.060001373291016,38.970001220703125,38.11000061035156,7096600.0,37.903385162353516
2017-09-08,39.15999984741211,38.150001525878906,38.220001220703125,38.68000030517578,6466400.0,38.47029495239258
2017-09-11,39.54999923706055,39.13999938964844,39.25,39.310001373291016,6957900.0,39.09687805175781
2017-09-12,40.189998626708984,39.560001373291016,39.66999816894531,39.84000015258789,7939800.0,39.62400436401367
2017-09-13,39.86000061035156,39.290000915527344,39.689998626708984,39.79999923706055,6845800.0,39.58422088623047
2017-09-14,40.27000045776367,39.59000015258789,39.689998626708984,39.9900016784668,5916100.0,39.773193359375
2017-09-15,40.209999084472656,38.20000076293945,38.470001220703125,40.209999084472656,14222800.0,39.99199676513672
2017-09-18,41.0,40.29999923706055,40.33000183105469,40.650001525878906,6517600.0,40.42961502075195
2017-09-19,41.15999984741211,40.599998474121094,40.790000915527344,41.040000915527344,6048900.0,40.817501068115234
2017-09-20,41.91999816894531,40.91999816894531,41.119998931884766,41.61000061035156,6982600.0,41.3844108581543
2017-09-21,42.27000045776367,41.36000061035156,41.58000183105469,42.08000183105469,6502700.0,41.851863861083984
2017-09-22,42.630001068115234,41.65999984741211,41.79999923706055,42.540000915527344,7360500.0,42.30936813354492
2017-09-25,42.63999938964844,42.2599983215332,42.36000061035156,42.5,8484900.0,42.26958465576172
2017-09-26,42.95000076293945,42.41999816894531,42.68000030517578,42.83000183105469,6479400.0,42.59779739379883
2017-09-27,44.349998474121094,43.5,43.52000045776367,44.040000915527344,10213600.0,43.80123519897461
2017-09-28,44.310001373291016,43.560001373291016,44.13999938964844,43.630001068115234,6789500.0,43.39345932006836
2017-09-29,43.959999084472656,43.38999938964844,43.529998779296875,43.7400016784668,5346800.0,43.502864837646484
2017-10-02,44.060001373291016,43.560001373291016,43.81999969482422,44.040000915527344,4642500.0,43.80123519897461
2017-10-03,44.5099983215332,44.0099983215332,44.099998474121094,44.459999084472656,5231500.0,44.218955993652344
2017-10-04,44.61000061035156,44.13999938964844,44.41999816894531,44.279998779296875,4260500.0,44.03993606567383
2017-10-05,45.290000915527344,44.25,44.33000183105469,45.18000030517578,7001400.0,44.935054779052734
2017-10-06,46.209999084472656,44.5,45.619998931884766,45.34000015258789,14787100.0,45.09419250488281
2017-10-09,45.47999954223633,45.11000061035156,45.349998474121094,45.40999984741211,5006200.0,45.16380310058594
2017-10-10,45.619998931884766,44.86000061035156,45.40999984741211,45.09000015258789,7953000.0,44.845542907714844
2017-10-11,45.45000076293945,44.7599983215332,45.02000045776367,45.310001373291016,5040000.0,45.064353942871094
2017-10-12,45.5,44.93000030517578,45.5,45.029998779296875,5896100.0,44.785865783691406
2017-10-13,45.040000915527344,44.33000183105469,44.79999923706055,44.72999954223633,6821700.0,44.487491607666016
2017-10-16,44.75,43.90999984741211,44.15999984741211,44.470001220703125,6709500.0,44.228904724121094
2017-10-17,44.88999938964844,43.34000015258789,44.779998779296875,43.38999938964844,7189400.0,43.15475845336914
2017-10-18,43.689998626708984,43.310001373291016,43.619998931884766,43.47999954223633,4309600.0,43.244266510009766
2017-10-19,43.349998474121094,42.20000076293945,43.02000045776367,43.27000045776367,4395300.0,43.0354118347168
2017-10-20,44.869998931884766,43.58000183105469,43.88999938964844,44.68000030517578,9190600.0,44.437767028808594
2017-10-23,44.900001525878906,44.25,44.720001220703125,44.470001220703125,6502700.0,44.228904724121094
2017-10-24,45.31999969482422,44.619998931884766,44.900001525878906,45.189998626708984,8614600.0,44.94499969482422
2017-10-25,45.47999954223633,44.220001220703125,45.380001068115234,44.650001525878906,5986000.0,44.407928466796875
2017-10-26,45.63999938964844,44.54999923706055,44.7400016784668,45.349998474121094,5767200.0,45.10413360595703
2017-10-27,45.310001373291016,44.58000183105469,45.25,44.90999984741211,5233000.0,44.6665153503418
2017-10-30,44.88999938964844,44.470001220703125,44.5099983215332,44.849998474121094,3256400.0,44.60684585571289
2017-10-31,45.56999969482422,44.77000045776367,44.779998779296875,44.84000015258789,6398200.0,44.59689712524414
2017-11-01,45.31999969482422,44.20000076293945,45.09000015258789,44.2400016784668,6465700.0,44.00015640258789
2017-11-02,45.36000061035156,43.83000183105469,44.08000183105469,45.060001373291016,4980600.0,44.815704345703125
2017-11-03,44.88999938964844,44.47999954223633,44.790000915527344,44.81999969482422,3627500.0,44.57700729370117
2017-11-06,44.90999984741211,44.43000030517578,44.689998626708984,44.650001525878906,2813200.0,44.407928466796875
2017-11-07,44.86000061035156,43.86000061035156,44.709999084472656,44.150001525878906,4318100.0,43.910640716552734
2017-11-08,44.380001068115234,43.869998931884766,44.119998931884766,44.279998779296875,3927900.0,44.03993606567383
2017-11-09,44.20000076293945,43.33000183105469,43.95000076293945,44.0,4613600.0,43.84065628051758
2017-11-10,44.5,43.91999816894531,44.119998931884766,44.27000045776367,4512000.0,44.109683990478516
2017-11-13,44.849998474121094,43.93000030517578,44.0,44.599998474121094,4225800.0,44.43848419189453
2017-11-14,44.720001220703125,44.16999816894531,44.41999816894531,44.59000015258789,3747500.0,44.428524017333984
2017-11-15,45.099998474121094,44.0,44.220001220703125,44.540000915527344,6834900.0,44.37870407104492
2017-11-16,45.279998779296875,44.599998474121094,44.83000183105469,44.63999938964844,3842400.0,44.47834014892578
2017-11-17,44.86000061035156,44.18000030517578,44.33000183105469,44.68000030517578,4272500.0,44.51819610595703
2017-11-20,45.369998931884766,44.63999938964844,44.81999969482422,45.119998931884766,4430000.0,44.956600189208984
2017-11-21,46.33000183105469,45.25,45.36000061035156,46.08000183105469,7767100.0,45.91312789916992
2017-11-22,46.25,45.7599983215332,46.11000061035156,45.79999923706055,4212700.0,45.63414001464844
2017-11-24,46.06999969482422,45.72999954223633,46.029998779296875,45.779998779296875,1269000.0,45.61421203613281
2017-11-27,46.15999984741211,45.7400016784668,45.79999923706055,45.77000045776367,3967400.0,45.604248046875
2017-11-28,47.27000045776367,45.65999984741211,45.849998474121094,47.13999938964844,6663500.0,46.96928787231445
2017-11-29,48.58000183105469,47.540000915527344,47.630001068115234,48.41999816894531,12386800.0,48.24464797973633
2017-11-30,49.540000915527344,48.38999938964844,48.7400016784668,48.790000915527344,11493400.0,48.613311767578125
2017-12-01,49.54999923706055,48.0,48.81999969482422,49.5,10350500.0,49.32073974609375
2017-12-04,51.88999938964844,49.81999969482422,50.40999984741211,51.54999923706055,13058500.0,51.36331558227539
2017-12-05,51.779998779296875,50.63999938964844,50.68000030517578,50.779998779296875,7799200.0,50.59610366821289
2017-12-06,51.029998779296875,50.29999923706055,50.560001373291016,50.540000915527344,6505400.0,50.35697555541992
2017-12-07,51.40999984741211,50.220001220703125,51.209999084472656,51.08000183105469,5449800.0,50.89501953125
2017-12-08,51.40999984741211,50.599998474121094,51.380001068115234,51.38999938964844,6266000.0,51.203895568847656
2017-12-11,51.45000076293945,50.5099983215332,51.41999816894531,50.720001220703125,7238400.0,50.53632354736328
2017-12-12,51.97999954223633,50.88999938964844,51.83000183105469,51.560001373291016,7251100.0,51.37328338623047
2017-12-13,51.45000076293945,50.310001373291016,51.45000076293945,50.33000183105469,8193400.0,50.14773941040039
2017-12-14,50.779998779296875,50.099998474121094,50.540000915527344,50.20000076293945,6911600.0,50.01820755004883
2017-12-15,51.66999816894531,50.2599983215332,50.619998931884766,51.279998779296875,10621900.0,51.094295501708984
2017-12-18,52.20000076293945,51.5099983215332,52.0,51.7400016784668,6092500.0,51.55262756347656
2017-12-19,52.29999923706055,51.599998474121094,52.029998779296875,51.810001373291016,5574000.0,51.62237548828125
2017-12-20,52.52000045776367,51.58000183105469,52.36000061035156,51.810001373291016,7401500.0,51.62237548828125
2017-12-21,52.5099983215332,51.959999084472656,52.06999969482422,52.279998779296875,4890000.0,52.09067153930664
2017-12-22,52.5099983215332,51.84000015258789,52.400001525878906,52.08000183105469,4729000.0,51.89139938354492
2017-12-26,52.16999816894531,51.560001373291016,52.0,51.869998931884766,2330600.0,51.68215560913086
2017-12-27,52.099998474121094,51.66999816894531,52.029998779296875,51.849998474121094,4395800.0,51.662227630615234
2017-12-28,52.060001373291016,51.630001068115234,51.959999084472656,52.040000915527344,2058900.0,51.851539611816406
2017-12-29,52.400001525878906,51.36000061035156,52.20000076293945,51.369998931884766,3895300.0,51.18396759033203
2018-01-02,51.61000061035156,50.959999084472656,51.54999923706055,51.439998626708984,7220800.0,51.25371170043945
2018-01-03,51.77000045776367,51.040000915527344,51.20000076293945,51.52000045776367,5522700.0,51.33342742919922
2018-01-04,52.47999954223633,51.63999938964844,51.93000030517578,51.810001373291016,5310400.0,51.62237548828125
2018-01-05,52.04999923706055,51.470001220703125,51.9900016784668,52.0099983215332,5696200.0,51.821651458740234
2018-01-08,52.33000183105469,51.84000015258789,51.900001525878906,52.2400016784668,4803600.0,52.050819396972656
2018-01-09,53.59000015258789,52.31999969482422,52.40999984741211,53.34000015258789,6660600.0,53.14683532714844
2018-01-10,54.47999954223633,53.349998474121094,53.47999954223633,53.560001373291016,9043300.0,53.36603927612305
2018-01-11,54.22999954223633,53.2400016784668,53.75,54.16999816894531,5379300.0,53.97382736206055
2018-01-12,55.52000045776367,54.65999984741211,54.65999984741211,55.38999938964844,7517000.0,55.18940734863281
2018-01-16,56.130001068115234,54.970001220703125,55.72999954223633,55.529998779296875,9365300.0,55.32890319824219
2018-01-17,56.25,54.52000045776367,55.61000061035156,56.09000015258789,8298500.0,55.88687515258789
2018-01-18,56.220001220703125,55.13999938964844,55.779998779296875,55.33000183105469,5837300.0,55.12963104248047
2018-01-19,55.599998474121094,55.150001525878906,55.439998626708984,55.47999954223633,7439500.0,55.279083251953125
2018-01-22,55.61000061035156,54.72999954223633,55.400001525878906,55.439998626708984,7245600.0,55.239227294921875
2018-01-23,55.86000061035156,55.029998779296875,55.15999984741211,55.31999969482422,7011500.0,55.11966323852539
2018-01-24,55.869998931884766,54.959999084472656,55.75,55.38999938964844,6351400.0,55.18940734863281
2018-01-25,55.65999984741211,53.9900016784668,55.61000061035156,54.18000030517578,7453700.0,53.98379135131836
2018-01-26,54.43000030517578,53.7400016784668,54.369998931884766,54.27000045776367,8782000.0,54.07346725463867
2018-01-29,54.75,53.869998931884766,54.36000061035156,54.04999923706055,8052400.0,53.8542594909668
2018-01-30,54.380001068115234,53.20000076293945,53.7599983215332,53.20000076293945,8368000.0,53.00734329223633
2018-01-31,53.810001373291016,53.06999969482422,53.439998626708984,53.34000015258789,7737200.0,53.14683532714844
2018-02-01,54.91999816894531,53.13999938964844,53.279998779296875,54.90999984741211,6938100.0,54.71114730834961
2018-02-02,55.04999923706055,53.13999938964844,54.75,53.34000015258789,9097600.0,53.14683532714844
2018-02-05,54.099998474121094,50.95000076293945,52.540000915527344,51.290000915527344,11267100.0,51.1042594909668
2018-02-06,53.15999984741211,49.150001525878906,50.0,52.86000061035156,14434800.0,52.66857147216797
2018-02-07,53.02000045776367,51.63999938964844,51.790000915527344,52.029998779296875,10182200.0,51.841575622558594
2018-02-08,52.16999816894531,48.900001525878906,51.9900016784668,48.900001525878906,11895200.0,48.81673812866211
2018-02-09,50.52000045776367,48.040000915527344,50.209999084472656,50.119998931884766,12923600.0,50.0346565246582
2018-02-12,51.5,50.43000030517578,50.720001220703125,50.939998626708984,7561300.0,50.8532600402832
2018-02-13,51.220001220703125,50.290000915527344,50.630001068115234,51.150001525878906,6467100.0,51.06290817260742
2018-02-14,52.61000061035156,50.900001525878906,50.95000076293945,52.400001525878906,5995500.0,52.3107795715332
2018-02-15,53.130001068115234,51.65999984741211,52.91999816894531,52.33000183105469,4921400.0,52.24089813232422
2018-02-16,52.59000015258789,51.720001220703125,52.040000915527344,52.16999816894531,5886200.0,52.0811653137207
2018-02-20,52.720001220703125,51.95000076293945,51.95000076293945,52.34000015258789,4671500.0,52.25088119506836
2018-02-21,53.130001068115234,52.209999084472656,52.279998779296875,52.29999923706055,5896600.0,52.21094512939453
2018-02-22,53.09000015258789,51.849998474121094,52.689998626708984,52.029998779296875,6315600.0,51.94140625
2018-02-23,52.7599983215332,52.029998779296875,52.20000076293945,52.7400016784668,5252800.0,52.65019989013672
2018-02-26,53.72999954223633,52.52000045776367,53.0,53.72999954223633,5767300.0,53.638511657714844
2018-02-27,55.38999938964844,53.7400016784668,53.7400016784668,53.79999923706055,8601900.0,53.70839309692383
2018-02-28,54.5099983215332,53.0,54.0,53.02000045776367,5915600.0,52.92972183227539
2018-03-01,53.4900016784668,51.4900016784668,52.900001525878906,52.04999923706055,7096100.0,51.96137237548828
2018-03-02,52.7599983215332,50.470001220703125,51.560001373291016,52.630001068115234,8586600.0,52.54038619995117
2018-03-05,53.84000015258789,51.79999923706055,51.959999084472656,53.61000061035156,5762400.0,53.51871871948242
2018-03-06,54.7400016784668,53.349998474121094,53.70000076293945,54.72999954223633,7464500.0,54.636810302734375
2018-03-07,55.470001220703125,53.150001525878906,53.939998626708984,55.43000030517578,7656100.0,55.33561706542969
2018-03-08,55.970001220703125,54.88999938964844,55.66999816894531,55.90999984741211,8160800.0,55.81480026245117
2018-03-09,57.72999954223633,56.400001525878906,56.40999984741211,57.70000076293945,7152200.0,57.60175323486328
2018-03-12,58.040000915527344,57.540000915527344,57.86000061035156,57.7599983215332,6020000.0,57.66164779663086
2018-03-13,58.11000061035156,56.560001373291016,57.91999816894531,56.68000030517578,7050000.0,56.58348846435547
2018-03-14,57.040000915527344,55.58000183105469,56.349998474121094,55.939998626708984,9871100.0,55.844749450683594
2018-03-15,56.31999969482422,55.189998626708984,56.31999969482422,55.59000015258789,5309700.0,55.49534606933594
2018-03-16,56.5099983215332,55.56999969482422,55.790000915527344,55.709999084472656,8231300.0,55.61513900756836
2018-03-19,55.959999084472656,54.630001068115234,55.65999984741211,55.66999816894531,6769900.0,55.5752067565918
2018-03-20,56.279998779296875,55.4900016784668,55.70000076293945,55.970001220703125,5486700.0,55.874698638916016
2018-03-21,56.689998626708984,55.61000061035156,55.959999084472656,55.84000015258789,5274600.0,55.74491882324219
2018-03-22,55.279998779296875,53.15999984741211,55.09000015258789,53.400001525878906,7755200.0,53.30907440185547
2018-03-23,53.619998931884766,51.18000030517578,53.5,51.31999969482422,7260900.0,51.23261642456055
2018-03-26,53.11000061035156,51.56999969482422,52.34000015258789,52.959999084472656,6043900.0,52.86982345581055
2018-03-27,53.4900016784668,51.02000045776367,53.099998474121094,51.529998779296875,7747100.0,51.442256927490234
2018-03-28,51.81999969482422,50.02000045776367,51.65999984741211,50.900001525878906,7477200.0,50.813331604003906
2018-03-29,52.38999938964844,50.619998931884766,51.13999938964844,52.220001220703125,8226100.0,52.13108444213867
2018-04-02,52.13999938964844,49.7400016784668,52.0,50.40999984741211,8356400.0,50.32416534423828
2018-04-03,51.31999969482422,50.31999969482422,50.880001068115234,51.150001525878906,7848400.0,51.06290817260742
2018-04-04,51.91999816894531,49.93000030517578,50.060001373291016,51.75,7313300.0,51.66188430786133
2018-04-05,52.7400016784668,51.66999816894531,52.2599983215332,52.349998474121094,6266300.0,52.260860443115234
2018-04-06,51.65999984741211,49.779998779296875,51.47999954223633,50.11000061035156,8171400.0,50.02467727661133
2018-04-09,51.4900016784668,50.060001373291016,50.45000076293945,50.209999084472656,5578500.0,50.12450408935547
2018-04-10,51.56999969482422,50.58000183105469,51.060001373291016,51.5099983215332,6797100.0,51.42229080200195
2018-04-11,51.38999938964844,50.56999969482422,50.810001373291016,50.91999816894531,5428200.0,50.83329391479492
2018-04-12,52.15999984741211,51.119998931884766,51.369998931884766,51.72999954223633,4451700.0,51.64191818237305
2018-04-13,52.599998474121094,50.630001068115234,52.540000915527344,51.040000915527344,6443700.0,50.953094482421875
2018-04-16,53.189998626708984,51.79999923706055,52.0099983215332,53.08000183105469,8967800.0,52.989620208740234
2018-04-17,53.939998626708984,53.060001373291016,53.529998779296875,53.61000061035156,7139200.0,53.51871871948242
2018-04-18,53.779998779296875,52.11000061035156,53.709999084472656,52.18000030517578,7913900.0,52.09115219116211
2018-04-19,53.689998626708984,52.119998931884766,52.119998931884766,53.68000030517578,8837600.0,53.58859634399414
2018-04-20,55.599998474121094,53.400001525878906,53.63999938964844,54.9900016784668,10153500.0,54.89636993408203
2018-04-23,55.83000183105469,54.83000183105469,55.2400016784668,55.369998931884766,9128300.0,55.275718688964844
2018-04-24,56.27000045776367,53.9900016784668,55.77000045776367,54.4900016784668,9931700.0,54.397220611572266
2018-04-25,54.900001525878906,53.369998931884766,54.11000061035156,54.599998474121094,7878900.0,54.50703048706055
2018-04-26,55.779998779296875,54.2599983215332,54.810001373291016,55.650001525878906,7232900.0,55.55524444580078
2018-04-27,56.099998474121094,55.369998931884766,55.5,55.9900016784668,5342100.0,55.8946647644043
2018-04-30,56.41999816894531,55.66999816894531,56.20000076293945,55.68000030517578,5483800.0,55.5851936340332
2018-05-01,55.61000061035156,54.93000030517578,55.52000045776367,55.61000061035156,5150100.0,55.51531219482422
2018-05-02,56.220001220703125,54.95000076293945,55.34000015258789,55.650001525878906,5327800.0,55.55524444580078
2018-05-03,55.27000045776367,54.060001373291016,55.13999938964844,55.0,5869900.0,54.906349182128906
2018-05-04,56.459999084472656,54.279998779296875,54.619998931884766,56.09000015258789,5001500.0,55.9944953918457
2018-05-07,57.20000076293945,56.11000061035156,56.349998474121094,56.970001220703125,6278200.0,56.87299728393555
2018-05-08,57.61000061035156,56.790000915527344,56.88999938964844,57.29999923706055,7039300.0,57.20243453979492
2018-05-09,58.81999969482422,57.459999084472656,57.7400016784668,58.72999954223633,6119200.0,58.62999725341797
2018-05-10,59.22999954223633,58.08000183105469,58.470001220703125,59.0,6015300.0,59.0
2018-05-11,59.939998626708984,58.900001525878906,59.209999084472656,59.459999084472656,6452500.0,59.459999084472656
2018-05-14,59.75,58.43000030517578,59.59000015258789,58.93000030517578,6120300.0,58.93000030517578
2018-05-15,59.150001525878906,58.45000076293945,58.7400016784668,58.81999969482422,6439300.0,58.81999969482422
2018-05-16,59.27000045776367,58.66999816894531,58.779998779296875,58.880001068115234,7406800.0,58.880001068115234
2018-05-17,59.779998779296875,58.720001220703125,59.0,59.31999969482422,6028400.0,59.31999969482422
2018-05-18,59.47999954223633,58.880001068115234,59.290000915527344,59.13999938964844,3312000.0,59.13999938964844
2018-05-21,60.220001220703125,59.34000015258789,59.540000915527344,59.439998626708984,6876400.0,59.439998626708984
2018-05-22,60.040000915527344,59.47999954223633,59.66999816894531,59.59000015258789,6790400.0,59.59000015258789
2018-05-23,59.349998474121094,58.2599983215332,59.13999938964844,58.93000030517578,4948200.0,58.93000030517578
2018-05-24,58.650001525878906,57.400001525878906,58.58000183105469,58.13999938964844,7172000.0,58.13999938964844
2018-05-25,58.0099983215332,56.79999923706055,57.849998474121094,57.29999923706055,6375100.0,57.29999923706055
2018-05-29,56.7599983215332,54.810001373291016,56.4900016784668,55.13999938964844,8179900.0,55.13999938964844
2018-05-30,56.38999938964844,55.38999938964844,56.150001525878906,56.0099983215332,7637900.0,56.0099983215332
2018-05-31,56.2599983215332,55.43000030517578,55.849998474121094,55.619998931884766,9514300.0,55.619998931884766
2018-06-01,57.02000045776367,56.34000015258789,56.529998779296875,56.72999954223633,6432700.0,56.72999954223633
2018-06-04,57.2599983215332,56.65999984741211,57.09000015258789,56.86000061035156,4523400.0,56.86000061035156
2018-06-05,56.95000076293945,56.130001068115234,56.52000045776367,56.29999923706055,4364900.0,56.29999923706055
2018-06-06,57.95000076293945,56.630001068115234,56.630001068115234,57.95000076293945,4799300.0,57.95000076293945
2018-06-07,58.25,56.779998779296875,58.11000061035156,57.34000015258789,3851900.0,57.34000015258789
2018-06-08,57.77000045776367,56.959999084472656,57.290000915527344,57.72999954223633,2843600.0,57.72999954223633
2018-06-11,58.040000915527344,57.2599983215332,57.849998474121094,57.40999984741211,2732000.0,57.40999984741211
2018-06-12,57.7599983215332,56.97999954223633,57.70000076293945,57.310001373291016,3495400.0,57.310001373291016
2018-06-13,58.220001220703125,57.02000045776367,57.400001525878906,57.36000061035156,4353900.0,57.36000061035156
2018-06-14,57.83000183105469,56.0099983215332,57.59000015258789,56.61000061035156,6049700.0,56.61000061035156
2018-06-15,56.599998474121094,55.369998931884766,56.34000015258789,56.09000015258789,8367300.0,56.09000015258789
2018-06-18,55.70000076293945,55.02000045776367,55.45000076293945,55.47999954223633,5051700.0,55.47999954223633
2018-06-19,55.5099983215332,54.5099983215332,54.720001220703125,55.27000045776367,4881900.0,55.27000045776367
2018-06-20,56.150001525878906,55.38999938964844,55.470001220703125,55.540000915527344,3743900.0,55.540000915527344
2018-06-21,55.58000183105469,54.58000183105469,55.310001373291016,55.310001373291016,4311000.0,55.310001373291016
2018-06-22,55.84000015258789,54.849998474121094,55.790000915527344,54.900001525878906,6752000.0,54.900001525878906
2018-06-25,54.529998779296875,52.72999954223633,54.5,53.40999984741211,6193400.0,53.40999984741211
2018-06-26,53.689998626708984,53.0099983215332,53.439998626708984,53.06999969482422,5021400.0,53.06999969482422
2018-06-27,53.68000030517578,51.900001525878906,53.220001220703125,51.900001525878906,6768800.0,51.900001525878906
2018-06-28,52.04999923706055,51.11000061035156,51.900001525878906,51.709999084472656,7194100.0,51.709999084472656
2018-06-29,52.4900016784668,51.04999923706055,52.22999954223633,51.099998474121094,6827600.0,51.099998474121094
2018-07-02,51.33000183105469,50.31999969482422,50.560001373291016,51.29999923706055,6474800.0,51.29999923706055
2018-07-03,51.70000076293945,50.189998626708984,51.5,50.2400016784668,2490100.0,50.2400016784668
2018-07-05,50.56999969482422,49.41999816894531,50.56999969482422,49.47999954223633,8985400.0,49.47999954223633
2018-07-06,51.060001373291016,49.349998474121094,49.4900016784668,50.650001525878906,6753300.0,50.650001525878906
2018-07-09,52.02000045776367,50.84000015258789,50.900001525878906,51.900001525878906,6146200.0,51.900001525878906
2018-07-10,51.97999954223633,51.029998779296875,51.900001525878906,51.11000061035156,5354300.0,51.11000061035156
2018-07-11,51.02000045776367,50.2400016784668,50.709999084472656,50.470001220703125,6404600.0,50.470001220703125
2018-07-12,50.9900016784668,50.34000015258789,50.779998779296875,50.75,5749800.0,50.75
2018-07-13,50.779998779296875,49.900001525878906,50.720001220703125,50.619998931884766,4966000.0,50.619998931884766
2018-07-16,51.38999938964844,50.65999984741211,50.790000915527344,51.060001373291016,6211200.0,51.060001373291016
2018-07-17,53.779998779296875,52.4900016784668,52.529998779296875,52.880001068115234,8636700.0,52.880001068115234
2018-07-18,54.2599983215332,53.119998931884766,53.13999938964844,54.220001220703125,7565288.0,54.220001220703125
